-7.0000e+00     0.0000e+00  0.0000e+00  0.0000e+00 -0.0000e+00 -0.0000e+00 -0.0000e+00
-6.9833e+00     0.0000e+00  0.0000e+00  0.0000e+00 -0.0000e+00 -0.0000e+00 -0.0000e+00
-6.9667e+00     0.0000e+00  0.0000e+00  0.0000e+00 -0.0000e+00 -0.0000e+00 -0.0000e+00
-6.9500e+00     0.0000e+00  0.0000e+00  0.0000e+00 -0.0000e+00 -0.0000e+00 -0.0000e+00
-6.9333e+00     0.0000e+00  0.0000e+00  0.0000e+00 -0.0000e+00 -0.0000e+00 -0.0000e+00
-6.9167e+00     0.0000e+00  0.0000e+00  0.0000e+00 -0.0000e+00 -0.0000e+00 -0.0000e+00
-6.9000e+00     0.0000e+00  0.0000e+00  0.0000e+00 -0.0000e+00 -0.0000e+00 -0.0000e+00
-6.8833e+00     0.0000e+00  0.0000e+00  0.0000e+00 -0.0000e+00 -0.0000e+00 -0.0000e+00
-6.8667e+00     0.0000e+00  0.0000e+00  0.0000e+00 -0.0000e+00 -0.0000e+00 -0.0000e+00
-6.8500e+00     0.0000e+00  0.0000e+00  0.0000e+00 -0.0000e+00 -0.0000e+00 -0.0000e+00
-6.8333e+00     0.0000e+00  0.0000e+00  0.0000e+00 -0.0000e+00 -0.0000e+00 -0.0000e+00
-6.8167e+00     0.0000e+00  0.0000e+00  0.0000e+00 -0.0000e+00 -0.0000e+00 -0.0000e+00
-6.8000e+00     0.0000e+00  0.0000e+00  0.0000e+00 -0.0000e+00 -0.0000e+00 -0.0000e+00
-6.7833e+00     0.0000e+00  0.0000e+00  0.0000e+00 -0.0000e+00 -0.0000e+00 -0.0000e+00
-6.7667e+00     0.0000e+00  0.0000e+00  0.0000e+00 -0.0000e+00 -0.0000e+00 -0.0000e+00
-6.7500e+00     0.0000e+00  0.0000e+00  0.0000e+00 -0.0000e+00 -0.0000e+00 -0.0000e+00
-6.7333e+00     0.0000e+00  0.0000e+00  0.0000e+00 -0.0000e+00 -0.0000e+00 -0.0000e+00
-6.7167e+00     0.0000e+00  0.0000e+00  0.0000e+00 -0.0000e+00 -0.0000e+00 -0.0000e+00
-6.7000e+00     0.0000e+00  0.0000e+00  0.0000e+00 -0.0000e+00 -0.0000e+00 -0.0000e+00
-6.6833e+00     0.0000e+00  0.0000e+00  0.0000e+00 -0.0000e+00 -0.0000e+00 -0.0000e+00
-6.6667e+00     0.0000e+00  0.0000e+00  0.0000e+00 -0.0000e+00 -0.0000e+00 -0.0000e+00
-6.6500e+00     0.0000e+00  0.0000e+00  0.0000e+00 -0.0000e+00 -0.0000e+00 -0.0000e+00
-6.6333e+00     0.0000e+00  0.0000e+00  0.0000e+00 -0.0000e+00 -0.0000e+00 -0.0000e+00
-6.6167e+00     2.8770e-02  2.8935e-04  2.6703e-04 -2.8770e-02 -2.8935e-04 -2.6703e-04
-6.6000e+00     7.7639e+00  1.4809e-01  2.0347e-01 -7.7639e+00 -1.4809e-01 -2.0347e-01
-6.5833e+00     4.5577e+00  8.6494e-02  1.2844e-01 -4.5577e+00 -8.6494e-02 -1.2844e-01
-6.5667e+00     7.2770e+00  1.1273e-01  1.7439e-01 -7.2770e+00 -1.1273e-01 -1.7439e-01
-6.5500e+00     1.1496e+01  2.2249e-01  3.0606e-01 -1.1496e+01 -2.2249e-01 -3.0606e-01
-6.5333e+00     4.1037e+00  7.0724e-02  1.0606e-01 -4.1037e+00 -7.0724e-02 -1.0606e-01
-6.5167e+00     7.5045e+00  1.3083e-01  1.8028e-01 -7.5045e+00 -1.3083e-01 -1.8028e-01
-6.5000e+00     5.3064e+00  6.8255e-02  1.1536e-01 -5.3064e+00 -6.8255e-02 -1.1536e-01
-6.4833e+00     5.9643e+00  6.1936e-02  1.1230e-01 -5.9642e+00 -6.1936e-02 -1.1230e-01
-6.4667e+00     9.7853e+00  1.1297e-01  1.7786e-01 -9.7853e+00 -1.1297e-01 -1.7786e-01
-6.4500e+00     1.0247e+00  8.3199e-03  2.1453e-02 -1.0247e+00 -8.3199e-03 -2.1453e-02
-6.4333e+00     1.0041e+01  1.1631e-01  1.7778e-01 -1.0041e+01 -1.1631e-01 -1.7778e-01
-6.4167e+00     5.5533e+00  4.9872e-02  7.7975e-02 -5.5533e+00 -4.9872e-02 -7.7975e-02
-6.4000e+00     5.7698e+00  6.5301e-02  1.0803e-01 -5.7698e+00 -6.5301e-02 -1.0803e-01
-6.3833e+00     1.2202e+01  1.3127e-01  2.0847e-01 -1.2202e+01 -1.3127e-01 -2.0847e-01
-6.3667e+00     3.0593e+00  2.8646e-02  5.1575e-02 -3.0593e+00 -2.8646e-02 -5.1575e-02
-6.3500e+00     5.8688e+00  7.3532e-02  1.3225e-01 -5.8688e+00 -7.3532e-02 -1.3225e-01
-6.3333e+00     1.1544e+01  1.4300e-01  2.2930e-01 -1.1544e+01 -1.4300e-01 -2.2930e-01
-6.3167e+00     4.3283e+00  5.7463e-02  8.6179e-02 -4.3283e+00 -5.7463e-02 -8.6179e-02
-6.3000e+00     4.9159e+00  7.3065e-02  8.5253e-02 -4.9159e+00 -7.3065e-02 -8.5253e-02
-6.2833e+00     4.9063e+00  6.7889e-02  7.0062e-02 -4.9063e+00 -6.7889e-02 -7.0062e-02
-6.2667e+00     6.6664e+00  9.2146e-02  9.7861e-02 -6.6664e+00 -9.2146e-02 -9.7861e-02
-6.2500e+00     5.9089e+00  9.6085e-02  9.4582e-02 -5.9089e+00 -9.6085e-02 -9.4582e-02
-6.2333e+00     5.8465e+00  8.5545e-02  8.3557e-02 -5.8465e+00 -8.5545e-02 -8.3557e-02
-6.2167e+00     5.2148e+00  7.8031e-02  1.0520e-01 -5.2148e+00 -7.8031e-02 -1.0520e-01
-6.2000e+00     7.6878e+00  9.1709e-02  1.2531e-01 -7.6878e+00 -9.1709e-02 -1.2531e-01
-6.1833e+00     7.8860e+00  1.1118e-01  1.4576e-01 -7.8860e+00 -1.1118e-01 -1.4576e-01
-6.1667e+00     7.6470e+00  1.3367e-01  1.3424e-01 -7.6470e+00 -1.3367e-01 -1.3424e-01
-6.1500e+00     1.2406e+01  2.4735e-01  2.2269e-01 -1.2406e+01 -2.4735e-01 -2.2269e-01
-6.1333e+00     6.8350e+00  1.2189e-01  1.2610e-01 -6.8350e+00 -1.2189e-01 -1.2610e-01
-6.1167e+00     6.3838e+00  1.0326e-01  1.3946e-01 -6.3838e+00 -1.0326e-01 -1.3946e-01
-6.1000e+00     6.3214e+00  1.0920e-01  1.5228e-01 -6.3214e+00 -1.0920e-01 -1.5228e-01
-6.0833e+00     4.4321e+00  7.6483e-02  8.6930e-02 -4.4321e+00 -7.6483e-02 -8.6930e-02
-6.0667e+00     7.5692e+00  1.2144e-01  1.8016e-01 -7.5692e+00 -1.2144e-01 -1.8016e-01
-6.0500e+00     5.9518e+00  8.0157e-02  1.3968e-01 -5.9518e+00 -8.0157e-02 -1.3968e-01
-6.0333e+00     1.9933e+00  3.2868e-02  4.4603e-02 -1.9933e+00 -3.2868e-02 -4.4603e-02
-6.0167e+00     8.7506e+00  1.5944e-01  1.1286e-01 -8.7506e+00 -1.5944e-01 -1.1286e-01
-6.0000e+00     4.1397e+00  7.3743e-02  6.7410e-02 -4.1397e+00 -7.3743e-02 -6.7410e-02
-5.9833e+00     7.0249e+00  1.0969e-01  6.6770e-02 -7.0249e+00 -1.0969e-01 -6.6770e-02
-5.9667e+00     4.6896e+00  8.6897e-02  5.6976e-02 -4.6896e+00 -8.6897e-02 -5.6976e-02
-5.9500e+00     3.9833e+00  6.1288e-02  5.2047e-02 -3.9833e+00 -6.1288e-02 -5.2047e-02
-5.9333e+00     1.0552e+01  1.9476e-01  1.5020e-01 -1.0552e+01 -1.9476e-01 -1.5020e-01
-5.9167e+00     2.9203e-01  8.5064e-03  3.7503e-03 -2.9203e-01 -8.5064e-03 -3.7503e-03
-5.9000e+00     4.3472e+00  5.7327e-02  3.6623e-02 -4.3472e+00 -5.7327e-02 -3.6623e-02
-5.8833e+00     5.9243e+00  7.6728e-02  5.3096e-02 -5.9243e+00 -7.6728e-02 -5.3096e-02
-5.8667e+00     2.5802e+00  3.7666e-02  2.1976e-02 -2.5802e+00 -3.7666e-02 -2.1976e-02
-5.8500e+00     5.2903e+00  1.2389e-01  4.5059e-02 -5.2903e+00 -1.2389e-01 -4.5059e-02
-5.8333e+00     4.5858e+00  1.8915e-01  4.0142e-02 -4.5858e+00 -1.8915e-01 -4.0142e-02
-5.8167e+00     1.5575e+00  6.4142e-02  9.9810e-03 -1.5575e+00 -6.4142e-02 -9.9810e-03
-5.8000e+00     5.5194e+00  1.6551e-01  4.4803e-02 -5.5194e+00 -1.6551e-01 -4.4803e-02
-5.7833e+00     3.2634e+00  8.2035e-02  2.8105e-02 -3.2634e+00 -8.2035e-02 -2.8105e-02
-5.7667e+00     3.9396e+00  9.9539e-02  3.2754e-02 -3.9396e+00 -9.9539e-02 -3.2754e-02
-5.7500e+00     4.0117e+00  1.2716e-01  3.8894e-02 -4.0117e+00 -1.2716e-01 -3.8894e-02
-5.7333e+00     6.0444e+00  1.6912e-01  6.9372e-02 -6.0444e+00 -1.6912e-01 -6.9372e-02
-5.7167e+00     7.0188e+00  2.4366e-01  6.9262e-02 -7.0188e+00 -2.4366e-01 -6.9262e-02
-5.7000e+00     3.1773e+00  1.2359e-01  2.1221e-02 -3.1773e+00 -1.2359e-01 -2.1221e-02
-5.6833e+00     2.9691e+00  9.4110e-02  1.7630e-02 -2.9691e+00 -9.4110e-02 -1.7630e-02
-5.6667e+00     5.5011e+00  1.3307e-01  3.2627e-02 -5.5011e+00 -1.3307e-01 -3.2627e-02
-5.6500e+00     4.6892e+00  8.3441e-02  2.5630e-02 -4.6892e+00 -8.3441e-02 -2.5630e-02
-5.6333e+00     6.0384e-01  1.0489e-02  2.0186e-03 -6.0384e-01 -1.0489e-02 -2.0186e-03
-5.6167e+00     5.2900e+00  1.2707e-01  2.1508e-02 -5.2900e+00 -1.2707e-01 -2.1508e-02
-5.6000e+00     5.9976e+00  2.1322e-01  3.2276e-02 -5.9976e+00 -2.1322e-01 -3.2276e-02
-5.5833e+00     2.3148e+00  7.1610e-02  1.2922e-02 -2.3148e+00 -7.1610e-02 -1.2922e-02
-5.5667e+00     3.1741e+00  4.1313e-02  2.7768e-02 -3.1741e+00 -4.1313e-02 -2.7768e-02
-5.5500e+00     4.2626e+00  4.9237e-02  2.8095e-02 -4.2626e+00 -4.9237e-02 -2.8095e-02
-5.5333e+00     4.0433e+00  2.7414e-02  2.4634e-02 -4.0433e+00 -2.7413e-02 -2.4634e-02
-5.5167e+00     1.2960e+00  8.0606e-03  6.9205e-03 -1.2960e+00 -8.0606e-03 -6.9205e-03
-5.5000e+00     4.4280e+00  4.0604e-02  2.1316e-02 -4.4280e+00 -4.0604e-02 -2.1316e-02
-5.4833e+00     5.0774e+00  7.4741e-02  3.4846e-02 -5.0774e+00 -7.4741e-02 -3.4846e-02
-5.4667e+00     2.1955e+00  3.3553e-02  1.6355e-02 -2.1955e+00 -3.3553e-02 -1.6355e-02
-5.4500e+00     1.9162e+00  2.9429e-02  2.3156e-02 -1.9162e+00 -2.9429e-02 -2.3156e-02
-5.4333e+00     1.3091e+01  2.1331e-01  1.6233e-01 -1.3091e+01 -2.1331e-01 -1.6233e-01
-5.4167e+00     1.4278e+00  2.0622e-02  1.3241e-02 -1.4278e+00 -2.0622e-02 -1.3241e-02
-5.4000e+00     4.6643e+00  3.0361e-02  6.3926e-02 -4.6643e+00 -3.0361e-02 -6.3926e-02
-5.3833e+00     4.5835e+00  2.2661e-02  7.1219e-02 -4.5835e+00 -2.2661e-02 -7.1219e-02
-5.3667e+00     8.8940e-01  3.9171e-03  1.3341e-02 -8.8940e-01 -3.9171e-03 -1.3341e-02
-5.3500e+00     2.1702e+00  1.0954e-02  2.4916e-02 -2.1702e+00 -1.0954e-02 -2.4916e-02
-5.3333e+00     5.5428e+00  1.7671e-02  6.0304e-02 -5.5428e+00 -1.7671e-02 -6.0304e-02
-5.3167e+00     4.0698e+00  8.1594e-03  2.3265e-02 -4.0698e+00 -8.1594e-03 -2.3265e-02
-5.3000e+00     9.5102e-01  3.8245e-03  1.8556e-02 -9.5102e-01 -3.8245e-03 -1.8556e-02
-5.2833e+00     2.1146e+00  8.5183e-03  4.2948e-02 -2.1146e+00 -8.5184e-03 -4.2948e-02
-5.2667e+00     2.7191e+00  8.3332e-03  3.6080e-02 -2.7191e+00 -8.3332e-03 -3.6080e-02
-5.2500e+00     2.0201e+00  5.6674e-03  2.9675e-02 -2.0201e+00 -5.6674e-03 -2.9675e-02
-5.2333e+00     1.7863e+00  4.9733e-03  2.9896e-02 -1.7863e+00 -4.9733e-03 -2.9896e-02
-5.2167e+00     1.1755e+00  2.8086e-03  2.2195e-02 -1.1755e+00 -2.8086e-03 -2.2195e-02
-5.2000e+00     9.5406e-01  2.2734e-03  1.9445e-02 -9.5406e-01 -2.2734e-03 -1.9445e-02
-5.1833e+00     4.7577e-01  1.3404e-03  1.1205e-02 -4.7577e-01 -1.3404e-03 -1.1205e-02
-5.1667e+00     0.0000e+00  0.0000e+00  0.0000e+00 -0.0000e+00 -0.0000e+00 -0.0000e+00
-5.1500e+00     8.3990e-01  3.2201e-03  1.3821e-02 -8.3990e-01 -3.2201e-03 -1.3821e-02
-5.1333e+00     1.9894e+00  6.2592e-03  3.0793e-02 -1.9894e+00 -6.2592e-03 -3.0793e-02
-5.1167e+00     2.5795e+00  6.5281e-03  3.7020e-02 -2.5795e+00 -6.5281e-03 -3.7020e-02
-5.1000e+00     2.1358e+00  4.7480e-03  2.7502e-02 -2.1358e+00 -4.7480e-03 -2.7502e-02
-5.0833e+00     2.6267e+00  4.9539e-03  3.0884e-02 -2.6267e+00 -4.9539e-03 -3.0884e-02
-5.0667e+00     1.9747e+00  3.4290e-03  2.6721e-02 -1.9747e+00 -3.4290e-03 -2.6721e-02
-5.0500e+00     0.0000e+00  0.0000e+00  0.0000e+00 -0.0000e+00 -0.0000e+00 -0.0000e+00
-5.0333e+00     1.5826e-01  1.3686e-04  2.4340e-03 -1.5826e-01 -1.3686e-04 -2.4340e-03
-5.0167e+00     2.2777e+00  2.7722e-03  3.7473e-02 -2.2777e+00 -2.7722e-03 -3.7473e-02
-5.0000e+00     3.2702e+00  4.0591e-03  5.3537e-02 -3.2702e+00 -4.0591e-03 -5.3537e-02
-4.9833e+00     4.0689e+00  4.0100e-03  6.0817e-02 -4.0689e+00 -4.0100e-03 -6.0817e-02
-4.9667e+00     1.1150e+00  9.0338e-04  1.4721e-02 -1.1150e+00 -9.0338e-04 -1.4721e-02
-4.9500e+00     5.9377e+00  3.5619e-03  8.8426e-02 -5.9377e+00 -3.5619e-03 -8.8426e-02
-4.9333e+00     4.7931e+00  4.0679e-03  5.7695e-02 -4.7931e+00 -4.0679e-03 -5.7695e-02
-4.9167e+00     1.9766e+00  1.0240e-03  2.3034e-02 -1.9766e+00 -1.0240e-03 -2.3034e-02
-4.9000e+00     0.0000e+00  0.0000e+00  0.0000e+00 -0.0000e+00 -0.0000e+00 -0.0000e+00
-4.8833e+00     0.0000e+00  0.0000e+00  0.0000e+00 -0.0000e+00 -0.0000e+00 -0.0000e+00
-4.8667e+00     0.0000e+00  0.0000e+00  0.0000e+00 -0.0000e+00 -0.0000e+00 -0.0000e+00
-4.8500e+00     0.0000e+00  0.0000e+00  0.0000e+00 -0.0000e+00 -0.0000e+00 -0.0000e+00
-4.8333e+00     0.0000e+00  0.0000e+00  0.0000e+00 -0.0000e+00 -0.0000e+00 -0.0000e+00
-4.8167e+00     0.0000e+00  0.0000e+00  0.0000e+00 -0.0000e+00 -0.0000e+00 -0.0000e+00
-4.8000e+00     0.0000e+00  0.0000e+00  0.0000e+00 -0.0000e+00 -0.0000e+00 -0.0000e+00
-4.7833e+00     0.0000e+00  0.0000e+00  0.0000e+00 -0.0000e+00 -0.0000e+00 -0.0000e+00
-4.7667e+00     0.0000e+00  0.0000e+00  0.0000e+00 -0.0000e+00 -0.0000e+00 -0.0000e+00
-4.7500e+00     0.0000e+00  0.0000e+00  0.0000e+00 -0.0000e+00 -0.0000e+00 -0.0000e+00
-4.7333e+00     0.0000e+00  0.0000e+00  0.0000e+00 -0.0000e+00 -0.0000e+00 -0.0000e+00
-4.7167e+00     0.0000e+00  0.0000e+00  0.0000e+00 -0.0000e+00 -0.0000e+00 -0.0000e+00
-4.7000e+00     1.2103e+00  2.8374e-04  4.1023e-04 -1.2103e+00 -2.8374e-04 -4.1023e-04
-4.6833e+00     3.7648e+00  6.7192e-04  1.2171e-03 -3.7648e+00 -6.7192e-04 -1.2171e-03
-4.6667e+00     3.5666e+00  5.6337e-04  1.2657e-03 -3.5666e+00 -5.6337e-04 -1.2657e-03
-4.6500e+00     3.6600e+00  4.8718e-04  1.7068e-03 -3.6600e+00 -4.8718e-04 -1.7068e-03
-4.6333e+00     0.0000e+00  0.0000e+00  0.0000e+00 -0.0000e+00 -0.0000e+00 -0.0000e+00
-4.6167e+00     0.0000e+00  0.0000e+00  0.0000e+00 -0.0000e+00 -0.0000e+00 -0.0000e+00
-4.6000e+00     0.0000e+00  0.0000e+00  0.0000e+00 -0.0000e+00 -0.0000e+00 -0.0000e+00
-4.5833e+00     0.0000e+00  0.0000e+00  0.0000e+00 -0.0000e+00 -0.0000e+00 -0.0000e+00
-4.5667e+00     0.0000e+00  0.0000e+00  0.0000e+00 -0.0000e+00 -0.0000e+00 -0.0000e+00
-4.5500e+00     0.0000e+00  0.0000e+00  0.0000e+00 -0.0000e+00 -0.0000e+00 -0.0000e+00
-4.5333e+00     5.2741e+00  7.0169e-03  9.6793e-04 -5.2741e+00 -7.0169e-03 -9.6794e-04
-4.5167e+00     0.0000e+00  0.0000e+00  0.0000e+00 -0.0000e+00 -0.0000e+00 -0.0000e+00
-4.5000e+00     0.0000e+00  0.0000e+00  0.0000e+00 -0.0000e+00 -0.0000e+00 -0.0000e+00
-4.4833e+00     0.0000e+00  0.0000e+00  0.0000e+00 -0.0000e+00 -0.0000e+00 -0.0000e+00
-4.4667e+00     0.0000e+00  0.0000e+00  0.0000e+00 -0.0000e+00 -0.0000e+00 -0.0000e+00
-4.4500e+00     0.0000e+00  0.0000e+00  0.0000e+00 -0.0000e+00 -0.0000e+00 -0.0000e+00
-4.4333e+00     6.0747e-01  1.2842e-04  2.6956e-04 -6.0747e-01 -1.2842e-04 -2.6956e-04
-4.4167e+00     8.9278e+00  1.2008e-03  2.5013e-03 -8.9278e+00 -1.2008e-03 -2.5013e-03
-4.4000e+00     4.6862e-01  6.0124e-05  7.3907e-05 -4.6862e-01 -6.0124e-05 -7.3907e-05
-4.3833e+00     0.0000e+00  0.0000e+00  0.0000e+00 -0.0000e+00 -0.0000e+00 -0.0000e+00
-4.3667e+00     0.0000e+00  0.0000e+00  0.0000e+00 -0.0000e+00 -0.0000e+00 -0.0000e+00
-4.3500e+00     0.0000e+00  0.0000e+00  0.0000e+00 -0.0000e+00 -0.0000e+00 -0.0000e+00
-4.3333e+00     0.0000e+00  0.0000e+00  0.0000e+00 -0.0000e+00 -0.0000e+00 -0.0000e+00
-4.3167e+00     0.0000e+00  0.0000e+00  0.0000e+00 -0.0000e+00 -0.0000e+00 -0.0000e+00
-4.3000e+00     0.0000e+00  0.0000e+00  0.0000e+00 -0.0000e+00 -0.0000e+00 -0.0000e+00
-4.2833e+00     0.0000e+00  0.0000e+00  0.0000e+00 -0.0000e+00 -0.0000e+00 -0.0000e+00
-4.2667e+00     0.0000e+00  0.0000e+00  0.0000e+00 -0.0000e+00 -0.0000e+00 -0.0000e+00
-4.2500e+00     0.0000e+00  0.0000e+00  0.0000e+00 -0.0000e+00 -0.0000e+00 -0.0000e+00
-4.2333e+00     0.0000e+00  0.0000e+00  0.0000e+00 -0.0000e+00 -0.0000e+00 -0.0000e+00
-4.2167e+00     8.3840e+00  7.9815e-03  8.0996e-03 -8.3839e+00 -7.9815e-03 -8.0996e-03
-4.2000e+00     0.0000e+00  0.0000e+00  0.0000e+00 -0.0000e+00 -0.0000e+00 -0.0000e+00
-4.1833e+00     0.0000e+00  0.0000e+00  0.0000e+00 -0.0000e+00 -0.0000e+00 -0.0000e+00
-4.1667e+00     0.0000e+00  0.0000e+00  0.0000e+00 -0.0000e+00 -0.0000e+00 -0.0000e+00
-4.1500e+00     0.0000e+00  0.0000e+00  0.0000e+00 -0.0000e+00 -0.0000e+00 -0.0000e+00
-4.1333e+00     0.0000e+00  0.0000e+00  0.0000e+00 -0.0000e+00 -0.0000e+00 -0.0000e+00
-4.1167e+00     0.0000e+00  0.0000e+00  0.0000e+00 -0.0000e+00 -0.0000e+00 -0.0000e+00
-4.1000e+00     0.0000e+00  0.0000e+00  0.0000e+00 -0.0000e+00 -0.0000e+00 -0.0000e+00
-4.0833e+00     0.0000e+00  0.0000e+00  0.0000e+00 -0.0000e+00 -0.0000e+00 -0.0000e+00
-4.0667e+00     0.0000e+00  0.0000e+00  0.0000e+00 -0.0000e+00 -0.0000e+00 -0.0000e+00
-4.0500e+00     0.0000e+00  0.0000e+00  0.0000e+00 -0.0000e+00 -0.0000e+00 -0.0000e+00
-4.0333e+00     0.0000e+00  0.0000e+00  0.0000e+00 -0.0000e+00 -0.0000e+00 -0.0000e+00
-4.0167e+00     0.0000e+00  0.0000e+00  0.0000e+00 -0.0000e+00 -0.0000e+00 -0.0000e+00
-4.0000e+00     0.0000e+00  0.0000e+00  0.0000e+00 -0.0000e+00 -0.0000e+00 -0.0000e+00
-3.9833e+00     0.0000e+00  0.0000e+00  0.0000e+00 -0.0000e+00 -0.0000e+00 -0.0000e+00
-3.9667e+00     0.0000e+00  0.0000e+00  0.0000e+00 -0.0000e+00 -0.0000e+00 -0.0000e+00
-3.9500e+00     0.0000e+00  0.0000e+00  0.0000e+00 -0.0000e+00 -0.0000e+00 -0.0000e+00
-3.9333e+00     0.0000e+00  0.0000e+00  0.0000e+00 -0.0000e+00 -0.0000e+00 -0.0000e+00
-3.9167e+00     0.0000e+00  0.0000e+00  0.0000e+00 -0.0000e+00 -0.0000e+00 -0.0000e+00
-3.9000e+00     0.0000e+00  0.0000e+00  0.0000e+00 -0.0000e+00 -0.0000e+00 -0.0000e+00
-3.8833e+00     0.0000e+00  0.0000e+00  0.0000e+00 -0.0000e+00 -0.0000e+00 -0.0000e+00
-3.8667e+00     0.0000e+00  0.0000e+00  0.0000e+00 -0.0000e+00 -0.0000e+00 -0.0000e+00
-3.8500e+00     0.0000e+00  0.0000e+00  0.0000e+00 -0.0000e+00 -0.0000e+00 -0.0000e+00
-3.8333e+00     0.0000e+00  0.0000e+00  0.0000e+00 -0.0000e+00 -0.0000e+00 -0.0000e+00
-3.8167e+00     0.0000e+00  0.0000e+00  0.0000e+00 -0.0000e+00 -0.0000e+00 -0.0000e+00
-3.8000e+00     0.0000e+00  0.0000e+00  0.0000e+00 -0.0000e+00 -0.0000e+00 -0.0000e+00
-3.7833e+00     0.0000e+00  0.0000e+00  0.0000e+00 -0.0000e+00 -0.0000e+00 -0.0000e+00
-3.7667e+00     0.0000e+00  0.0000e+00  0.0000e+00 -0.0000e+00 -0.0000e+00 -0.0000e+00
-3.7500e+00     0.0000e+00  0.0000e+00  0.0000e+00 -0.0000e+00 -0.0000e+00 -0.0000e+00
-3.7333e+00     0.0000e+00  0.0000e+00  0.0000e+00 -0.0000e+00 -0.0000e+00 -0.0000e+00
-3.7167e+00     0.0000e+00  0.0000e+00  0.0000e+00 -0.0000e+00 -0.0000e+00 -0.0000e+00
-3.7000e+00     0.0000e+00  0.0000e+00  0.0000e+00 -0.0000e+00 -0.0000e+00 -0.0000e+00
-3.6833e+00     0.0000e+00  0.0000e+00  0.0000e+00 -0.0000e+00 -0.0000e+00 -0.0000e+00
-3.6667e+00     0.0000e+00  0.0000e+00  0.0000e+00 -0.0000e+00 -0.0000e+00 -0.0000e+00
-3.6500e+00     0.0000e+00  0.0000e+00  0.0000e+00 -0.0000e+00 -0.0000e+00 -0.0000e+00
-3.6333e+00     0.0000e+00  0.0000e+00  0.0000e+00 -0.0000e+00 -0.0000e+00 -0.0000e+00
-3.6167e+00     0.0000e+00  0.0000e+00  0.0000e+00 -0.0000e+00 -0.0000e+00 -0.0000e+00
-3.6000e+00     0.0000e+00  0.0000e+00  0.0000e+00 -0.0000e+00 -0.0000e+00 -0.0000e+00
-3.5833e+00     0.0000e+00  0.0000e+00  0.0000e+00 -0.0000e+00 -0.0000e+00 -0.0000e+00
-3.5667e+00     0.0000e+00  0.0000e+00  0.0000e+00 -0.0000e+00 -0.0000e+00 -0.0000e+00
-3.5500e+00     0.0000e+00  0.0000e+00  0.0000e+00 -0.0000e+00 -0.0000e+00 -0.0000e+00
-3.5333e+00     0.0000e+00  0.0000e+00  0.0000e+00 -0.0000e+00 -0.0000e+00 -0.0000e+00
-3.5167e+00     0.0000e+00  0.0000e+00  0.0000e+00 -0.0000e+00 -0.0000e+00 -0.0000e+00
-3.5000e+00     0.0000e+00  0.0000e+00  0.0000e+00 -0.0000e+00 -0.0000e+00 -0.0000e+00
-3.4833e+00     0.0000e+00  0.0000e+00  0.0000e+00 -0.0000e+00 -0.0000e+00 -0.0000e+00
-3.4667e+00     0.0000e+00  0.0000e+00  0.0000e+00 -0.0000e+00 -0.0000e+00 -0.0000e+00
-3.4500e+00     0.0000e+00  0.0000e+00  0.0000e+00 -0.0000e+00 -0.0000e+00 -0.0000e+00
-3.4333e+00     0.0000e+00  0.0000e+00  0.0000e+00 -0.0000e+00 -0.0000e+00 -0.0000e+00
-3.4167e+00     0.0000e+00  0.0000e+00  0.0000e+00 -0.0000e+00 -0.0000e+00 -0.0000e+00
-3.4000e+00     0.0000e+00  0.0000e+00  0.0000e+00 -0.0000e+00 -0.0000e+00 -0.0000e+00
-3.3833e+00     0.0000e+00  0.0000e+00  0.0000e+00 -0.0000e+00 -0.0000e+00 -0.0000e+00
-3.3667e+00     0.0000e+00  0.0000e+00  0.0000e+00 -0.0000e+00 -0.0000e+00 -0.0000e+00
-3.3500e+00     0.0000e+00  0.0000e+00  0.0000e+00 -0.0000e+00 -0.0000e+00 -0.0000e+00
-3.3333e+00     0.0000e+00  0.0000e+00  0.0000e+00 -0.0000e+00 -0.0000e+00 -0.0000e+00
-3.3167e+00     0.0000e+00  0.0000e+00  0.0000e+00 -0.0000e+00 -0.0000e+00 -0.0000e+00
-3.3000e+00     0.0000e+00  0.0000e+00  0.0000e+00 -0.0000e+00 -0.0000e+00 -0.0000e+00
-3.2833e+00     0.0000e+00  0.0000e+00  0.0000e+00 -0.0000e+00 -0.0000e+00 -0.0000e+00
-3.2667e+00     0.0000e+00  0.0000e+00  0.0000e+00 -0.0000e+00 -0.0000e+00 -0.0000e+00
-3.2500e+00     0.0000e+00  0.0000e+00  0.0000e+00 -0.0000e+00 -0.0000e+00 -0.0000e+00
-3.2333e+00     0.0000e+00  0.0000e+00  0.0000e+00 -0.0000e+00 -0.0000e+00 -0.0000e+00
-3.2167e+00     0.0000e+00  0.0000e+00  0.0000e+00 -0.0000e+00 -0.0000e+00 -0.0000e+00
-3.2000e+00     0.0000e+00  0.0000e+00  0.0000e+00 -0.0000e+00 -0.0000e+00 -0.0000e+00
-3.1833e+00     0.0000e+00  0.0000e+00  0.0000e+00 -0.0000e+00 -0.0000e+00 -0.0000e+00
-3.1667e+00     0.0000e+00  0.0000e+00  0.0000e+00 -0.0000e+00 -0.0000e+00 -0.0000e+00
-3.1500e+00     0.0000e+00  0.0000e+00  0.0000e+00 -0.0000e+00 -0.0000e+00 -0.0000e+00
-3.1333e+00     0.0000e+00  0.0000e+00  0.0000e+00 -0.0000e+00 -0.0000e+00 -0.0000e+00
-3.1167e+00     0.0000e+00  0.0000e+00  0.0000e+00 -0.0000e+00 -0.0000e+00 -0.0000e+00
-3.1000e+00     0.0000e+00  0.0000e+00  0.0000e+00 -0.0000e+00 -0.0000e+00 -0.0000e+00
-3.0833e+00     0.0000e+00  0.0000e+00  0.0000e+00 -0.0000e+00 -0.0000e+00 -0.0000e+00
-3.0667e+00     0.0000e+00  0.0000e+00  0.0000e+00 -0.0000e+00 -0.0000e+00 -0.0000e+00
-3.0500e+00     0.0000e+00  0.0000e+00  0.0000e+00 -0.0000e+00 -0.0000e+00 -0.0000e+00
-3.0333e+00     0.0000e+00  0.0000e+00  0.0000e+00 -0.0000e+00 -0.0000e+00 -0.0000e+00
-3.0167e+00     0.0000e+00  0.0000e+00  0.0000e+00 -0.0000e+00 -0.0000e+00 -0.0000e+00
-3.0000e+00     0.0000e+00  0.0000e+00  0.0000e+00 -0.0000e+00 -0.0000e+00 -0.0000e+00
-2.9833e+00     0.0000e+00  0.0000e+00  0.0000e+00 -0.0000e+00 -0.0000e+00 -0.0000e+00
-2.9667e+00     0.0000e+00  0.0000e+00  0.0000e+00 -0.0000e+00 -0.0000e+00 -0.0000e+00
-2.9500e+00     0.0000e+00  0.0000e+00  0.0000e+00 -0.0000e+00 -0.0000e+00 -0.0000e+00
-2.9333e+00     0.0000e+00  0.0000e+00  0.0000e+00 -0.0000e+00 -0.0000e+00 -0.0000e+00
-2.9167e+00     0.0000e+00  0.0000e+00  0.0000e+00 -0.0000e+00 -0.0000e+00 -0.0000e+00
-2.9000e+00     0.0000e+00  0.0000e+00  0.0000e+00 -0.0000e+00 -0.0000e+00 -0.0000e+00
-2.8833e+00     0.0000e+00  0.0000e+00  0.0000e+00 -0.0000e+00 -0.0000e+00 -0.0000e+00
-2.8667e+00     0.0000e+00  0.0000e+00  0.0000e+00 -0.0000e+00 -0.0000e+00 -0.0000e+00
-2.8500e+00     0.0000e+00  0.0000e+00  0.0000e+00 -0.0000e+00 -0.0000e+00 -0.0000e+00
-2.8333e+00     0.0000e+00  0.0000e+00  0.0000e+00 -0.0000e+00 -0.0000e+00 -0.0000e+00
-2.8167e+00     0.0000e+00  0.0000e+00  0.0000e+00 -0.0000e+00 -0.0000e+00 -0.0000e+00
-2.8000e+00     0.0000e+00  0.0000e+00  0.0000e+00 -0.0000e+00 -0.0000e+00 -0.0000e+00
-2.7833e+00     0.0000e+00  0.0000e+00  0.0000e+00 -0.0000e+00 -0.0000e+00 -0.0000e+00
-2.7667e+00     0.0000e+00  0.0000e+00  0.0000e+00 -0.0000e+00 -0.0000e+00 -0.0000e+00
-2.7500e+00     0.0000e+00  0.0000e+00  0.0000e+00 -0.0000e+00 -0.0000e+00 -0.0000e+00
-2.7333e+00     0.0000e+00  0.0000e+00  0.0000e+00 -0.0000e+00 -0.0000e+00 -0.0000e+00
-2.7167e+00     0.0000e+00  0.0000e+00  0.0000e+00 -0.0000e+00 -0.0000e+00 -0.0000e+00
-2.7000e+00     0.0000e+00  0.0000e+00  0.0000e+00 -0.0000e+00 -0.0000e+00 -0.0000e+00
-2.6833e+00     0.0000e+00  0.0000e+00  0.0000e+00 -0.0000e+00 -0.0000e+00 -0.0000e+00
-2.6667e+00     0.0000e+00  0.0000e+00  0.0000e+00 -0.0000e+00 -0.0000e+00 -0.0000e+00
-2.6500e+00     0.0000e+00  0.0000e+00  0.0000e+00 -0.0000e+00 -0.0000e+00 -0.0000e+00
-2.6333e+00     0.0000e+00  0.0000e+00  0.0000e+00 -0.0000e+00 -0.0000e+00 -0.0000e+00
-2.6167e+00     0.0000e+00  0.0000e+00  0.0000e+00 -0.0000e+00 -0.0000e+00 -0.0000e+00
-2.6000e+00     0.0000e+00  0.0000e+00  0.0000e+00 -0.0000e+00 -0.0000e+00 -0.0000e+00
-2.5833e+00     0.0000e+00  0.0000e+00  0.0000e+00 -0.0000e+00 -0.0000e+00 -0.0000e+00
-2.5667e+00     0.0000e+00  0.0000e+00  0.0000e+00 -0.0000e+00 -0.0000e+00 -0.0000e+00
-2.5500e+00     0.0000e+00  0.0000e+00  0.0000e+00 -0.0000e+00 -0.0000e+00 -0.0000e+00
-2.5333e+00     0.0000e+00  0.0000e+00  0.0000e+00 -0.0000e+00 -0.0000e+00 -0.0000e+00
-2.5167e+00     0.0000e+00  0.0000e+00  0.0000e+00 -0.0000e+00 -0.0000e+00 -0.0000e+00
-2.5000e+00     0.0000e+00  0.0000e+00  0.0000e+00 -0.0000e+00 -0.0000e+00 -0.0000e+00
-2.4833e+00     0.0000e+00  0.0000e+00  0.0000e+00 -0.0000e+00 -0.0000e+00 -0.0000e+00
-2.4667e+00     0.0000e+00  0.0000e+00  0.0000e+00 -0.0000e+00 -0.0000e+00 -0.0000e+00
-2.4500e+00     0.0000e+00  0.0000e+00  0.0000e+00 -0.0000e+00 -0.0000e+00 -0.0000e+00
-2.4333e+00     0.0000e+00  0.0000e+00  0.0000e+00 -0.0000e+00 -0.0000e+00 -0.0000e+00
-2.4167e+00     0.0000e+00  0.0000e+00  0.0000e+00 -0.0000e+00 -0.0000e+00 -0.0000e+00
-2.4000e+00     0.0000e+00  0.0000e+00  0.0000e+00 -0.0000e+00 -0.0000e+00 -0.0000e+00
-2.3833e+00     0.0000e+00  0.0000e+00  0.0000e+00 -0.0000e+00 -0.0000e+00 -0.0000e+00
-2.3667e+00     0.0000e+00  0.0000e+00  0.0000e+00 -0.0000e+00 -0.0000e+00 -0.0000e+00
-2.3500e+00     0.0000e+00  0.0000e+00  0.0000e+00 -0.0000e+00 -0.0000e+00 -0.0000e+00
-2.3333e+00     0.0000e+00  0.0000e+00  0.0000e+00 -0.0000e+00 -0.0000e+00 -0.0000e+00
-2.3167e+00     0.0000e+00  0.0000e+00  0.0000e+00 -0.0000e+00 -0.0000e+00 -0.0000e+00
-2.3000e+00     0.0000e+00  0.0000e+00  0.0000e+00 -0.0000e+00 -0.0000e+00 -0.0000e+00
-2.2833e+00     0.0000e+00  0.0000e+00  0.0000e+00 -0.0000e+00 -0.0000e+00 -0.0000e+00
-2.2667e+00     0.0000e+00  0.0000e+00  0.0000e+00 -0.0000e+00 -0.0000e+00 -0.0000e+00
-2.2500e+00     0.0000e+00  0.0000e+00  0.0000e+00 -0.0000e+00 -0.0000e+00 -0.0000e+00
-2.2333e+00     0.0000e+00  0.0000e+00  0.0000e+00 -0.0000e+00 -0.0000e+00 -0.0000e+00
-2.2167e+00     0.0000e+00  0.0000e+00  0.0000e+00 -0.0000e+00 -0.0000e+00 -0.0000e+00
-2.2000e+00     0.0000e+00  0.0000e+00  0.0000e+00 -0.0000e+00 -0.0000e+00 -0.0000e+00
-2.1833e+00     0.0000e+00  0.0000e+00  0.0000e+00 -0.0000e+00 -0.0000e+00 -0.0000e+00
-2.1667e+00     0.0000e+00  0.0000e+00  0.0000e+00 -0.0000e+00 -0.0000e+00 -0.0000e+00
-2.1500e+00     0.0000e+00  0.0000e+00  0.0000e+00 -0.0000e+00 -0.0000e+00 -0.0000e+00
-2.1333e+00     0.0000e+00  0.0000e+00  0.0000e+00 -0.0000e+00 -0.0000e+00 -0.0000e+00
-2.1167e+00     0.0000e+00  0.0000e+00  0.0000e+00 -0.0000e+00 -0.0000e+00 -0.0000e+00
-2.1000e+00     0.0000e+00  0.0000e+00  0.0000e+00 -0.0000e+00 -0.0000e+00 -0.0000e+00
-2.0833e+00     0.0000e+00  0.0000e+00  0.0000e+00 -0.0000e+00 -0.0000e+00 -0.0000e+00
-2.0667e+00     0.0000e+00  0.0000e+00  0.0000e+00 -0.0000e+00 -0.0000e+00 -0.0000e+00
-2.0500e+00     0.0000e+00  0.0000e+00  0.0000e+00 -0.0000e+00 -0.0000e+00 -0.0000e+00
-2.0333e+00     0.0000e+00  0.0000e+00  0.0000e+00 -0.0000e+00 -0.0000e+00 -0.0000e+00
-2.0167e+00     0.0000e+00  0.0000e+00  0.0000e+00 -0.0000e+00 -0.0000e+00 -0.0000e+00
-2.0000e+00     0.0000e+00  0.0000e+00  0.0000e+00 -0.0000e+00 -0.0000e+00 -0.0000e+00
-1.9833e+00     0.0000e+00  0.0000e+00  0.0000e+00 -0.0000e+00 -0.0000e+00 -0.0000e+00
-1.9667e+00     0.0000e+00  0.0000e+00  0.0000e+00 -0.0000e+00 -0.0000e+00 -0.0000e+00
-1.9500e+00     0.0000e+00  0.0000e+00  0.0000e+00 -0.0000e+00 -0.0000e+00 -0.0000e+00
-1.9333e+00     0.0000e+00  0.0000e+00  0.0000e+00 -0.0000e+00 -0.0000e+00 -0.0000e+00
-1.9167e+00     0.0000e+00  0.0000e+00  0.0000e+00 -0.0000e+00 -0.0000e+00 -0.0000e+00
-1.9000e+00     0.0000e+00  0.0000e+00  0.0000e+00 -0.0000e+00 -0.0000e+00 -0.0000e+00
-1.8833e+00     0.0000e+00  0.0000e+00  0.0000e+00 -0.0000e+00 -0.0000e+00 -0.0000e+00
-1.8667e+00     0.0000e+00  0.0000e+00  0.0000e+00 -0.0000e+00 -0.0000e+00 -0.0000e+00
-1.8500e+00     0.0000e+00  0.0000e+00  0.0000e+00 -0.0000e+00 -0.0000e+00 -0.0000e+00
-1.8333e+00     0.0000e+00  0.0000e+00  0.0000e+00 -0.0000e+00 -0.0000e+00 -0.0000e+00
-1.8167e+00     0.0000e+00  0.0000e+00  0.0000e+00 -0.0000e+00 -0.0000e+00 -0.0000e+00
-1.8000e+00     0.0000e+00  0.0000e+00  0.0000e+00 -0.0000e+00 -0.0000e+00 -0.0000e+00
-1.7833e+00     0.0000e+00  0.0000e+00  0.0000e+00 -0.0000e+00 -0.0000e+00 -0.0000e+00
-1.7667e+00     0.0000e+00  0.0000e+00  0.0000e+00 -0.0000e+00 -0.0000e+00 -0.0000e+00
-1.7500e+00     0.0000e+00  0.0000e+00  0.0000e+00 -0.0000e+00 -0.0000e+00 -0.0000e+00
-1.7333e+00     0.0000e+00  0.0000e+00  0.0000e+00 -0.0000e+00 -0.0000e+00 -0.0000e+00
-1.7167e+00     0.0000e+00  0.0000e+00  0.0000e+00 -0.0000e+00 -0.0000e+00 -0.0000e+00
-1.7000e+00     0.0000e+00  0.0000e+00  0.0000e+00 -0.0000e+00 -0.0000e+00 -0.0000e+00
-1.6833e+00     0.0000e+00  0.0000e+00  0.0000e+00 -0.0000e+00 -0.0000e+00 -0.0000e+00
-1.6667e+00     0.0000e+00  0.0000e+00  0.0000e+00 -0.0000e+00 -0.0000e+00 -0.0000e+00
-1.6500e+00     0.0000e+00  0.0000e+00  0.0000e+00 -0.0000e+00 -0.0000e+00 -0.0000e+00
-1.6333e+00     0.0000e+00  0.0000e+00  0.0000e+00 -0.0000e+00 -0.0000e+00 -0.0000e+00
-1.6167e+00     0.0000e+00  0.0000e+00  0.0000e+00 -0.0000e+00 -0.0000e+00 -0.0000e+00
-1.6000e+00     0.0000e+00  0.0000e+00  0.0000e+00 -0.0000e+00 -0.0000e+00 -0.0000e+00
-1.5833e+00     0.0000e+00  0.0000e+00  0.0000e+00 -0.0000e+00 -0.0000e+00 -0.0000e+00
-1.5667e+00     0.0000e+00  0.0000e+00  0.0000e+00 -0.0000e+00 -0.0000e+00 -0.0000e+00
-1.5500e+00     0.0000e+00  0.0000e+00  0.0000e+00 -0.0000e+00 -0.0000e+00 -0.0000e+00
-1.5333e+00     0.0000e+00  0.0000e+00  0.0000e+00 -0.0000e+00 -0.0000e+00 -0.0000e+00
-1.5167e+00     0.0000e+00  0.0000e+00  0.0000e+00 -0.0000e+00 -0.0000e+00 -0.0000e+00
-1.5000e+00     0.0000e+00  0.0000e+00  0.0000e+00 -0.0000e+00 -0.0000e+00 -0.0000e+00
-1.4833e+00     0.0000e+00  0.0000e+00  0.0000e+00 -0.0000e+00 -0.0000e+00 -0.0000e+00
-1.4667e+00     0.0000e+00  0.0000e+00  0.0000e+00 -0.0000e+00 -0.0000e+00 -0.0000e+00
-1.4500e+00     0.0000e+00  0.0000e+00  0.0000e+00 -0.0000e+00 -0.0000e+00 -0.0000e+00
-1.4333e+00     0.0000e+00  0.0000e+00  0.0000e+00 -0.0000e+00 -0.0000e+00 -0.0000e+00
-1.4167e+00     0.0000e+00  0.0000e+00  0.0000e+00 -0.0000e+00 -0.0000e+00 -0.0000e+00
-1.4000e+00     0.0000e+00  0.0000e+00  0.0000e+00 -0.0000e+00 -0.0000e+00 -0.0000e+00
-1.3833e+00     0.0000e+00  0.0000e+00  0.0000e+00 -0.0000e+00 -0.0000e+00 -0.0000e+00
-1.3667e+00     0.0000e+00  0.0000e+00  0.0000e+00 -0.0000e+00 -0.0000e+00 -0.0000e+00
-1.3500e+00     0.0000e+00  0.0000e+00  0.0000e+00 -0.0000e+00 -0.0000e+00 -0.0000e+00
-1.3333e+00     0.0000e+00  0.0000e+00  0.0000e+00 -0.0000e+00 -0.0000e+00 -0.0000e+00
-1.3167e+00     0.0000e+00  0.0000e+00  0.0000e+00 -0.0000e+00 -0.0000e+00 -0.0000e+00
-1.3000e+00     0.0000e+00  0.0000e+00  0.0000e+00 -0.0000e+00 -0.0000e+00 -0.0000e+00
-1.2833e+00     0.0000e+00  0.0000e+00  0.0000e+00 -0.0000e+00 -0.0000e+00 -0.0000e+00
-1.2667e+00     0.0000e+00  0.0000e+00  0.0000e+00 -0.0000e+00 -0.0000e+00 -0.0000e+00
-1.2500e+00     0.0000e+00  0.0000e+00  0.0000e+00 -0.0000e+00 -0.0000e+00 -0.0000e+00
-1.2333e+00     0.0000e+00  0.0000e+00  0.0000e+00 -0.0000e+00 -0.0000e+00 -0.0000e+00
-1.2167e+00     0.0000e+00  0.0000e+00  0.0000e+00 -0.0000e+00 -0.0000e+00 -0.0000e+00
-1.2000e+00     0.0000e+00  0.0000e+00  0.0000e+00 -0.0000e+00 -0.0000e+00 -0.0000e+00
-1.1833e+00     0.0000e+00  0.0000e+00  0.0000e+00 -0.0000e+00 -0.0000e+00 -0.0000e+00
-1.1667e+00     0.0000e+00  0.0000e+00  0.0000e+00 -0.0000e+00 -0.0000e+00 -0.0000e+00
-1.1500e+00     0.0000e+00  0.0000e+00  0.0000e+00 -0.0000e+00 -0.0000e+00 -0.0000e+00
-1.1333e+00     0.0000e+00  0.0000e+00  0.0000e+00 -0.0000e+00 -0.0000e+00 -0.0000e+00
-1.1167e+00     0.0000e+00  0.0000e+00  0.0000e+00 -0.0000e+00 -0.0000e+00 -0.0000e+00
-1.1000e+00     0.0000e+00  0.0000e+00  0.0000e+00 -0.0000e+00 -0.0000e+00 -0.0000e+00
-1.0833e+00     0.0000e+00  0.0000e+00  0.0000e+00 -0.0000e+00 -0.0000e+00 -0.0000e+00
-1.0667e+00     0.0000e+00  0.0000e+00  0.0000e+00 -0.0000e+00 -0.0000e+00 -0.0000e+00
-1.0500e+00     0.0000e+00  0.0000e+00  0.0000e+00 -0.0000e+00 -0.0000e+00 -0.0000e+00
-1.0333e+00     0.0000e+00  0.0000e+00  0.0000e+00 -0.0000e+00 -0.0000e+00 -0.0000e+00
-1.0167e+00     4.7049e-03 -9.5241e-07 -1.3213e-06 -4.7049e-03  9.5241e-07  1.3213e-06
-1.0000e+00     2.7887e-02 -5.6452e-06 -7.8320e-06 -2.7887e-02  5.6452e-06  7.8320e-06
-9.8333e-01     7.1327e-02 -1.4355e-05 -1.9981e-05 -7.1327e-02  1.4355e-05  1.9981e-05
-9.6667e-01     1.4196e-01 -2.4142e-05 -3.6215e-05 -1.4196e-01  2.4141e-05  3.6215e-05
-9.5000e-01     1.8198e-01 -2.1076e-05 -3.7310e-05 -1.8198e-01  2.1076e-05  3.7310e-05
-9.3333e-01     1.9275e-01 -4.2537e-06 -2.3147e-05 -1.9275e-01  4.2536e-06  2.3147e-05
-9.1667e-01     2.3380e-01  1.1466e-05 -1.3319e-05 -2.3380e-01 -1.1466e-05  1.3319e-05
-9.0000e-01     2.9185e-01  2.3465e-05 -8.0236e-06 -2.9185e-01 -2.3465e-05  8.0235e-06
-8.8333e-01     3.4028e-01  3.4667e-05 -3.6521e-06 -3.4028e-01 -3.4667e-05  3.6521e-06
-8.6667e-01     3.9635e-01  6.0617e-05  1.5141e-05 -3.9635e-01 -6.0617e-05 -1.5141e-05
-8.5000e-01     4.9795e-01  1.1317e-04  5.7912e-05 -4.9795e-01 -1.1317e-04 -5.7912e-05
-8.3333e-01     6.6771e-01  1.9513e-04  1.2135e-04 -6.6771e-01 -1.9513e-04 -1.2135e-04
-8.1667e-01     7.5274e-01  2.5177e-04  1.5671e-04 -7.5274e-01 -2.5177e-04 -1.5671e-04
-8.0000e-01     7.7684e-01  2.7855e-04  1.6541e-04 -7.7684e-01 -2.7855e-04 -1.6541e-04
-7.8333e-01     8.6044e-01  3.3448e-04  1.9836e-04 -8.6044e-01 -3.3448e-04 -1.9836e-04
-7.6667e-01     8.9812e-01  3.6597e-04  2.1848e-04 -8.9812e-01 -3.6597e-04 -2.1848e-04
-7.5000e-01     9.1232e-01  3.9589e-04  2.4540e-04 -9.1232e-01 -3.9589e-04 -2.4540e-04
-7.3333e-01     9.3780e-01  4.4130e-04  2.7756e-04 -9.3780e-01 -4.4130e-04 -2.7756e-04
-7.1667e-01     8.7950e-01  4.0746e-04  2.6968e-04 -8.7950e-01 -4.0746e-04 -2.6968e-04
-7.0000e-01     8.4189e-01  3.7353e-04  2.6750e-04 -8.4189e-01 -3.7353e-04 -2.6750e-04
-6.8333e-01     7.6122e-01  3.3885e-04  2.4965e-04 -7.6122e-01 -3.3885e-04 -2.4965e-04
-6.6667e-01     5.9366e-01  2.7699e-04  2.0335e-04 -5.9366e-01 -2.7699e-04 -2.0335e-04
-6.5000e-01     4.2492e-01  2.0360e-04  1.4600e-04 -4.2492e-01 -2.0360e-04 -1.4600e-04
-6.3333e-01     3.1392e-01  1.5408e-04  1.0694e-04 -3.1392e-01 -1.5408e-04 -1.0694e-04
-6.1667e-01     1.9571e-01  9.7309e-05  6.5503e-05 -1.9571e-01 -9.7309e-05 -6.5503e-05
-6.0000e-01     4.8561e-02  2.4406e-05  1.6422e-05 -4.8561e-02 -2.4406e-05 -1.6422e-05
-5.8333e-01     1.0044e-08  5.0481e-12  3.3967e-12 -1.0049e-08 -5.0506e-12 -3.3984e-12
-5.6667e-01     0.0000e+00  0.0000e+00  0.0000e+00 -0.0000e+00 -0.0000e+00 -0.0000e+00
-5.5000e-01     0.0000e+00  0.0000e+00  0.0000e+00 -0.0000e+00 -0.0000e+00 -0.0000e+00
-5.3333e-01     0.0000e+00  0.0000e+00  0.0000e+00 -0.0000e+00 -0.0000e+00 -0.0000e+00
-5.1667e-01     0.0000e+00  0.0000e+00  0.0000e+00 -0.0000e+00 -0.0000e+00 -0.0000e+00
-5.0000e-01     0.0000e+00  0.0000e+00  0.0000e+00 -0.0000e+00 -0.0000e+00 -0.0000e+00
-4.8333e-01     0.0000e+00  0.0000e+00  0.0000e+00 -0.0000e+00 -0.0000e+00 -0.0000e+00
-4.6667e-01     0.0000e+00  0.0000e+00  0.0000e+00 -0.0000e+00 -0.0000e+00 -0.0000e+00
-4.5000e-01     0.0000e+00  0.0000e+00  0.0000e+00 -0.0000e+00 -0.0000e+00 -0.0000e+00
-4.3333e-01     0.0000e+00  0.0000e+00  0.0000e+00 -0.0000e+00 -0.0000e+00 -0.0000e+00
-4.1667e-01     0.0000e+00  0.0000e+00  0.0000e+00 -0.0000e+00 -0.0000e+00 -0.0000e+00
-4.0000e-01     0.0000e+00  0.0000e+00  0.0000e+00 -0.0000e+00 -0.0000e+00 -0.0000e+00
-3.8333e-01     0.0000e+00  0.0000e+00  0.0000e+00 -0.0000e+00 -0.0000e+00 -0.0000e+00
-3.6667e-01     0.0000e+00  0.0000e+00  0.0000e+00 -0.0000e+00 -0.0000e+00 -0.0000e+00
-3.5000e-01     0.0000e+00  0.0000e+00  0.0000e+00 -0.0000e+00 -0.0000e+00 -0.0000e+00
-3.3333e-01     0.0000e+00  0.0000e+00  0.0000e+00 -0.0000e+00 -0.0000e+00 -0.0000e+00
-3.1667e-01     0.0000e+00  0.0000e+00  0.0000e+00 -0.0000e+00 -0.0000e+00 -0.0000e+00
-3.0000e-01     0.0000e+00  0.0000e+00  0.0000e+00 -0.0000e+00 -0.0000e+00 -0.0000e+00
-2.8333e-01     0.0000e+00  0.0000e+00  0.0000e+00 -0.0000e+00 -0.0000e+00 -0.0000e+00
-2.6667e-01     0.0000e+00  0.0000e+00  0.0000e+00 -0.0000e+00 -0.0000e+00 -0.0000e+00
-2.5000e-01     0.0000e+00  0.0000e+00  0.0000e+00 -0.0000e+00 -0.0000e+00 -0.0000e+00
-2.3333e-01     0.0000e+00  0.0000e+00  0.0000e+00 -0.0000e+00 -0.0000e+00 -0.0000e+00
-2.1667e-01     0.0000e+00  0.0000e+00  0.0000e+00 -0.0000e+00 -0.0000e+00 -0.0000e+00
-2.0000e-01     0.0000e+00  0.0000e+00  0.0000e+00 -0.0000e+00 -0.0000e+00 -0.0000e+00
-1.8333e-01     0.0000e+00  0.0000e+00  0.0000e+00 -0.0000e+00 -0.0000e+00 -0.0000e+00
-1.6667e-01     0.0000e+00  0.0000e+00  0.0000e+00 -0.0000e+00 -0.0000e+00 -0.0000e+00
-1.5000e-01     0.0000e+00  0.0000e+00  0.0000e+00 -0.0000e+00 -0.0000e+00 -0.0000e+00
-1.3333e-01     0.0000e+00  0.0000e+00  0.0000e+00 -0.0000e+00 -0.0000e+00 -0.0000e+00
-1.1667e-01     0.0000e+00  0.0000e+00  0.0000e+00 -0.0000e+00 -0.0000e+00 -0.0000e+00
-1.0000e-01     0.0000e+00  0.0000e+00  0.0000e+00 -0.0000e+00 -0.0000e+00 -0.0000e+00
-8.3333e-02     0.0000e+00  0.0000e+00  0.0000e+00 -0.0000e+00 -0.0000e+00 -0.0000e+00
-6.6667e-02     0.0000e+00  0.0000e+00  0.0000e+00 -0.0000e+00 -0.0000e+00 -0.0000e+00
-5.0000e-02     0.0000e+00  0.0000e+00  0.0000e+00 -0.0000e+00 -0.0000e+00 -0.0000e+00
-3.3333e-02     0.0000e+00  0.0000e+00  0.0000e+00 -0.0000e+00 -0.0000e+00 -0.0000e+00
-1.6667e-02     0.0000e+00  0.0000e+00  0.0000e+00 -0.0000e+00 -0.0000e+00 -0.0000e+00
-1.5105e-15     0.0000e+00  0.0000e+00  0.0000e+00 -0.0000e+00 -0.0000e+00 -0.0000e+00
1.6667e-02     0.0000e+00  0.0000e+00  0.0000e+00 -0.0000e+00 -0.0000e+00 -0.0000e+00
3.3333e-02     0.0000e+00  0.0000e+00  0.0000e+00 -0.0000e+00 -0.0000e+00 -0.0000e+00
5.0000e-02     0.0000e+00  0.0000e+00  0.0000e+00 -0.0000e+00 -0.0000e+00 -0.0000e+00
6.6667e-02     0.0000e+00  0.0000e+00  0.0000e+00 -0.0000e+00 -0.0000e+00 -0.0000e+00
8.3333e-02     1.4629e-01 -9.8999e-06 -3.7379e-05 -1.4629e-01  9.8999e-06  3.7379e-05
1.0000e-01     1.2871e+00 -1.8645e-04 -5.6343e-05 -1.2871e+00  1.8645e-04  5.6343e-05
1.1667e-01     1.7256e+00  4.4728e-06  1.7006e-04 -1.7256e+00 -4.4727e-06 -1.7006e-04
1.3333e-01     1.8567e+00  3.0930e-04  1.7064e-04 -1.8567e+00 -3.0930e-04 -1.7064e-04
1.5000e-01     2.5980e+00  1.5838e-03  4.1357e-04 -2.5980e+00 -1.5838e-03 -4.1357e-04
1.6667e-01     2.1847e+00  1.0143e-03  2.9660e-04 -2.1847e+00 -1.0143e-03 -2.9660e-04
1.8333e-01     1.1571e+00  3.8589e-04  1.4442e-04 -1.1571e+00 -3.8589e-04 -1.4442e-04
2.0000e-01     7.0127e-01  3.1211e-04  1.1091e-04 -7.0127e-01 -3.1211e-04 -1.1091e-04
2.1667e-01     4.7391e-01  2.7490e-04  1.1490e-04 -4.7391e-01 -2.7490e-04 -1.1490e-04
2.3333e-01     1.0644e-01  6.3304e-05  2.8603e-05 -1.0644e-01 -6.3304e-05 -2.8603e-05
2.5000e-01     0.0000e+00  0.0000e+00  0.0000e+00 -0.0000e+00 -0.0000e+00 -0.0000e+00
2.6667e-01     0.0000e+00  0.0000e+00  0.0000e+00 -0.0000e+00 -0.0000e+00 -0.0000e+00
2.8333e-01     0.0000e+00  0.0000e+00  0.0000e+00 -0.0000e+00 -0.0000e+00 -0.0000e+00
3.0000e-01     0.0000e+00  0.0000e+00  0.0000e+00 -0.0000e+00 -0.0000e+00 -0.0000e+00
3.1667e-01     0.0000e+00  0.0000e+00  0.0000e+00 -0.0000e+00 -0.0000e+00 -0.0000e+00
3.3333e-01     0.0000e+00  0.0000e+00  0.0000e+00 -0.0000e+00 -0.0000e+00 -0.0000e+00
3.5000e-01     0.0000e+00  0.0000e+00  0.0000e+00 -0.0000e+00 -0.0000e+00 -0.0000e+00
3.6667e-01     0.0000e+00  0.0000e+00  0.0000e+00 -0.0000e+00 -0.0000e+00 -0.0000e+00
3.8333e-01     0.0000e+00  0.0000e+00  0.0000e+00 -0.0000e+00 -0.0000e+00 -0.0000e+00
4.0000e-01     0.0000e+00  0.0000e+00  0.0000e+00 -0.0000e+00 -0.0000e+00 -0.0000e+00
4.1667e-01     0.0000e+00  0.0000e+00  0.0000e+00 -0.0000e+00 -0.0000e+00 -0.0000e+00
4.3333e-01     0.0000e+00  0.0000e+00  0.0000e+00 -0.0000e+00 -0.0000e+00 -0.0000e+00
4.5000e-01     0.0000e+00  0.0000e+00  0.0000e+00 -0.0000e+00 -0.0000e+00 -0.0000e+00
4.6667e-01     0.0000e+00  0.0000e+00  0.0000e+00 -0.0000e+00 -0.0000e+00 -0.0000e+00
4.8333e-01     0.0000e+00  0.0000e+00  0.0000e+00 -0.0000e+00 -0.0000e+00 -0.0000e+00
5.0000e-01     0.0000e+00  0.0000e+00  0.0000e+00 -0.0000e+00 -0.0000e+00 -0.0000e+00
5.1667e-01     0.0000e+00  0.0000e+00  0.0000e+00 -0.0000e+00 -0.0000e+00 -0.0000e+00
5.3333e-01     0.0000e+00  0.0000e+00  0.0000e+00 -0.0000e+00 -0.0000e+00 -0.0000e+00
5.5000e-01     5.9656e-04 -2.0373e-06 -2.2459e-06 -5.9656e-04  2.0373e-06  2.2459e-06
5.6667e-01     2.1655e-02 -7.3953e-05 -8.1527e-05 -2.1655e-02  7.3953e-05  8.1527e-05
5.8333e-01     7.2840e-02 -2.4875e-04 -2.7423e-04 -7.2840e-02  2.4875e-04  2.7423e-04
6.0000e-01     1.9132e-01 -6.1799e-04 -7.0707e-04 -1.9132e-01  6.1799e-04  7.0707e-04
6.1667e-01     2.7623e-01 -7.4960e-04 -9.1255e-04 -2.7623e-01  7.4960e-04  9.1255e-04
6.3333e-01     3.7925e-01 -8.9910e-04 -1.1201e-03 -3.7925e-01  8.9910e-04  1.1201e-03
6.5000e-01     9.6020e-01 -1.4009e-03 -2.2220e-03 -9.6020e-01  1.4009e-03  2.2220e-03
6.6667e-01     9.6606e-01 -1.3297e-03 -2.0017e-03 -9.6606e-01  1.3297e-03  2.0017e-03
6.8333e-01     1.2549e+00 -1.3024e-03 -2.4097e-03 -1.2549e+00  1.3024e-03  2.4097e-03
7.0000e-01     1.2771e+00 -1.2183e-03 -2.1286e-03 -1.2771e+00  1.2183e-03  2.1286e-03
7.1667e-01     1.3301e+00 -1.1508e-03 -1.6749e-03 -1.3301e+00  1.1508e-03  1.6749e-03
7.3333e-01     1.3339e+00 -1.2297e-03 -1.2374e-03 -1.3339e+00  1.2297e-03  1.2374e-03
7.5000e-01     1.2498e+00 -1.4288e-03 -8.8208e-04 -1.2498e+00  1.4288e-03  8.8208e-04
7.6667e-01     1.2112e+00 -1.3961e-03 -5.2147e-04 -1.2112e+00  1.3961e-03  5.2147e-04
7.8333e-01     1.1085e+00 -1.2886e-03 -2.5120e-04 -1.1085e+00  1.2886e-03  2.5120e-04
8.0000e-01     5.3436e-01 -5.6295e-04 -3.3438e-05 -5.3436e-01  5.6295e-04  3.3438e-05
8.1667e-01     6.5948e-02 -4.6074e-05  3.2983e-05 -6.5948e-02  4.6074e-05 -3.2983e-05
8.3333e-01     0.0000e+00  0.0000e+00  0.0000e+00 -0.0000e+00 -0.0000e+00 -0.0000e+00
8.5000e-01     0.0000e+00  0.0000e+00  0.0000e+00 -0.0000e+00 -0.0000e+00 -0.0000e+00
8.6667e-01     0.0000e+00  0.0000e+00  0.0000e+00 -0.0000e+00 -0.0000e+00 -0.0000e+00
8.8333e-01     0.0000e+00  0.0000e+00  0.0000e+00 -0.0000e+00 -0.0000e+00 -0.0000e+00
9.0000e-01     2.4014e-02 -5.2533e-05  2.6897e-06 -2.4014e-02  5.2533e-05 -2.6897e-06
9.1667e-01     1.4343e-01 -2.7904e-04 -1.2187e-05 -1.4343e-01  2.7904e-04  1.2187e-05
9.3333e-01     2.9572e-01 -5.8999e-04 -1.8033e-05 -2.9572e-01  5.8999e-04  1.8033e-05
9.5000e-01     5.0469e-01 -1.0243e-03 -4.0426e-05 -5.0469e-01  1.0243e-03  4.0426e-05
9.6667e-01     1.1028e+00 -2.6062e-03 -2.6074e-04 -1.1028e+00  2.6062e-03  2.6074e-04
9.8333e-01     2.2168e+00 -5.9225e-03 -4.7531e-04 -2.2168e+00  5.9225e-03  4.7531e-04
1.0000e+00     2.8730e+00 -7.5918e-03 -6.6695e-04 -2.8730e+00  7.5918e-03  6.6695e-04
1.0167e+00     2.4946e+00 -6.8186e-03 -6.3684e-04 -2.4946e+00  6.8186e-03  6.3685e-04
1.0333e+00     1.3597e+00 -3.9094e-03 -4.3020e-04 -1.3597e+00  3.9094e-03  4.3020e-04
1.0500e+00     6.1718e-01 -1.6050e-03 -5.1421e-04 -6.1718e-01  1.6050e-03  5.1421e-04
1.0667e+00     4.2990e-01 -1.1959e-03 -3.2352e-04 -4.2990e-01  1.1959e-03  3.2352e-04
1.0833e+00     2.0258e-01 -6.1540e-04 -1.0928e-04 -2.0258e-01  6.1540e-04  1.0928e-04
1.1000e+00     8.1277e-02 -2.6524e-04 -3.9509e-06 -8.1277e-02  2.6524e-04  3.9509e-06
1.1167e+00     1.1225e+00 -4.2145e-03 -4.7192e-04 -1.1225e+00  4.2145e-03  4.7192e-04
1.1333e+00     1.2715e+00 -4.1601e-03 -2.5070e-04 -1.2715e+00  4.1601e-03  2.5070e-04
1.1500e+00     1.4173e+00 -4.7327e-03 -2.0199e-05 -1.4173e+00  4.7327e-03  2.0199e-05
1.1667e+00     1.6855e+00 -5.8659e-03  4.6182e-04 -1.6855e+00  5.8659e-03 -4.6182e-04
1.1833e+00     1.5227e+00 -4.3629e-03  4.3236e-04 -1.5227e+00  4.3629e-03 -4.3236e-04
1.2000e+00     1.6195e+00 -4.2987e-03  5.0294e-04 -1.6195e+00  4.2987e-03 -5.0294e-04
1.2167e+00     1.5900e+00 -3.8099e-03  1.2638e-04 -1.5900e+00  3.8099e-03 -1.2638e-04
1.2333e+00     1.2792e+00 -2.0641e-03  1.8144e-04 -1.2792e+00  2.0641e-03 -1.8144e-04
1.2500e+00     1.1083e+00 -1.1351e-03 -1.3986e-04 -1.1083e+00  1.1351e-03  1.3986e-04
1.2667e+00     1.2076e+00 -7.3764e-04 -5.9773e-04 -1.2076e+00  7.3764e-04  5.9773e-04
1.2833e+00     1.4784e+00 -3.8882e-04 -1.4651e-03 -1.4784e+00  3.8882e-04  1.4651e-03
1.3000e+00     2.0239e+00 -1.3196e-03 -1.9160e-03 -2.0239e+00  1.3196e-03  1.9160e-03
1.3167e+00     3.7983e+00 -3.4789e-03 -7.2424e-04 -3.7983e+00  3.4790e-03  7.2424e-04
1.3333e+00     1.9516e+00 -3.5963e-04 -2.0238e-03 -1.9516e+00  3.5963e-04  2.0238e-03
1.3500e+00     8.0052e-01  3.3891e-04 -1.4088e-03 -8.0052e-01 -3.3891e-04  1.4088e-03
1.3667e+00     8.5069e-02 -1.4063e-05 -1.1613e-04 -8.5069e-02  1.4063e-05  1.1613e-04
1.3833e+00     8.0994e-02 -1.6812e-04 -1.8665e-05 -8.0994e-02  1.6812e-04  1.8665e-05
1.4000e+00     1.7645e-01 -4.0359e-04 -5.1287e-05 -1.7645e-01  4.0359e-04  5.1286e-05
1.4167e+00     2.4680e-01 -7.0665e-04 -1.4248e-04 -2.4680e-01  7.0665e-04  1.4248e-04
1.4333e+00     3.1695e-01 -9.8623e-04 -2.1463e-04 -3.1695e-01  9.8623e-04  2.1463e-04
1.4500e+00     4.1572e-01 -1.4636e-03 -3.1166e-04 -4.1572e-01  1.4636e-03  3.1166e-04
1.4667e+00     6.0487e-01 -2.2253e-03 -3.9995e-04 -6.0487e-01  2.2253e-03  3.9995e-04
1.4833e+00     7.8013e-01 -2.7369e-03 -3.4454e-04 -7.8013e-01  2.7369e-03  3.4454e-04
1.5000e+00     1.0197e+00 -3.1600e-03 -3.0381e-04 -1.0197e+00  3.1600e-03  3.0381e-04
1.5167e+00     1.0902e+00 -3.1332e-03 -3.0688e-04 -1.0902e+00  3.1332e-03  3.0688e-04
1.5333e+00     1.1966e+00 -2.9864e-03 -5.3179e-04 -1.1966e+00  2.9864e-03  5.3179e-04
1.5500e+00     1.7344e+00 -2.6938e-03 -1.1863e-03 -1.7344e+00  2.6938e-03  1.1863e-03
1.5667e+00     2.6418e+00 -2.4243e-03 -1.4454e-03 -2.6418e+00  2.4243e-03  1.4454e-03
1.5833e+00     1.6374e+00 -5.9178e-04 -1.5228e-04 -1.6374e+00  5.9178e-04  1.5228e-04
1.6000e+00     1.7204e-01 -1.1596e-04 -5.0206e-05 -1.7204e-01  1.1596e-04  5.0206e-05
1.6167e+00     4.5148e-01  2.7944e-04 -2.7633e-04 -4.5148e-01 -2.7944e-04  2.7633e-04
1.6333e+00     1.4687e+00  4.8703e-04 -3.5632e-04 -1.4687e+00 -4.8703e-04  3.5632e-04
1.6500e+00     2.0761e+00  2.4146e-04 -2.4582e-04 -2.0761e+00 -2.4146e-04  2.4582e-04
1.6667e+00     4.6437e+00 -1.9664e-03  1.0949e-03 -4.6437e+00  1.9664e-03 -1.0949e-03
1.6833e+00     3.0267e+00 -1.5530e-03  7.7805e-04 -3.0267e+00  1.5530e-03 -7.7805e-04
1.7000e+00     7.3486e-01 -4.7362e-04  2.7891e-04 -7.3486e-01  4.7362e-04 -2.7890e-04
1.7167e+00     0.0000e+00  0.0000e+00  0.0000e+00 -0.0000e+00 -0.0000e+00 -0.0000e+00
1.7333e+00     4.0719e-01 -1.2246e-04  2.8944e-04 -4.0719e-01  1.2246e-04 -2.8944e-04
1.7500e+00     4.3182e+00  2.2138e-05  6.3863e-03 -4.3182e+00 -2.2140e-05 -6.3863e-03
1.7667e+00     2.7340e+00 -3.8172e-04  3.1590e-03 -2.7340e+00  3.8171e-04 -3.1590e-03
1.7833e+00     2.2296e+00 -1.1908e-03  2.6005e-03 -2.2296e+00  1.1908e-03 -2.6005e-03
1.8000e+00     2.9391e+00 -2.4557e-03  4.4086e-03 -2.9391e+00  2.4557e-03 -4.4086e-03
1.8167e+00     1.0026e+00 -1.4876e-03  9.0095e-04 -1.0026e+00  1.4876e-03 -9.0095e-04
1.8333e+00     8.5777e-01 -1.5126e-03  4.8728e-04 -8.5777e-01  1.5126e-03 -4.8728e-04
1.8500e+00     9.6501e-01 -1.8373e-03  5.9838e-04 -9.6501e-01  1.8373e-03 -5.9838e-04
1.8667e+00     1.6532e+00 -3.4315e-03  6.9348e-04 -1.6532e+00  3.4315e-03 -6.9349e-04
1.8833e+00     1.6442e+00 -3.1984e-03 -1.5133e-03 -1.6442e+00  3.1984e-03  1.5133e-03
1.9000e+00     1.7201e+00 -3.4740e-03 -2.2037e-03 -1.7201e+00  3.4740e-03  2.2037e-03
1.9167e+00     1.7504e+00 -4.2940e-03 -1.9672e-03 -1.7504e+00  4.2940e-03  1.9672e-03
1.9333e+00     1.4845e+00 -4.5091e-03 -1.0164e-03 -1.4845e+00  4.5091e-03  1.0164e-03
1.9500e+00     1.0027e+00 -3.2924e-03 -7.3983e-04 -1.0027e+00  3.2924e-03  7.3983e-04
1.9667e+00     7.7545e-01 -2.4254e-03 -7.0959e-04 -7.7545e-01  2.4254e-03  7.0959e-04
1.9833e+00     4.3557e-01 -1.2845e-03 -6.5599e-04 -4.3557e-01  1.2845e-03  6.5599e-04
2.0000e+00     2.1061e-01 -4.3390e-04 -1.6754e-04 -2.1061e-01  4.3390e-04  1.6754e-04
2.0167e+00     1.3245e+00 -9.3401e-04 -3.9792e-03 -1.3245e+00  9.3401e-04  3.9792e-03
2.0333e+00     2.7385e+00 -1.2307e-03 -6.6752e-03 -2.7385e+00  1.2307e-03  6.6752e-03
2.0500e+00     4.2315e+00 -2.7579e-03 -7.1651e-03 -4.2315e+00  2.7579e-03  7.1651e-03
2.0667e+00     2.2040e+00 -2.0573e-03 -3.5237e-03 -2.2040e+00  2.0573e-03  3.5237e-03
2.0833e+00     1.1326e+00 -5.2199e-04 -1.4964e-03 -1.1326e+00  5.2199e-04  1.4964e-03
2.1000e+00     8.7394e-01 -1.9195e-04 -9.7367e-04 -8.7394e-01  1.9195e-04  9.7367e-04
2.1167e+00     8.4434e-01 -5.7569e-04 -1.5332e-03 -8.4434e-01  5.7569e-04  1.5332e-03
2.1333e+00     1.0908e+00 -2.2012e-03 -2.7371e-03 -1.0908e+00  2.2012e-03  2.7371e-03
2.1500e+00     1.7671e+00 -3.1096e-03 -4.5074e-03 -1.7671e+00  3.1096e-03  4.5074e-03
2.1667e+00     1.7401e+00 -1.7343e-03 -4.1120e-03 -1.7401e+00  1.7343e-03  4.1120e-03
2.1833e+00     1.9383e+00 -1.3748e-03 -3.8579e-03 -1.9383e+00  1.3748e-03  3.8579e-03
2.2000e+00     3.1572e+00 -1.7238e-03 -5.7499e-03 -3.1572e+00  1.7238e-03  5.7499e-03
2.2167e+00     1.9862e+00 -1.2843e-03 -2.3565e-03 -1.9862e+00  1.2843e-03  2.3565e-03
2.2333e+00     1.3258e+00 -1.4511e-03 -1.7052e-03 -1.3258e+00  1.4511e-03  1.7052e-03
2.2500e+00     3.0842e+00 -3.8632e-03 -3.8052e-03 -3.0842e+00  3.8632e-03  3.8052e-03
2.2667e+00     2.8323e+00 -5.3498e-03 -3.8414e-03 -2.8323e+00  5.3498e-03  3.8414e-03
2.2833e+00     1.9551e+00 -4.2552e-03 -2.3050e-03 -1.9551e+00  4.2552e-03  2.3050e-03
2.3000e+00     1.6973e+00 -4.0099e-03 -1.8785e-03 -1.6973e+00  4.0099e-03  1.8785e-03
2.3167e+00     1.9035e+00 -4.5673e-03 -1.9447e-03 -1.9035e+00  4.5673e-03  1.9447e-03
2.3333e+00     4.7946e-01 -1.1086e-03 -4.2714e-04 -4.7946e-01  1.1086e-03  4.2714e-04
2.3500e+00     1.3946e+00 -1.5183e-03 -1.5151e-03 -1.3946e+00  1.5183e-03  1.5151e-03
2.3667e+00     1.8005e+00 -7.9916e-04 -2.6870e-03 -1.8005e+00  7.9916e-04  2.6870e-03
2.3833e+00     2.5845e+00 -8.5440e-04 -4.4852e-03 -2.5845e+00  8.5440e-04  4.4852e-03
2.4000e+00     2.6324e+00 -8.8654e-04 -4.8504e-03 -2.6324e+00  8.8654e-04  4.8504e-03
2.4167e+00     1.8052e+00 -1.0032e-03 -4.3893e-03 -1.8052e+00  1.0032e-03  4.3893e-03
2.4333e+00     1.1529e+00 -3.6162e-04 -3.4471e-03 -1.1529e+00  3.6162e-04  3.4471e-03
2.4500e+00     8.6802e-01  1.0945e-03 -1.2648e-03 -8.6802e-01 -1.0945e-03  1.2648e-03
2.4667e+00     2.9709e+00  1.8288e-03 -4.3927e-03 -2.9709e+00 -1.8288e-03  4.3927e-03
2.4833e+00     3.8443e+00 -5.0425e-04 -4.8825e-03 -3.8443e+00  5.0425e-04  4.8825e-03
2.5000e+00     2.5745e+00  1.3268e-04 -2.6823e-03 -2.5745e+00 -1.3269e-04  2.6823e-03
2.5167e+00     1.5506e+00  9.7241e-04 -5.3113e-04 -1.5506e+00 -9.7241e-04  5.3113e-04
2.5333e+00     2.4060e-01 -2.5516e-05 -6.6823e-04 -2.4060e-01  2.5516e-05  6.6823e-04
2.5500e+00     1.2204e+00  2.3578e-04 -5.0592e-03 -1.2204e+00 -2.3579e-04  5.0592e-03
2.5667e+00     2.4039e+00  1.0951e-03 -7.6914e-03 -2.4039e+00 -1.0951e-03  7.6914e-03
2.5833e+00     3.4620e+00 -6.1751e-05 -8.1069e-03 -3.4620e+00  6.1752e-05  8.1069e-03
2.6000e+00     2.6531e+00 -2.1498e-03 -3.2197e-03 -2.6531e+00  2.1498e-03  3.2197e-03
2.6167e+00     1.4046e+00 -1.5380e-03 -1.0686e-03 -1.4046e+00  1.5380e-03  1.0686e-03
2.6333e+00     1.2888e+00 -3.2827e-03 -1.7374e-03 -1.2888e+00  3.2827e-03  1.7374e-03
2.6500e+00     1.2264e+00 -3.0428e-03 -2.8570e-03 -1.2264e+00  3.0428e-03  2.8570e-03
2.6667e+00     3.4953e+00 -4.2092e-03 -8.7072e-03 -3.4953e+00  4.2091e-03  8.7072e-03
2.6833e+00     4.6853e+00 -5.7278e-03 -1.3368e-02 -4.6853e+00  5.7278e-03  1.3368e-02
2.7000e+00     1.2894e+00 -8.5401e-04 -3.3150e-03 -1.2894e+00  8.5402e-04  3.3150e-03
2.7167e+00     7.5562e-01 -6.3704e-04 -2.5115e-03 -7.5562e-01  6.3704e-04  2.5115e-03
2.7333e+00     1.0318e+00 -8.4595e-04 -4.2758e-03 -1.0318e+00  8.4595e-04  4.2758e-03
2.7500e+00     2.1196e+00 -1.1736e-03 -1.1269e-02 -2.1196e+00  1.1736e-03  1.1269e-02
2.7667e+00     3.0674e+00 -4.1872e-03 -9.8372e-03 -3.0674e+00  4.1872e-03  9.8372e-03
2.7833e+00     3.8049e+00 -4.0713e-03 -8.0290e-03 -3.8049e+00  4.0713e-03  8.0290e-03
2.8000e+00     2.4191e+00 -1.8490e-03 -5.5856e-03 -2.4191e+00  1.8490e-03  5.5856e-03
2.8167e+00     1.2283e+00  4.6008e-04 -6.0274e-03 -1.2283e+00 -4.6008e-04  6.0274e-03
2.8333e+00     2.0687e+00  1.1854e-03 -9.5178e-03 -2.0687e+00 -1.1854e-03  9.5178e-03
2.8500e+00     3.4686e+00  2.9614e-03 -1.2228e-02 -3.4686e+00 -2.9614e-03  1.2228e-02
2.8667e+00     3.5133e+00  3.4409e-03 -1.2713e-02 -3.5133e+00 -3.4409e-03  1.2713e-02
2.8833e+00     2.1796e+00  1.6229e-03 -1.0200e-02 -2.1796e+00 -1.6229e-03  1.0200e-02
2.9000e+00     8.4387e-01  7.5655e-04 -2.9479e-03 -8.4387e-01 -7.5655e-04  2.9479e-03
2.9167e+00     1.1808e+00  1.2026e-03 -3.6371e-03 -1.1808e+00 -1.2026e-03  3.6371e-03
2.9333e+00     2.1080e+00  1.9091e-03 -6.8978e-03 -2.1080e+00 -1.9091e-03  6.8978e-03
2.9500e+00     3.8948e+00  2.3305e-03 -1.4103e-02 -3.8948e+00 -2.3305e-03  1.4103e-02
2.9667e+00     2.4314e+00 -6.9631e-04 -1.0073e-02 -2.4314e+00  6.9631e-04  1.0073e-02
2.9833e+00     1.1002e+00 -2.8117e-04 -4.5121e-03 -1.1002e+00  2.8116e-04  4.5121e-03
