-1.8000e+01     0.0000e+00  0.0000e+00 -0.0000e+00 -0.0000e+00  0.0000e+00  0.0000e+00 -0.0000e+00 -0.0000e+00
-1.7962e+01     0.0000e+00  0.0000e+00 -0.0000e+00 -0.0000e+00  0.0000e+00  0.0000e+00 -0.0000e+00 -0.0000e+00
-1.7923e+01     0.0000e+00  0.0000e+00 -0.0000e+00 -0.0000e+00  0.0000e+00  0.0000e+00 -0.0000e+00 -0.0000e+00
-1.7885e+01     0.0000e+00  0.0000e+00 -0.0000e+00 -0.0000e+00  0.0000e+00  0.0000e+00 -0.0000e+00 -0.0000e+00
-1.7847e+01     0.0000e+00  0.0000e+00 -0.0000e+00 -0.0000e+00  0.0000e+00  0.0000e+00 -0.0000e+00 -0.0000e+00
-1.7808e+01     0.0000e+00  0.0000e+00 -0.0000e+00 -0.0000e+00  0.0000e+00  0.0000e+00 -0.0000e+00 -0.0000e+00
-1.7770e+01     0.0000e+00  0.0000e+00 -0.0000e+00 -0.0000e+00  0.0000e+00  0.0000e+00 -0.0000e+00 -0.0000e+00
-1.7732e+01     0.0000e+00  0.0000e+00 -0.0000e+00 -0.0000e+00  0.0000e+00  0.0000e+00 -0.0000e+00 -0.0000e+00
-1.7693e+01     0.0000e+00  0.0000e+00 -0.0000e+00 -0.0000e+00  0.0000e+00  0.0000e+00 -0.0000e+00 -0.0000e+00
-1.7655e+01     0.0000e+00  0.0000e+00 -0.0000e+00 -0.0000e+00  0.0000e+00  0.0000e+00 -0.0000e+00 -0.0000e+00
-1.7617e+01     0.0000e+00  0.0000e+00 -0.0000e+00 -0.0000e+00  0.0000e+00  0.0000e+00 -0.0000e+00 -0.0000e+00
-1.7578e+01     0.0000e+00  0.0000e+00 -0.0000e+00 -0.0000e+00  0.0000e+00  0.0000e+00 -0.0000e+00 -0.0000e+00
-1.7540e+01     0.0000e+00  0.0000e+00 -0.0000e+00 -0.0000e+00  0.0000e+00  0.0000e+00 -0.0000e+00 -0.0000e+00
-1.7502e+01     0.0000e+00  0.0000e+00 -0.0000e+00 -0.0000e+00  0.0000e+00  0.0000e+00 -0.0000e+00 -0.0000e+00
-1.7463e+01     0.0000e+00  0.0000e+00 -0.0000e+00 -0.0000e+00  0.0000e+00  0.0000e+00 -0.0000e+00 -0.0000e+00
-1.7425e+01     0.0000e+00  0.0000e+00 -0.0000e+00 -0.0000e+00  0.0000e+00  0.0000e+00 -0.0000e+00 -0.0000e+00
-1.7387e+01     0.0000e+00  0.0000e+00 -0.0000e+00 -0.0000e+00  0.0000e+00  0.0000e+00 -0.0000e+00 -0.0000e+00
-1.7348e+01     0.0000e+00  0.0000e+00 -0.0000e+00 -0.0000e+00  0.0000e+00  0.0000e+00 -0.0000e+00 -0.0000e+00
-1.7310e+01     0.0000e+00  0.0000e+00 -0.0000e+00 -0.0000e+00  0.0000e+00  0.0000e+00 -0.0000e+00 -0.0000e+00
-1.7272e+01     0.0000e+00  0.0000e+00 -0.0000e+00 -0.0000e+00  0.0000e+00  0.0000e+00 -0.0000e+00 -0.0000e+00
-1.7233e+01     0.0000e+00  0.0000e+00 -0.0000e+00 -0.0000e+00  0.0000e+00  0.0000e+00 -0.0000e+00 -0.0000e+00
-1.7195e+01     0.0000e+00  0.0000e+00 -0.0000e+00 -0.0000e+00  0.0000e+00  0.0000e+00 -0.0000e+00 -0.0000e+00
-1.7157e+01     0.0000e+00  0.0000e+00 -0.0000e+00 -0.0000e+00  0.0000e+00  0.0000e+00 -0.0000e+00 -0.0000e+00
-1.7118e+01     0.0000e+00  0.0000e+00 -0.0000e+00 -0.0000e+00  0.0000e+00  0.0000e+00 -0.0000e+00 -0.0000e+00
-1.7080e+01     0.0000e+00  0.0000e+00 -0.0000e+00 -0.0000e+00  0.0000e+00  0.0000e+00 -0.0000e+00 -0.0000e+00
-1.7042e+01     0.0000e+00  0.0000e+00 -0.0000e+00 -0.0000e+00  0.0000e+00  0.0000e+00 -0.0000e+00 -0.0000e+00
-1.7003e+01     0.0000e+00  0.0000e+00 -0.0000e+00 -0.0000e+00  0.0000e+00  0.0000e+00 -0.0000e+00 -0.0000e+00
-1.6965e+01     0.0000e+00  0.0000e+00 -0.0000e+00 -0.0000e+00  0.0000e+00  0.0000e+00 -0.0000e+00 -0.0000e+00
-1.6927e+01     0.0000e+00  0.0000e+00 -0.0000e+00 -0.0000e+00  0.0000e+00  0.0000e+00 -0.0000e+00 -0.0000e+00
-1.6888e+01     0.0000e+00  0.0000e+00 -0.0000e+00 -0.0000e+00  0.0000e+00  0.0000e+00 -0.0000e+00 -0.0000e+00
-1.6850e+01     0.0000e+00  0.0000e+00 -0.0000e+00 -0.0000e+00  0.0000e+00  0.0000e+00 -0.0000e+00 -0.0000e+00
-1.6812e+01     0.0000e+00  0.0000e+00 -0.0000e+00 -0.0000e+00  0.0000e+00  0.0000e+00 -0.0000e+00 -0.0000e+00
-1.6773e+01     0.0000e+00  0.0000e+00 -0.0000e+00 -0.0000e+00  0.0000e+00  0.0000e+00 -0.0000e+00 -0.0000e+00
-1.6735e+01     0.0000e+00  0.0000e+00 -0.0000e+00 -0.0000e+00  0.0000e+00  0.0000e+00 -0.0000e+00 -0.0000e+00
-1.6697e+01     0.0000e+00  0.0000e+00 -0.0000e+00 -0.0000e+00  0.0000e+00  0.0000e+00 -0.0000e+00 -0.0000e+00
-1.6658e+01     0.0000e+00  0.0000e+00 -0.0000e+00 -0.0000e+00  0.0000e+00  0.0000e+00 -0.0000e+00 -0.0000e+00
-1.6620e+01     0.0000e+00  0.0000e+00 -0.0000e+00 -0.0000e+00  0.0000e+00  0.0000e+00 -0.0000e+00 -0.0000e+00
-1.6582e+01     0.0000e+00  0.0000e+00 -0.0000e+00 -0.0000e+00  0.0000e+00  0.0000e+00 -0.0000e+00 -0.0000e+00
-1.6543e+01     0.0000e+00  0.0000e+00 -0.0000e+00 -0.0000e+00  0.0000e+00  0.0000e+00 -0.0000e+00 -0.0000e+00
-1.6505e+01     0.0000e+00  0.0000e+00 -0.0000e+00 -0.0000e+00  0.0000e+00  0.0000e+00 -0.0000e+00 -0.0000e+00
-1.6467e+01     0.0000e+00  0.0000e+00 -0.0000e+00 -0.0000e+00  0.0000e+00  0.0000e+00 -0.0000e+00 -0.0000e+00
-1.6428e+01     0.0000e+00  0.0000e+00 -0.0000e+00 -0.0000e+00  0.0000e+00  0.0000e+00 -0.0000e+00 -0.0000e+00
-1.6390e+01     0.0000e+00  0.0000e+00 -0.0000e+00 -0.0000e+00  0.0000e+00  0.0000e+00 -0.0000e+00 -0.0000e+00
-1.6352e+01     0.0000e+00  0.0000e+00 -0.0000e+00 -0.0000e+00  0.0000e+00  0.0000e+00 -0.0000e+00 -0.0000e+00
-1.6313e+01     0.0000e+00  0.0000e+00 -0.0000e+00 -0.0000e+00  0.0000e+00  0.0000e+00 -0.0000e+00 -0.0000e+00
-1.6275e+01     0.0000e+00  0.0000e+00 -0.0000e+00 -0.0000e+00  0.0000e+00  0.0000e+00 -0.0000e+00 -0.0000e+00
-1.6237e+01     0.0000e+00  0.0000e+00 -0.0000e+00 -0.0000e+00  0.0000e+00  0.0000e+00 -0.0000e+00 -0.0000e+00
-1.6198e+01     0.0000e+00  0.0000e+00 -0.0000e+00 -0.0000e+00  0.0000e+00  0.0000e+00 -0.0000e+00 -0.0000e+00
-1.6160e+01     0.0000e+00  0.0000e+00 -0.0000e+00 -0.0000e+00  0.0000e+00  0.0000e+00 -0.0000e+00 -0.0000e+00
-1.6122e+01     0.0000e+00  0.0000e+00 -0.0000e+00 -0.0000e+00  0.0000e+00  0.0000e+00 -0.0000e+00 -0.0000e+00
-1.6083e+01     0.0000e+00  0.0000e+00 -0.0000e+00 -0.0000e+00  0.0000e+00  0.0000e+00 -0.0000e+00 -0.0000e+00
-1.6045e+01     0.0000e+00  0.0000e+00 -0.0000e+00 -0.0000e+00  0.0000e+00  0.0000e+00 -0.0000e+00 -0.0000e+00
-1.6007e+01     0.0000e+00  0.0000e+00 -0.0000e+00 -0.0000e+00  0.0000e+00  0.0000e+00 -0.0000e+00 -0.0000e+00
-1.5968e+01     0.0000e+00  0.0000e+00 -0.0000e+00 -0.0000e+00  0.0000e+00  0.0000e+00 -0.0000e+00 -0.0000e+00
-1.5930e+01     0.0000e+00  0.0000e+00 -0.0000e+00 -0.0000e+00  0.0000e+00  0.0000e+00 -0.0000e+00 -0.0000e+00
-1.5892e+01     0.0000e+00  0.0000e+00 -0.0000e+00 -0.0000e+00  0.0000e+00  0.0000e+00 -0.0000e+00 -0.0000e+00
-1.5853e+01     0.0000e+00  0.0000e+00 -0.0000e+00 -0.0000e+00  0.0000e+00  0.0000e+00 -0.0000e+00 -0.0000e+00
-1.5815e+01     0.0000e+00  0.0000e+00 -0.0000e+00 -0.0000e+00  0.0000e+00  0.0000e+00 -0.0000e+00 -0.0000e+00
-1.5777e+01     0.0000e+00  0.0000e+00 -0.0000e+00 -0.0000e+00  0.0000e+00  0.0000e+00 -0.0000e+00 -0.0000e+00
-1.5738e+01     0.0000e+00  0.0000e+00 -0.0000e+00 -0.0000e+00  0.0000e+00  0.0000e+00 -0.0000e+00 -0.0000e+00
-1.5700e+01     0.0000e+00  0.0000e+00 -0.0000e+00 -0.0000e+00  0.0000e+00  0.0000e+00 -0.0000e+00 -0.0000e+00
-1.5662e+01     0.0000e+00  0.0000e+00 -0.0000e+00 -0.0000e+00  0.0000e+00  0.0000e+00 -0.0000e+00 -0.0000e+00
-1.5623e+01     0.0000e+00  0.0000e+00 -0.0000e+00 -0.0000e+00  0.0000e+00  0.0000e+00 -0.0000e+00 -0.0000e+00
-1.5585e+01     0.0000e+00  0.0000e+00 -0.0000e+00 -0.0000e+00  0.0000e+00  0.0000e+00 -0.0000e+00 -0.0000e+00
-1.5547e+01     0.0000e+00  0.0000e+00 -0.0000e+00 -0.0000e+00  0.0000e+00  0.0000e+00 -0.0000e+00 -0.0000e+00
-1.5508e+01     0.0000e+00  0.0000e+00 -0.0000e+00 -0.0000e+00  0.0000e+00  0.0000e+00 -0.0000e+00 -0.0000e+00
-1.5470e+01     0.0000e+00  0.0000e+00 -0.0000e+00 -0.0000e+00  0.0000e+00  0.0000e+00 -0.0000e+00 -0.0000e+00
-1.5432e+01     0.0000e+00  0.0000e+00 -0.0000e+00 -0.0000e+00  0.0000e+00  0.0000e+00 -0.0000e+00 -0.0000e+00
-1.5393e+01     0.0000e+00  0.0000e+00 -0.0000e+00 -0.0000e+00  0.0000e+00  0.0000e+00 -0.0000e+00 -0.0000e+00
-1.5355e+01     1.9206e+01  4.9074e-01 -1.9206e+01 -5.0167e-01  3.6751e-01  9.3902e-03 -3.6751e-01 -9.5994e-03
-1.5317e+01     1.1816e+01  3.5597e-01 -1.1816e+01 -4.1407e-01  9.6111e-01  2.5592e-02 -9.6111e-01 -2.7122e-02
-1.5278e+01     0.0000e+00  0.0000e+00 -0.0000e+00 -0.0000e+00  1.1872e+00  3.2403e-02 -1.1872e+00 -3.5045e-02
-1.5240e+01     7.6066e+00  1.7324e-01 -7.6066e+00 -1.4072e-01  1.3328e+00  3.5718e-02 -1.3328e+00 -3.7738e-02
-1.5202e+01     1.2605e+01  2.5624e-01 -1.2605e+01 -1.8018e-01  1.7195e+00  4.3936e-02 -1.7195e+00 -4.3878e-02
-1.5163e+01     8.3880e+00  1.2158e-01 -8.3880e+00 -1.0222e-01  2.1212e+00  5.1166e-02 -2.1212e+00 -4.9282e-02
-1.5125e+01     8.4127e+00  2.1632e-01 -8.4127e+00 -2.3533e-01  2.4427e+00  5.7631e-02 -2.4427e+00 -5.5741e-02
-1.5087e+01     7.2630e+00  2.4020e-01 -7.2630e+00 -2.1743e-01  2.7426e+00  6.6367e-02 -2.7426e+00 -6.4404e-02
-1.5048e+01     4.6796e+00  1.7516e-01 -4.6796e+00 -1.4249e-01  2.9711e+00  7.4315e-02 -2.9711e+00 -7.1291e-02
-1.5010e+01     9.7147e-01  4.2680e-02 -9.7147e-01 -3.9699e-02  3.0793e+00  7.8483e-02 -3.0793e+00 -7.4777e-02
-1.4972e+01     6.6084e-01  2.4279e-02 -6.6084e-01 -3.1496e-02  3.1105e+00  7.9764e-02 -3.1105e+00 -7.6140e-02
-1.4933e+01     8.8680e+00  4.2104e-01 -8.8680e+00 -4.3735e-01  3.2928e+00  8.8285e-02 -3.2928e+00 -8.5111e-02
-1.4895e+01     1.1304e+01  3.8185e-01 -1.1304e+01 -4.5117e-01  3.6788e+00  1.0365e-01 -3.6788e+00 -1.0211e-01
-1.4857e+01     5.0954e+00  1.6003e-01 -5.0954e+00 -2.1042e-01  3.9926e+00  1.1402e-01 -3.9926e+00 -1.1477e-01
-1.4818e+01     2.6554e-01  4.4499e-03 -2.6554e-01 -5.9519e-03  4.0952e+00  1.1716e-01 -4.0952e+00 -1.1891e-01
-1.4780e+01     2.5281e+00  3.1819e-02 -2.5281e+00 -2.7355e-02  4.1486e+00  1.1786e-01 -4.1486e+00 -1.1955e-01
-1.4742e+01     6.8310e+00  9.9819e-02 -6.8310e+00 -9.5281e-02  4.3277e+00  1.2038e-01 -4.3277e+00 -1.2190e-01
-1.4703e+01     9.7011e+00  1.5487e-01 -9.7011e+00 -1.5762e-01  4.6441e+00  1.2525e-01 -4.6441e+00 -1.2674e-01
-1.4665e+01     6.8431e+00  1.1730e-01 -6.8431e+00 -1.2280e-01  4.9606e+00  1.3046e-01 -4.9606e+00 -1.3210e-01
-1.4627e+01     0.0000e+00  0.0000e+00 -0.0000e+00 -0.0000e+00  5.0916e+00  1.3270e-01 -5.0916e+00 -1.3445e-01
-1.4588e+01     2.5885e+00  2.4762e-02 -2.5885e+00 -2.9682e-02  5.1411e+00  1.3318e-01 -5.1411e+00 -1.3502e-01
-1.4550e+01     9.8708e+00  1.6454e-01 -9.8708e+00 -1.4474e-01  5.3795e+00  1.3680e-01 -5.3795e+00 -1.3836e-01
-1.4512e+01     1.5177e+01  1.9972e-01 -1.5177e+01 -1.9561e-01  5.8588e+00  1.4377e-01 -5.8588e+00 -1.4487e-01
-1.4473e+01     7.4733e+00  1.4334e-01 -7.4733e+00 -1.9783e-01  6.2922e+00  1.5033e-01 -6.2922e+00 -1.5240e-01
-1.4435e+01     1.5600e+01  4.7083e-01 -1.5600e+01 -4.5860e-01  6.7337e+00  1.6209e-01 -6.7337e+00 -1.6496e-01
-1.4397e+01     6.2268e+00  1.9060e-01 -6.2268e+00 -1.5122e-01  7.1514e+00  1.7474e-01 -7.1514e+00 -1.7663e-01
-1.4358e+01     4.4720e+00  6.5154e-02 -4.4720e+00 -4.7500e-02  7.3561e+00  1.7964e-01 -7.3561e+00 -1.8043e-01
-1.4320e+01     5.8703e+00  7.4930e-02 -5.8703e+00 -7.0526e-02  7.5540e+00  1.8232e-01 -7.5540e+00 -1.8269e-01
-1.4282e+01     1.1855e+01  1.4107e-01 -1.1855e+01 -1.4507e-01  7.8932e+00  1.8645e-01 -7.8932e+00 -1.8681e-01
-1.4243e+01     3.3427e+00  5.9155e-02 -3.3427e+00 -4.8373e-02  8.1840e+00  1.9028e-01 -8.1840e+00 -1.9051e-01
-1.4205e+01     1.5654e-03  2.3458e-05 -1.5653e-03 -2.3458e-05  8.2480e+00  1.9141e-01 -8.2480e+00 -1.9144e-01
-1.4167e+01     4.2789e+00  1.1786e-01 -4.2789e+00 -1.0337e-01  8.3299e+00  1.9367e-01 -8.3299e+00 -1.9342e-01
-1.4128e+01     7.6801e+00  1.9145e-01 -7.6801e+00 -1.8225e-01  8.5587e+00  1.9959e-01 -8.5587e+00 -1.9888e-01
-1.4090e+01     9.2461e+00  1.6670e-01 -9.2461e+00 -1.7838e-01  8.8826e+00  2.0644e-01 -8.8826e+00 -2.0578e-01
-1.4052e+01     4.2128e+00  6.3229e-02 -4.2128e+00 -5.5836e-02  9.1401e+00  2.1084e-01 -9.1401e+00 -2.1027e-01
-1.4013e+01     4.8641e+00  1.4529e-01 -4.8641e+00 -1.7950e-01  9.3138e+00  2.1483e-01 -9.3138e+00 -2.1477e-01
-1.3975e+01     7.0202e+00  3.0312e-01 -7.0202e+00 -2.9548e-01  9.5412e+00  2.2341e-01 -9.5412e+00 -2.2386e-01
-1.3937e+01     8.3482e+00  2.7228e-01 -8.3482e+00 -2.4301e-01  9.8353e+00  2.3442e-01 -9.8353e+00 -2.3416e-01
-1.3898e+01     8.4198e+00  2.2583e-01 -8.4198e+00 -2.0642e-01  1.0156e+01  2.4395e-01 -1.0156e+01 -2.4276e-01
-1.3860e+01     9.1735e+00  2.2809e-01 -9.1735e+00 -2.5379e-01  1.0493e+01  2.5264e-01 -1.0493e+01 -2.5157e-01
-1.3822e+01     9.2223e+00  2.8607e-01 -9.2223e+00 -3.1540e-01  1.0845e+01  2.6248e-01 -1.0845e+01 -2.6246e-01
-1.3783e+01     5.3526e+00  1.9771e-01 -5.3526e+00 -2.1056e-01  1.1124e+01  2.7173e-01 -1.1124e+01 -2.7252e-01
-1.3745e+01     2.2510e-02  3.9399e-04 -2.2510e-02 -3.9399e-04  1.1226e+01  2.7552e-01 -1.1226e+01 -2.7656e-01
-1.3707e+01     2.3157e+00  4.2323e-02 -2.3157e+00 -3.9564e-02  1.1271e+01  2.7634e-01 -1.1271e+01 -2.7732e-01
-1.3668e+01     8.7704e+00  1.7782e-01 -8.7704e+00 -1.7043e-01  1.1483e+01  2.8055e-01 -1.1483e+01 -2.8134e-01
-1.3630e+01     7.4472e+00  1.2519e-01 -7.4472e+00 -1.2111e-01  1.1794e+01  2.8635e-01 -1.1794e+01 -2.8692e-01
-1.3592e+01     5.7311e+00  7.6444e-02 -5.7311e+00 -7.6395e-02  1.2046e+01  2.9021e-01 -1.2046e+01 -2.9070e-01
-1.3553e+01     1.6368e+00  2.9476e-02 -1.6368e+00 -1.9698e-02  1.2187e+01  2.9224e-01 -1.2187e+01 -2.9254e-01
-1.3515e+01     5.6053e+00  1.1033e-01 -5.6053e+00 -1.0794e-01  1.2325e+01  2.9491e-01 -1.2325e+01 -2.9498e-01
-1.3477e+01     1.0416e+01  1.8114e-01 -1.0416e+01 -1.7389e-01  1.2632e+01  3.0049e-01 -1.2632e+01 -3.0037e-01
-1.3438e+01     8.3504e+00  1.5196e-01 -8.3504e+00 -1.5287e-01  1.2991e+01  3.0686e-01 -1.2991e+01 -3.0663e-01
-1.3400e+01     3.9066e+00  4.6278e-02 -3.9066e+00 -4.7455e-02  1.3226e+01  3.1066e-01 -1.3226e+01 -3.1046e-01
-1.3362e+01     7.9776e+00  1.2175e-01 -7.9776e+00 -1.1346e-01  1.3453e+01  3.1387e-01 -1.3453e+01 -3.1354e-01
-1.3323e+01     9.3860e+00  1.9416e-01 -9.3860e+00 -1.6762e-01  1.3785e+01  3.1992e-01 -1.3785e+01 -3.1892e-01
-1.3285e+01     6.2281e+00  8.9308e-02 -6.2281e+00 -9.1654e-02  1.4084e+01  3.2534e-01 -1.4084e+01 -3.2388e-01
-1.3247e+01     1.4315e+01  1.7429e-01 -1.4315e+01 -1.9349e-01  1.4477e+01  3.3038e-01 -1.4477e+01 -3.2933e-01
-1.3208e+01     9.1292e+00  1.0168e-01 -9.1292e+00 -1.1946e-01  1.4926e+01  3.3566e-01 -1.4926e+01 -3.3532e-01
-1.3170e+01     7.9098e+00  9.6142e-02 -7.9098e+00 -9.4435e-02  1.5252e+01  3.3945e-01 -1.5252e+01 -3.3942e-01
-1.3132e+01     1.0192e+01  1.2095e-01 -1.0192e+01 -1.1129e-01  1.5598e+01  3.4360e-01 -1.5598e+01 -3.4335e-01
-1.3093e+01     6.4731e+00  6.0168e-02 -6.4731e+00 -6.2047e-02  1.5917e+01  3.4707e-01 -1.5917e+01 -3.4667e-01
-1.3055e+01     6.0836e+00  8.2722e-02 -6.0836e+00 -9.5068e-02  1.6157e+01  3.4980e-01 -1.6157e+01 -3.4968e-01
-1.3017e+01     1.3882e+01  1.5054e-01 -1.3882e+01 -1.6728e-01  1.6539e+01  3.5427e-01 -1.6539e+01 -3.5470e-01
-1.2978e+01     6.6669e+00  7.1349e-02 -6.6669e+00 -6.7377e-02  1.6933e+01  3.5851e-01 -1.6933e+01 -3.5919e-01
-1.2940e+01     8.1786e+00  9.5444e-02 -8.1786e+00 -9.5389e-02  1.7217e+01  3.6170e-01 -1.7217e+01 -3.6230e-01
-1.2902e+01     6.1837e+00  7.2948e-02 -6.1837e+00 -7.1589e-02  1.7491e+01  3.6493e-01 -1.7491e+01 -3.6550e-01
-1.2863e+01     4.6745e+00  6.2819e-02 -4.6745e+00 -6.2047e-02  1.7699e+01  3.6752e-01 -1.7699e+01 -3.6805e-01
-1.2825e+01     6.4610e+00  6.8607e-02 -6.4610e+00 -6.5148e-02  1.7912e+01  3.7004e-01 -1.7912e+01 -3.7049e-01
-1.2787e+01     1.1532e+01  9.7940e-02 -1.1532e+01 -8.9914e-02  1.8257e+01  3.7323e-01 -1.8257e+01 -3.7345e-01
-1.2748e+01     6.4551e+00  4.8782e-02 -6.4551e+00 -4.3620e-02  1.8601e+01  3.7603e-01 -1.8601e+01 -3.7601e-01
-1.2710e+01     6.5653e+00  4.2869e-02 -6.5653e+00 -4.2179e-02  1.8850e+01  3.7779e-01 -1.8850e+01 -3.7765e-01
-1.2672e+01     8.7539e+00  5.8780e-02 -8.7539e+00 -5.7423e-02  1.9143e+01  3.7973e-01 -1.9143e+01 -3.7956e-01
-1.2633e+01     9.6732e+00  5.8036e-02 -9.6732e+00 -5.4120e-02  1.9496e+01  3.8197e-01 -1.9496e+01 -3.8169e-01
-1.2595e+01     5.3506e+00  2.8195e-02 -5.3506e+00 -2.7770e-02  1.9783e+01  3.8362e-01 -1.9783e+01 -3.8326e-01
-1.2557e+01     1.6428e+01  1.1035e-01 -1.6428e+01 -1.1454e-01  2.0200e+01  3.8627e-01 -2.0200e+01 -3.8598e-01
-1.2518e+01     6.8531e+00  6.0514e-02 -6.8531e+00 -6.2068e-02  2.0645e+01  3.8954e-01 -2.0645e+01 -3.8936e-01
-1.2480e+01     1.3753e+01  1.1961e-01 -1.3753e+01 -1.2929e-01  2.1040e+01  3.9298e-01 -2.1040e+01 -3.9302e-01
-1.2442e+01     6.2736e+00  5.4609e-02 -6.2736e+00 -6.3353e-02  2.1423e+01  3.9632e-01 -2.1423e+01 -3.9671e-01
-1.2403e+01     5.0240e+00  4.3661e-02 -5.0240e+00 -5.5696e-02  2.1639e+01  3.9820e-01 -2.1639e+01 -3.9899e-01
-1.2365e+01     1.7701e+01  1.7926e-01 -1.7701e+01 -1.8148e-01  2.2074e+01  4.0246e-01 -2.2074e+01 -4.0352e-01
-1.2327e+01     7.0791e+00  1.1256e-01 -7.0791e+00 -8.3380e-02  2.2548e+01  4.0805e-01 -2.2548e+01 -4.0859e-01
-1.2288e+01     1.8554e+01  2.6299e-01 -1.8554e+01 -2.1479e-01  2.3038e+01  4.1523e-01 -2.3038e+01 -4.1430e-01
-1.2250e+01     6.7789e+00  8.0497e-02 -6.7789e+00 -7.8640e-02  2.3523e+01  4.2181e-01 -2.3523e+01 -4.1991e-01
-1.2212e+01     0.0000e+00  0.0000e+00 -0.0000e+00 -0.0000e+00  2.3653e+01  4.2335e-01 -2.3653e+01 -4.2142e-01
-1.2173e+01     8.5468e+00  1.5108e-01 -8.5468e+00 -1.6788e-01  2.3816e+01  4.2624e-01 -2.3816e+01 -4.2463e-01
-1.2135e+01     1.6688e+01  2.6476e-01 -1.6688e+01 -2.9774e-01  2.4299e+01  4.3419e-01 -2.4299e+01 -4.3354e-01
-1.2097e+01     5.0350e+00  6.6650e-02 -5.0350e+00 -6.8878e-02  2.4715e+01  4.4054e-01 -2.4715e+01 -4.4055e-01
-1.2058e+01     2.5269e+01  3.6513e-01 -2.5269e+01 -3.5817e-01  2.5295e+01  4.4880e-01 -2.5295e+01 -4.4873e-01
-1.2020e+01     1.6161e+01  2.0045e-01 -1.6161e+01 -1.7773e-01  2.6088e+01  4.5962e-01 -2.6088e+01 -4.5898e-01
-1.1982e+01     9.2801e+00  1.2663e-01 -9.2801e+00 -1.0879e-01  2.6574e+01  4.6588e-01 -2.6574e+01 -4.6446e-01
-1.1943e+01     9.4640e+00  1.2340e-01 -9.4640e+00 -1.2057e-01  2.6933e+01  4.7066e-01 -2.6933e+01 -4.6885e-01
-1.1905e+01     1.8888e+01  2.5377e-01 -1.8888e+01 -2.6713e-01  2.7476e+01  4.7788e-01 -2.7476e+01 -4.7627e-01
-1.1867e+01     7.8270e+00  8.4658e-02 -7.8270e+00 -9.7421e-02  2.7987e+01  4.8436e-01 -2.7987e+01 -4.8325e-01
-1.1828e+01     1.6072e+01  1.4055e-01 -1.6072e+01 -1.6515e-01  2.8444e+01  4.8867e-01 -2.8444e+01 -4.8827e-01
-1.1790e+01     2.0284e+01  2.1468e-01 -2.0284e+01 -1.8888e-01  2.9140e+01  4.9546e-01 -2.9140e+01 -4.9504e-01
-1.1752e+01     8.9810e-01  4.4503e-03 -8.9810e-01 -6.1413e-03  2.9545e+01  4.9966e-01 -2.9545e+01 -4.9878e-01
-1.1713e+01     1.4049e+01  1.1133e-01 -1.4049e+01 -1.1229e-01  2.9831e+01  5.0187e-01 -2.9831e+01 -5.0104e-01
-1.1675e+01     8.0261e+00  6.0301e-02 -8.0261e+00 -6.8314e-02  3.0253e+01  5.0516e-01 -3.0253e+01 -5.0450e-01
-1.1637e+01     0.0000e+00  0.0000e+00 -0.0000e+00 -0.0000e+00  3.0407e+01  5.0631e-01 -3.0407e+01 -5.0581e-01
-1.1598e+01     7.9916e+00  4.3112e-02 -7.9916e+00 -3.9217e-02  3.0560e+01  5.0713e-01 -3.0560e+01 -5.0656e-01
-1.1560e+01     1.3324e+01  4.9089e-02 -1.3324e+01 -5.4791e-02  3.0968e+01  5.0890e-01 -3.0968e+01 -5.0835e-01
-1.1522e+01     2.1569e+01  1.2913e-01 -2.1569e+01 -1.1121e-01  3.1635e+01  5.1231e-01 -3.1635e+01 -5.1153e-01
-1.1483e+01     1.4157e+01  7.6615e-02 -1.4157e+01 -6.4067e-02  3.2319e+01  5.1625e-01 -3.2319e+01 -5.1488e-01
-1.1445e+01     1.0939e+01  1.0698e-01 -1.0939e+01 -9.7046e-02  3.2799e+01  5.1976e-01 -3.2799e+01 -5.1797e-01
-1.1407e+01     5.5372e+00  5.4562e-02 -5.5372e+00 -4.7394e-02  3.3115e+01  5.2285e-01 -3.3115e+01 -5.2073e-01
-1.1368e+01     1.7885e+01  1.3685e-01 -1.7885e+01 -1.3482e-01  3.3563e+01  5.2651e-01 -3.3563e+01 -5.2422e-01
-1.1330e+01     3.0142e+01  4.0729e-01 -3.0142e+01 -4.3218e-01  3.4482e+01  5.3692e-01 -3.4482e+01 -5.3507e-01
-1.1292e+01     1.3089e+01  2.3735e-01 -1.3089e+01 -2.6527e-01  3.5309e+01  5.4926e-01 -3.5309e+01 -5.4841e-01
-1.1253e+01     1.4018e+01  3.1254e-01 -1.4018e+01 -3.3344e-01  3.5828e+01  5.5978e-01 -3.5828e+01 -5.5987e-01
-1.1215e+01     1.3856e+01  1.8009e-01 -1.3856e+01 -2.3083e-01  3.6361e+01  5.6921e-01 -3.6361e+01 -5.7067e-01
-1.1177e+01     1.8508e+01  2.8262e-01 -1.8508e+01 -3.2367e-01  3.6980e+01  5.7806e-01 -3.6980e+01 -5.8128e-01
-1.1138e+01     1.4604e+01  1.6458e-01 -1.4604e+01 -1.3198e-01  3.7614e+01  5.8662e-01 -3.7614e+01 -5.9000e-01
-1.1100e+01     8.0634e+00  7.7044e-02 -8.0634e+00 -7.4330e-02  3.8048e+01  5.9124e-01 -3.8048e+01 -5.9394e-01
-1.1062e+01     1.1676e+01  1.7510e-01 -1.1676e+01 -1.4303e-01  3.8425e+01  5.9607e-01 -3.8425e+01 -5.9810e-01
-1.1023e+01     1.5934e+01  1.6102e-01 -1.5934e+01 -1.5202e-01  3.8954e+01  6.0250e-01 -3.8954e+01 -6.0375e-01
-1.0985e+01     1.8197e+00  1.8666e-02 -1.8197e+00 -1.7667e-02  3.9293e+01  6.0594e-01 -3.9293e+01 -6.0700e-01
-1.0947e+01     1.3402e+01  1.1032e-01 -1.3402e+01 -1.2788e-01  3.9585e+01  6.0840e-01 -3.9585e+01 -6.0978e-01
-1.0908e+01     7.4838e+00  5.4794e-02 -7.4838e+00 -6.7897e-02  3.9984e+01  6.1156e-01 -3.9984e+01 -6.1353e-01
-1.0870e+01     1.2347e+01  1.1150e-01 -1.2347e+01 -1.1787e-01  4.0364e+01  6.1475e-01 -4.0364e+01 -6.1708e-01
-1.0832e+01     1.6376e+01  1.4257e-01 -1.6376e+01 -1.4276e-01  4.0913e+01  6.1961e-01 -4.0913e+01 -6.2207e-01
-1.0793e+01     1.6301e+01  9.4451e-02 -1.6301e+01 -9.1788e-02  4.1539e+01  6.2414e-01 -4.1539e+01 -6.2656e-01
-1.0755e+01     1.5776e+01  9.5191e-02 -1.5776e+01 -8.6632e-02  4.2152e+01  6.2777e-01 -4.2152e+01 -6.2997e-01
-1.0717e+01     2.7696e+01  1.7754e-01 -2.7696e+01 -1.8009e-01  4.2984e+01  6.3299e-01 -4.2984e+01 -6.3507e-01
-1.0678e+01     5.1331e+01  4.5113e-01 -5.1331e+01 -4.7796e-01  4.4496e+01  6.4502e-01 -4.4496e+01 -6.4767e-01
-1.0640e+01     3.9445e-01  4.5113e-03 -3.9445e-01 -3.8016e-03  4.5486e+01  6.5374e-01 -4.5486e+01 -6.5688e-01
-1.0602e+01     1.9605e+01  2.5152e-01 -1.9605e+01 -2.0404e-01  4.5869e+01  6.5864e-01 -4.5869e+01 -6.6086e-01
-1.0563e+01     1.9825e+01  2.4978e-01 -1.9825e+01 -2.0651e-01  4.6623e+01  6.6823e-01 -4.6623e+01 -6.6872e-01
-1.0525e+01     1.1881e+01  9.3426e-02 -1.1881e+01 -8.4469e-02  4.7230e+01  6.7480e-01 -4.7230e+01 -6.7429e-01
-1.0487e+01     1.9038e+01  1.3830e-01 -1.9038e+01 -1.4435e-01  4.7822e+01  6.7923e-01 -4.7822e+01 -6.7866e-01
-1.0448e+01     1.0982e+01  6.8206e-02 -1.0982e+01 -8.1974e-02  4.8396e+01  6.8318e-01 -4.8396e+01 -6.8299e-01
-1.0410e+01     2.8809e+01  1.1902e-01 -2.8809e+01 -2.0465e-01  4.9157e+01  6.8676e-01 -4.9157e+01 -6.8848e-01
-1.0372e+01     3.9226e+00  4.2008e-02 -3.9226e+00 -4.1908e-02  4.9784e+01  6.8985e-01 -4.9784e+01 -6.9320e-01
-1.0333e+01     2.8039e+01  7.6885e-02 -2.8039e+01 -7.2145e-02  5.0395e+01  6.9212e-01 -5.0395e+01 -6.9538e-01
-1.0295e+01     1.2151e+01  3.4197e-02 -1.2151e+01 -4.3288e-02  5.1164e+01  6.9425e-01 -5.1164e+01 -6.9759e-01
-1.0257e+01     2.1782e+01  7.3025e-02 -2.1782e+01 -7.8600e-02  5.1814e+01  6.9630e-01 -5.1814e+01 -6.9992e-01
-1.0218e+01     1.1364e+01  3.6791e-02 -1.1364e+01 -3.6433e-02  5.2448e+01  6.9840e-01 -5.2448e+01 -7.0212e-01
-1.0180e+01     2.7694e+01  5.2914e-02 -2.7694e+01 -6.1805e-02  5.3195e+01  7.0012e-01 -5.3195e+01 -7.0400e-01
-1.0142e+01     3.6507e+00  9.9437e-03 -3.6507e+00 -9.3139e-03  5.3795e+01  7.0132e-01 -5.3795e+01 -7.0536e-01
-1.0103e+01     1.8288e+01  3.9602e-02 -1.8288e+01 -4.1666e-02  5.4215e+01  7.0227e-01 -5.4215e+01 -7.0634e-01
-1.0065e+01     5.6658e+00  7.2469e-03 -5.6658e+00 -7.5786e-03  5.4673e+01  7.0316e-01 -5.4673e+01 -7.0728e-01
-1.0027e+01     8.6850e+00  3.2788e-02 -8.6850e+00 -3.3698e-02  5.4948e+01  7.0393e-01 -5.4948e+01 -7.0807e-01
-9.9883e+00     3.0469e+01  1.3445e-01 -3.0469e+01 -1.4315e-01  5.5697e+01  7.0713e-01 -5.5697e+01 -7.1145e-01
-9.9500e+00     1.5075e+01  7.2483e-02 -1.5075e+01 -9.4030e-02  5.6568e+01  7.1109e-01 -5.6568e+01 -7.1599e-01
-9.9117e+00     2.4690e+01  1.4824e-01 -2.4690e+01 -1.3869e-01  5.7329e+01  7.1531e-01 -5.7329e+01 -7.2044e-01
-9.8733e+00     3.8280e+00  4.1743e-02 -3.8280e+00 -3.2266e-02  5.7875e+01  7.1895e-01 -5.7875e+01 -7.2372e-01
-9.8350e+00     1.9060e+01  1.2607e-01 -1.9060e+01 -9.3947e-02  5.8313e+01  7.2216e-01 -5.8313e+01 -7.2613e-01
-9.7967e+00     4.9041e+01  2.8720e-01 -4.9041e+01 -2.8567e-01  5.9616e+01  7.3007e-01 -5.9616e+01 -7.3339e-01
-9.7583e+00     1.7416e+00  1.3691e-02 -1.7416e+00 -1.2708e-02  6.0588e+01  7.3582e-01 -6.0588e+01 -7.3910e-01
-9.7200e+00     2.1288e+01  1.4257e-01 -2.1288e+01 -1.8224e-01  6.1028e+01  7.3881e-01 -6.1028e+01 -7.4283e-01
-9.6817e+00     3.7182e+00  1.6283e-02 -3.7182e+00 -1.7005e-02  6.1507e+01  7.4185e-01 -6.1507e+01 -7.4665e-01
-9.6433e+00     2.3158e+01  8.4888e-02 -2.3158e+01 -8.6591e-02  6.2021e+01  7.4379e-01 -6.2021e+01 -7.4863e-01
-9.6050e+00     2.3998e+01  8.6707e-02 -2.3998e+01 -9.4837e-02  6.2923e+01  7.4707e-01 -6.2923e+01 -7.5210e-01
-9.5667e+00     3.6269e+01  1.3260e-01 -3.6269e+01 -1.2682e-01  6.4077e+01  7.5127e-01 -6.4077e+01 -7.5634e-01
-9.5283e+00     1.0422e+00  4.9912e-03 -1.0422e+00 -3.1843e-03  6.4791e+01  7.5390e-01 -6.4791e+01 -7.5883e-01
-9.4900e+00     1.6426e+01  7.6283e-02 -1.6426e+01 -6.5665e-02  6.5125e+01  7.5546e-01 -6.5125e+01 -7.6015e-01
-9.4517e+00     2.5250e+00  1.0968e-02 -2.5250e+00 -1.0947e-02  6.5487e+01  7.5713e-01 -6.5487e+01 -7.6161e-01
-9.4133e+00     1.0899e+01  3.7882e-02 -1.0899e+01 -4.2641e-02  6.5744e+01  7.5806e-01 -6.5744e+01 -7.6264e-01
-9.3750e+00     6.7329e+00  1.6246e-02 -6.7329e+00 -2.1967e-02  6.6082e+01  7.5910e-01 -6.6082e+01 -7.6387e-01
-9.3367e+00     1.8648e+01  6.7610e-02 -1.8648e+01 -5.7035e-02  6.6567e+01  7.6070e-01 -6.6567e+01 -7.6539e-01
-9.2983e+00     6.6700e+00  3.4813e-02 -6.6700e+00 -3.4629e-02  6.7052e+01  7.6266e-01 -6.7052e+01 -7.6714e-01
-9.2600e+00     1.7027e+01  6.8470e-02 -1.7027e+01 -6.6596e-02  6.7505e+01  7.6464e-01 -6.7505e+01 -7.6908e-01
-9.2217e+00     1.7322e+01  5.9954e-02 -1.7322e+01 -5.8777e-02  6.8163e+01  7.6710e-01 -6.8163e+01 -7.7148e-01
-9.1833e+00     1.1379e+01  4.5815e-02 -1.1379e+01 -5.0354e-02  6.8712e+01  7.6912e-01 -6.8712e+01 -7.7356e-01
-9.1450e+00     1.3945e+01  4.3945e-02 -1.3945e+01 -5.1085e-02  6.9196e+01  7.7084e-01 -6.9196e+01 -7.7551e-01
-9.1067e+00     1.0039e+01  2.7211e-02 -1.0039e+01 -3.3796e-02  6.9655e+01  7.7220e-01 -6.9655e+01 -7.7713e-01
-9.0683e+00     1.8672e+01  6.4976e-02 -1.8672e+01 -7.2014e-02  7.0205e+01  7.7396e-01 -7.0205e+01 -7.7915e-01
-9.0300e+00     7.6147e+00  2.0879e-02 -7.6147e+00 -2.3382e-02  7.0708e+01  7.7560e-01 -7.0708e+01 -7.8098e-01
-8.9917e+00     4.1151e+00  1.7360e-02 -4.1151e+00 -1.3907e-02  7.0932e+01  7.7634e-01 -7.0932e+01 -7.8169e-01
-8.9533e+00     3.4633e+01  1.7363e-01 -3.4633e+01 -1.6911e-01  7.1673e+01  7.7999e-01 -7.1673e+01 -7.8520e-01
-8.9150e+00     3.6477e+01  1.6634e-01 -3.6477e+01 -1.7349e-01  7.3034e+01  7.8650e-01 -7.3034e+01 -7.9175e-01
-8.8767e+00     1.2768e+01  8.3361e-02 -1.2768e+01 -7.5093e-02  7.3976e+01  7.9127e-01 -7.3976e+01 -7.9651e-01
-8.8383e+00     7.4439e+00  3.9656e-02 -7.4439e+00 -3.8692e-02  7.4363e+01  7.9363e-01 -7.4363e+01 -7.9868e-01
-8.8000e+00     1.4423e+01  9.1558e-02 -1.4423e+01 -9.4758e-02  7.4782e+01  7.9614e-01 -7.4782e+01 -8.0124e-01
-8.7617e+00     2.0523e+01  1.6537e-01 -2.0523e+01 -1.6341e-01  7.5450e+01  8.0106e-01 -7.5450e+01 -8.0618e-01
-8.7233e+00     2.2969e+01  1.5274e-01 -2.2969e+01 -1.5341e-01  7.6282e+01  8.0714e-01 -7.6282e+01 -8.1224e-01
-8.6850e+00     1.8596e+01  1.1378e-01 -1.8596e+01 -1.0965e-01  7.7078e+01  8.1224e-01 -7.7078e+01 -8.1727e-01
-8.6467e+00     2.3513e+01  1.4971e-01 -2.3513e+01 -1.4730e-01  7.7884e+01  8.1728e-01 -7.7884e+01 -8.2219e-01
-8.6083e+00     1.6621e+01  8.9875e-02 -1.6621e+01 -8.6890e-02  7.8652e+01  8.2187e-01 -7.8652e+01 -8.2667e-01
-8.5700e+00     1.0282e+01  6.0099e-02 -1.0282e+01 -4.5852e-02  7.9166e+01  8.2474e-01 -7.9166e+01 -8.2921e-01
-8.5317e+00     2.4720e+01  8.7144e-02 -2.4720e+01 -8.5079e-02  7.9836e+01  8.2756e-01 -7.9836e+01 -8.3172e-01
-8.4933e+00     3.5974e+01  1.6734e-01 -3.5974e+01 -1.6322e-01  8.0997e+01  8.3243e-01 -8.0997e+01 -8.3647e-01
-8.4550e+00     2.6752e+01  1.2525e-01 -2.6752e+01 -1.3325e-01  8.2198e+01  8.3802e-01 -8.2198e+01 -8.4214e-01
-8.4167e+00     1.1964e+01  5.8937e-02 -1.1964e+01 -5.6431e-02  8.2939e+01  8.4155e-01 -8.2939e+01 -8.4577e-01
-8.3783e+00     1.6576e+01  7.6923e-02 -1.6576e+01 -7.6848e-02  8.3485e+01  8.4415e-01 -8.3485e+01 -8.4832e-01
-8.3400e+00     1.4440e+01  4.5995e-02 -1.4440e+01 -5.1645e-02  8.4078e+01  8.4650e-01 -8.4078e+01 -8.5078e-01
-8.3017e+00     1.3962e+01  4.9384e-02 -1.3962e+01 -4.8765e-02  8.4622e+01  8.4832e-01 -8.4622e+01 -8.5270e-01
-8.2633e+00     1.6506e+01  5.4779e-02 -1.6506e+01 -5.7547e-02  8.5205e+01  8.5032e-01 -8.5205e+01 -8.5474e-01
-8.2250e+00     1.3973e+01  5.0119e-02 -1.3973e+01 -5.8244e-02  8.5788e+01  8.5233e-01 -8.5788e+01 -8.5695e-01
-8.1867e+00     2.3938e+01  9.2201e-02 -2.3938e+01 -8.3837e-02  8.6513e+01  8.5505e-01 -8.6513e+01 -8.5967e-01
-8.1483e+00     3.8329e+01  1.8302e-01 -3.8329e+01 -1.6031e-01  8.7705e+01  8.6031e-01 -8.7705e+01 -8.6434e-01
-8.1100e+00     3.1063e+01  1.3009e-01 -3.1063e+01 -1.0460e-01  8.9032e+01  8.6631e-01 -8.9032e+01 -8.6941e-01
-8.0717e+00     2.1389e+01  9.0086e-02 -2.1389e+01 -8.4209e-02  9.0036e+01  8.7052e-01 -9.0036e+01 -8.7302e-01
-8.0333e+00     2.0666e+01  8.2431e-02 -2.0666e+01 -7.8946e-02  9.0841e+01  8.7382e-01 -9.0841e+01 -8.7615e-01
-7.9950e+00     1.3689e+01  4.5767e-02 -1.3689e+01 -4.2531e-02  9.1498e+01  8.7627e-01 -9.1498e+01 -8.7847e-01
-7.9567e+00     1.7197e+01  6.0797e-02 -1.7197e+01 -6.5519e-02  9.2089e+01  8.7831e-01 -9.2089e+01 -8.8054e-01
-7.9183e+00     2.8319e+01  1.0609e-01 -2.8319e+01 -1.0626e-01  9.2960e+01  8.8151e-01 -9.2960e+01 -8.8382e-01
-7.8800e+00     2.3366e+01  7.3948e-02 -2.3366e+01 -8.0292e-02  9.3949e+01  8.8495e-01 -9.3949e+01 -8.8739e-01
-7.8417e+00     3.5146e+01  9.7764e-02 -3.5146e+01 -1.1135e-01  9.5069e+01  8.8824e-01 -9.5069e+01 -8.9106e-01
-7.8033e+00     3.6617e+01  1.0045e-01 -3.6617e+01 -1.0974e-01  9.6442e+01  8.9203e-01 -9.6442e+01 -8.9529e-01
-7.7650e+00     3.4628e+01  1.0045e-01 -3.4628e+01 -1.0865e-01  9.7805e+01  8.9587e-01 -9.7805e+01 -8.9947e-01
-7.7267e+00     2.6896e+01  6.6396e-02 -2.6896e+01 -6.2916e-02  9.8982e+01  8.9907e-01 -9.8982e+01 -9.0275e-01
-7.6883e+00     2.4124e+01  4.9452e-02 -2.4124e+01 -4.6390e-02  9.9959e+01  9.0128e-01 -9.9959e+01 -9.0484e-01
-7.6500e+00     2.4333e+01  4.6529e-02 -2.4333e+01 -5.0634e-02  1.0089e+02  9.0312e-01 -1.0089e+02 -9.0670e-01
-7.6117e+00     2.2008e+01  4.1906e-02 -2.2008e+01 -4.2695e-02  1.0177e+02  9.0481e-01 -1.0177e+02 -9.0849e-01
-7.5733e+00     1.0482e+01  2.1808e-02 -1.0482e+01 -2.0398e-02  1.0239e+02  9.0603e-01 -1.0239e+02 -9.0969e-01
-7.5350e+00     3.0907e+01  5.8513e-02 -3.0907e+01 -6.1159e-02  1.0319e+02  9.0757e-01 -1.0319e+02 -9.1125e-01
-7.4967e+00     1.8416e+01  3.8464e-02 -1.8416e+01 -3.7004e-02  1.0413e+02  9.0942e-01 -1.0413e+02 -9.1313e-01
-7.4583e+00     2.3154e+01  5.3222e-02 -2.3154e+01 -5.2793e-02  1.0493e+02  9.1118e-01 -1.0493e+02 -9.1485e-01
-7.4200e+00     1.9086e+01  5.5263e-02 -1.9086e+01 -5.7233e-02  1.0573e+02  9.1325e-01 -1.0573e+02 -9.1696e-01
-7.3817e+00     1.0201e+01  3.2652e-02 -1.0201e+01 -3.3913e-02  1.0629e+02  9.1494e-01 -1.0629e+02 -9.1870e-01
-7.3433e+00     2.6693e+00  7.6054e-03 -2.6693e+00 -7.5498e-03  1.0654e+02  9.1571e-01 -1.0654e+02 -9.1949e-01
-7.3050e+00     1.2589e+01  3.1072e-02 -1.2589e+01 -3.0166e-02  1.0683e+02  9.1645e-01 -1.0683e+02 -9.2022e-01
-7.2667e+00     2.7651e+01  9.0713e-02 -2.7651e+01 -8.1287e-02  1.0760e+02  9.1878e-01 -1.0760e+02 -9.2235e-01
-7.2283e+00     3.2666e+01  6.6209e-02 -3.2666e+01 -6.7165e-02  1.0876e+02  9.2178e-01 -1.0876e+02 -9.2519e-01
-7.1900e+00     2.7354e+01  6.0858e-02 -2.7354e+01 -5.8083e-02  1.0991e+02  9.2421e-01 -1.0991e+02 -9.2759e-01
-7.1517e+00     3.6323e+01  6.8839e-02 -3.6323e+01 -6.6990e-02  1.1112e+02  9.2669e-01 -1.1112e+02 -9.2998e-01
-7.1133e+00     1.9478e+01  3.4688e-02 -1.9478e+01 -3.0800e-02  1.1219e+02  9.2867e-01 -1.1219e+02 -9.3185e-01
-7.0750e+00     1.9725e+01  2.9199e-02 -1.9725e+01 -3.0424e-02  1.1294e+02  9.2990e-01 -1.1294e+02 -9.3302e-01
-7.0367e+00     2.9027e+01  4.5657e-02 -2.9027e+01 -4.5686e-02  1.1387e+02  9.3133e-01 -1.1387e+02 -9.3448e-01
-6.9983e+00     3.5474e+01  5.7244e-02 -3.5474e+01 -5.6748e-02  1.1511e+02  9.3330e-01 -1.1511e+02 -9.3644e-01
-6.9600e+00     3.6225e+01  6.7291e-02 -3.6225e+01 -6.7740e-02  1.1648e+02  9.3568e-01 -1.1648e+02 -9.3882e-01
-6.9217e+00     3.0460e+01  5.8427e-02 -3.0460e+01 -5.5134e-02  1.1776e+02  9.3809e-01 -1.1776e+02 -9.4117e-01
-6.8833e+00     3.2364e+01  5.7971e-02 -3.2364e+01 -6.2383e-02  1.1896e+02  9.4031e-01 -1.1896e+02 -9.4342e-01
-6.8450e+00     1.7092e+01  3.6740e-02 -1.7092e+01 -3.3057e-02  1.1990e+02  9.4212e-01 -1.1990e+02 -9.4525e-01
-6.8067e+00     3.0447e+01  5.8598e-02 -3.0447e+01 -5.8409e-02  1.2081e+02  9.4395e-01 -1.2081e+02 -9.4700e-01
-6.7683e+00     1.3794e+01  2.1874e-02 -1.3794e+01 -2.1042e-02  1.2166e+02  9.4549e-01 -1.2166e+02 -9.4852e-01
-6.7300e+00     3.7047e+01  7.2808e-02 -3.7047e+01 -7.4048e-02  1.2263e+02  9.4730e-01 -1.2263e+02 -9.5034e-01
-6.6917e+00     2.1121e+01  3.2266e-02 -2.1121e+01 -2.5849e-02  1.2375e+02  9.4931e-01 -1.2375e+02 -9.5225e-01
-6.6533e+00     2.2728e+01  3.7749e-02 -2.2728e+01 -3.8028e-02  1.2459e+02  9.5065e-01 -1.2459e+02 -9.5347e-01
-6.6150e+00     1.9438e+01  2.5946e-02 -1.9438e+01 -2.5062e-02  1.2539e+02  9.5187e-01 -1.2539e+02 -9.5468e-01
-6.5767e+00     1.0458e+01  1.6078e-02 -1.0458e+01 -1.7567e-02  1.2596e+02  9.5267e-01 -1.2596e+02 -9.5549e-01
-6.5383e+00     1.3138e+01  2.3611e-02 -1.3138e+01 -2.4983e-02  1.2642e+02  9.5343e-01 -1.2642e+02 -9.5631e-01
-6.5000e+00     2.3527e+01  4.4086e-02 -2.3527e+01 -5.5062e-02  1.2712e+02  9.5473e-01 -1.2712e+02 -9.5784e-01
-6.4617e+00     2.3788e+01  4.7049e-02 -2.3788e+01 -4.5309e-02  1.2802e+02  9.5647e-01 -1.2802e+02 -9.5976e-01
-6.4233e+00     3.4509e+01  5.3223e-02 -3.4509e+01 -5.2302e-02  1.2914e+02  9.5839e-01 -1.2914e+02 -9.6163e-01
-6.3850e+00     2.7283e+01  6.5592e-02 -2.7283e+01 -6.2724e-02  1.3032e+02  9.6066e-01 -1.3032e+02 -9.6383e-01
-6.3467e+00     2.8621e+01  4.8487e-02 -2.8621e+01 -5.1033e-02  1.3139e+02  9.6285e-01 -1.3139e+02 -9.6600e-01
-6.3083e+00     4.3593e+01  9.7900e-02 -4.3593e+01 -1.0697e-01  1.3277e+02  9.6565e-01 -1.3277e+02 -9.6903e-01
-6.2700e+00     3.0427e+01  7.3468e-02 -3.0427e+01 -8.2971e-02  1.3419e+02  9.6893e-01 -1.3419e+02 -9.7266e-01
-6.2317e+00     1.8704e+01  2.9153e-02 -1.8704e+01 -3.5032e-02  1.3513e+02  9.7089e-01 -1.3513e+02 -9.7492e-01
-6.1933e+00     2.6345e+01  4.9729e-02 -2.6345e+01 -6.1757e-02  1.3599e+02  9.7240e-01 -1.3599e+02 -9.7677e-01
-6.1550e+00     2.0839e+01  2.9423e-02 -2.0839e+01 -3.1902e-02  1.3689e+02  9.7392e-01 -1.3689e+02 -9.7856e-01
-6.1167e+00     2.0346e+01  3.4791e-02 -2.0346e+01 -3.3411e-02  1.3768e+02  9.7514e-01 -1.3768e+02 -9.7981e-01
-6.0783e+00     2.7262e+01  4.3014e-02 -2.7262e+01 -4.4578e-02  1.3859e+02  9.7663e-01 -1.3859e+02 -9.8131e-01
-6.0400e+00     2.4046e+01  5.7632e-02 -2.4046e+01 -4.2557e-02  1.3957e+02  9.7856e-01 -1.3957e+02 -9.8297e-01
-6.0017e+00     4.7549e+01  6.6547e-02 -4.7549e+01 -7.0069e-02  1.4094e+02  9.8093e-01 -1.4094e+02 -9.8513e-01
-5.9633e+00     1.6010e+01  2.3468e-02 -1.6010e+01 -2.4629e-02  1.4216e+02  9.8266e-01 -1.4216e+02 -9.8694e-01
-5.9250e+00     8.0174e+00  8.1278e-03 -8.0174e+00 -1.0757e-02  1.4262e+02  9.8326e-01 -1.4262e+02 -9.8762e-01
-5.8867e+00     4.5984e+01  4.1112e-02 -4.5984e+01 -3.9296e-02  1.4365e+02  9.8420e-01 -1.4365e+02 -9.8858e-01
-5.8483e+00     2.8932e+01  2.3790e-02 -2.8932e+01 -2.2713e-02  1.4509e+02  9.8545e-01 -1.4509e+02 -9.8976e-01
-5.8100e+00     2.2495e+01  1.7892e-02 -2.2495e+01 -1.7944e-02  1.4607e+02  9.8624e-01 -1.4607e+02 -9.9054e-01
-5.7717e+00     4.4616e+01  2.6949e-02 -4.4616e+01 -2.6548e-02  1.4736e+02  9.8710e-01 -1.4736e+02 -9.9139e-01
-5.7333e+00     1.6372e+01  5.8438e-03 -1.6372e+01 -5.8592e-03  1.4852e+02  9.8773e-01 -1.4852e+02 -9.9201e-01
-5.6950e+00     2.5407e+01  1.1446e-02 -2.5407e+01 -1.1505e-02  1.4932e+02  9.8806e-01 -1.4932e+02 -9.9234e-01
-5.6567e+00     2.1754e+00  2.8340e-03 -2.1754e+00 -1.1784e-03  1.4985e+02  9.8833e-01 -1.4985e+02 -9.9259e-01
-5.6183e+00     0.0000e+00  0.0000e+00 -0.0000e+00 -0.0000e+00  1.4989e+02  9.8839e-01 -1.4989e+02 -9.9261e-01
-5.5800e+00     4.3231e+00  3.2263e-03 -4.3231e+00 -3.1421e-03  1.4997e+02  9.8845e-01 -1.4997e+02 -9.9267e-01
-5.5417e+00     2.9798e+01  3.6725e-02 -2.9798e+01 -3.4852e-02  1.5063e+02  9.8921e-01 -1.5063e+02 -9.9340e-01
-5.5033e+00     2.9091e+01  3.1449e-02 -2.9091e+01 -3.3657e-02  1.5175e+02  9.9052e-01 -1.5175e+02 -9.9471e-01
-5.4650e+00     1.1579e-02  3.2846e-06 -1.1579e-02 -3.2846e-06  1.5231e+02  9.9112e-01 -1.5231e+02 -9.9535e-01
-5.4267e+00     2.5111e+01  1.4377e-02 -2.5111e+01 -1.6937e-02  1.5279e+02  9.9139e-01 -1.5279e+02 -9.9568e-01
-5.3883e+00     9.2620e-01  6.4463e-04 -9.2621e-01 -6.4776e-04  1.5329e+02  9.9168e-01 -1.5329e+02 -9.9601e-01
-5.3500e+00     2.8739e+01  2.3912e-02 -2.8739e+01 -2.2226e-02  1.5386e+02  9.9215e-01 -1.5386e+02 -9.9645e-01
-5.3117e+00     1.2705e+01  1.1028e-02 -1.2705e+01 -9.4192e-03  1.5465e+02  9.9282e-01 -1.5465e+02 -9.9706e-01
-5.2733e+00     3.7437e+00  1.9418e-03 -3.7437e+00 -2.2882e-03  1.5497e+02  9.9307e-01 -1.5497e+02 -9.9728e-01
-5.2350e+00     1.4160e+01  1.1095e-02 -1.4160e+01 -1.3544e-02  1.5531e+02  9.9332e-01 -1.5531e+02 -9.9758e-01
-5.1967e+00     1.9615e+01  1.9579e-02 -1.9615e+01 -2.0422e-02  1.5595e+02  9.9391e-01 -1.5595e+02 -9.9823e-01
-5.1583e+00     1.2694e+00  9.5777e-04 -1.2694e+00 -9.5777e-04  1.5635e+02  9.9430e-01 -1.5635e+02 -9.9864e-01
-5.1200e+00     0.0000e+00  0.0000e+00 -0.0000e+00 -0.0000e+00  1.5638e+02  9.9432e-01 -1.5638e+02 -9.9866e-01
-5.0817e+00     2.3353e+01  9.0925e-03 -2.3353e+01 -1.4164e-02  1.5682e+02  9.9449e-01 -1.5682e+02 -9.9893e-01
-5.0433e+00     0.0000e+00  0.0000e+00 -0.0000e+00 -0.0000e+00  1.5727e+02  9.9466e-01 -1.5727e+02 -9.9920e-01
-5.0050e+00     0.0000e+00  0.0000e+00 -0.0000e+00 -0.0000e+00  1.5727e+02  9.9466e-01 -1.5727e+02 -9.9920e-01
-4.9667e+00     5.9151e+00  1.4390e-02 -5.9151e+00 -1.3001e-02  1.5738e+02  9.9494e-01 -1.5738e+02 -9.9945e-01
-4.9283e+00     2.0736e+01  3.4412e-02 -2.0737e+01 -3.6172e-02  1.5789e+02  9.9587e-01 -1.5789e+02 -1.0004e+00
-4.8900e+00     4.9126e+01  1.2820e-01 -4.9126e+01 -1.2564e-01  1.5923e+02  9.9899e-01 -1.5923e+02 -1.0035e+00
-4.8517e+00     1.6384e+01  5.4975e-03 -1.6384e+01 -5.1773e-03  1.6049e+02  1.0015e+00 -1.6049e+02 -1.0060e+00
-4.8133e+00     0.0000e+00  0.0000e+00 -0.0000e+00 -0.0000e+00  1.6080e+02  1.0016e+00 -1.6080e+02 -1.0061e+00
-4.7750e+00     0.0000e+00  0.0000e+00 -0.0000e+00 -0.0000e+00  1.6080e+02  1.0016e+00 -1.6080e+02 -1.0061e+00
-4.7367e+00     0.0000e+00  0.0000e+00 -0.0000e+00 -0.0000e+00  1.6080e+02  1.0016e+00 -1.6080e+02 -1.0061e+00
-4.6983e+00     0.0000e+00  0.0000e+00 -0.0000e+00 -0.0000e+00  1.6080e+02  1.0016e+00 -1.6080e+02 -1.0061e+00
-4.6600e+00     0.0000e+00  0.0000e+00 -0.0000e+00 -0.0000e+00  1.6080e+02  1.0016e+00 -1.6080e+02 -1.0061e+00
-4.6217e+00     0.0000e+00  0.0000e+00 -0.0000e+00 -0.0000e+00  1.6080e+02  1.0016e+00 -1.6080e+02 -1.0061e+00
-4.5833e+00     2.0082e+01  1.6992e-03 -2.0082e+01 -1.6992e-03  1.6118e+02  1.0017e+00 -1.6118e+02 -1.0061e+00
-4.5450e+00     7.3728e+00  1.1610e-03 -7.3728e+00 -1.1354e-03  1.6171e+02  1.0017e+00 -1.6171e+02 -1.0062e+00
-4.5067e+00     1.2188e+01  2.6904e-03 -1.2188e+01 -2.0709e-03  1.6208e+02  1.0018e+00 -1.6208e+02 -1.0062e+00
-4.4683e+00     0.0000e+00  0.0000e+00 -0.0000e+00 -0.0000e+00  1.6232e+02  1.0019e+00 -1.6232e+02 -1.0063e+00
-4.4300e+00     0.0000e+00  0.0000e+00 -0.0000e+00 -0.0000e+00  1.6232e+02  1.0019e+00 -1.6232e+02 -1.0063e+00
-4.3917e+00     0.0000e+00  0.0000e+00 -0.0000e+00 -0.0000e+00  1.6232e+02  1.0019e+00 -1.6232e+02 -1.0063e+00
-4.3533e+00     0.0000e+00  0.0000e+00 -0.0000e+00 -0.0000e+00  1.6232e+02  1.0019e+00 -1.6232e+02 -1.0063e+00
-4.3150e+00     0.0000e+00  0.0000e+00 -0.0000e+00 -0.0000e+00  1.6232e+02  1.0019e+00 -1.6232e+02 -1.0063e+00
-4.2767e+00     0.0000e+00  0.0000e+00 -0.0000e+00 -0.0000e+00  1.6232e+02  1.0019e+00 -1.6232e+02 -1.0063e+00
-4.2383e+00     0.0000e+00  0.0000e+00 -0.0000e+00 -0.0000e+00  1.6232e+02  1.0019e+00 -1.6232e+02 -1.0063e+00
-4.2000e+00     0.0000e+00  0.0000e+00 -0.0000e+00 -0.0000e+00  1.6232e+02  1.0019e+00 -1.6232e+02 -1.0063e+00
-4.1617e+00     0.0000e+00  0.0000e+00 -0.0000e+00 -0.0000e+00  1.6232e+02  1.0019e+00 -1.6232e+02 -1.0063e+00
-4.1233e+00     1.8171e+00  2.7709e-03 -1.8171e+00 -2.7708e-03  1.6235e+02  1.0019e+00 -1.6235e+02 -1.0063e+00
-4.0850e+00     9.3744e+00  1.4915e-02 -9.3744e+00 -1.5612e-02  1.6256e+02  1.0023e+00 -1.6256e+02 -1.0067e+00
-4.0467e+00     8.6613e+00  1.4837e-02 -8.6612e+00 -1.5692e-02  1.6291e+02  1.0028e+00 -1.6291e+02 -1.0073e+00
-4.0083e+00     0.0000e+00  0.0000e+00 -0.0000e+00 -0.0000e+00  1.6308e+02  1.0031e+00 -1.6308e+02 -1.0076e+00
-3.9700e+00     0.0000e+00  0.0000e+00 -0.0000e+00 -0.0000e+00  1.6308e+02  1.0031e+00 -1.6308e+02 -1.0076e+00
-3.9317e+00     0.0000e+00  0.0000e+00 -0.0000e+00 -0.0000e+00  1.6308e+02  1.0031e+00 -1.6308e+02 -1.0076e+00
-3.8933e+00     0.0000e+00  0.0000e+00 -0.0000e+00 -0.0000e+00  1.6308e+02  1.0031e+00 -1.6308e+02 -1.0076e+00
-3.8550e+00     0.0000e+00  0.0000e+00 -0.0000e+00 -0.0000e+00  1.6308e+02  1.0031e+00 -1.6308e+02 -1.0076e+00
-3.8167e+00     0.0000e+00  0.0000e+00 -0.0000e+00 -0.0000e+00  1.6308e+02  1.0031e+00 -1.6308e+02 -1.0076e+00
-3.7783e+00     1.2965e+00  4.0462e-04 -1.2965e+00 -4.5671e-04  1.6310e+02  1.0031e+00 -1.6310e+02 -1.0076e+00
-3.7400e+00     6.5520e+00  2.2111e-03 -6.5520e+00 -2.7681e-03  1.6325e+02  1.0032e+00 -1.6325e+02 -1.0077e+00
-3.7017e+00     6.2078e+00  2.4591e-03 -6.2078e+00 -2.5679e-03  1.6349e+02  1.0033e+00 -1.6349e+02 -1.0078e+00
-3.6633e+00     1.4280e+01  5.0523e-03 -1.4280e+01 -5.0523e-03  1.6389e+02  1.0034e+00 -1.6389e+02 -1.0079e+00
-3.6250e+00     0.0000e+00  0.0000e+00 -0.0000e+00 -0.0000e+00  1.6416e+02  1.0035e+00 -1.6416e+02 -1.0080e+00
-3.5867e+00     0.0000e+00  0.0000e+00 -0.0000e+00 -0.0000e+00  1.6416e+02  1.0035e+00 -1.6416e+02 -1.0080e+00
-3.5483e+00     0.0000e+00  0.0000e+00 -0.0000e+00 -0.0000e+00  1.6416e+02  1.0035e+00 -1.6416e+02 -1.0080e+00
-3.5100e+00     0.0000e+00  0.0000e+00 -0.0000e+00 -0.0000e+00  1.6416e+02  1.0035e+00 -1.6416e+02 -1.0080e+00
-3.4717e+00     0.0000e+00  0.0000e+00 -0.0000e+00 -0.0000e+00  1.6416e+02  1.0035e+00 -1.6416e+02 -1.0080e+00
-3.4333e+00     6.8929e+01  6.3919e-03 -6.8929e+01 -6.6984e-03  1.6548e+02  1.0036e+00 -1.6548e+02 -1.0081e+00
-3.3950e+00     0.0000e+00  0.0000e+00 -0.0000e+00 -0.0000e+00  1.6680e+02  1.0037e+00 -1.6680e+02 -1.0083e+00
-3.3567e+00     0.0000e+00  0.0000e+00 -0.0000e+00 -0.0000e+00  1.6680e+02  1.0037e+00 -1.6680e+02 -1.0083e+00
-3.3183e+00     0.0000e+00  0.0000e+00 -0.0000e+00 -0.0000e+00  1.6680e+02  1.0037e+00 -1.6680e+02 -1.0083e+00
-3.2800e+00     0.0000e+00  0.0000e+00 -0.0000e+00 -0.0000e+00  1.6680e+02  1.0037e+00 -1.6680e+02 -1.0083e+00
-3.2417e+00     0.0000e+00  0.0000e+00 -0.0000e+00 -0.0000e+00  1.6680e+02  1.0037e+00 -1.6680e+02 -1.0083e+00
-3.2033e+00     0.0000e+00  0.0000e+00 -0.0000e+00 -0.0000e+00  1.6680e+02  1.0037e+00 -1.6680e+02 -1.0083e+00
-3.1650e+00     0.0000e+00  0.0000e+00 -0.0000e+00 -0.0000e+00  1.6680e+02  1.0037e+00 -1.6680e+02 -1.0083e+00
-3.1267e+00     0.0000e+00  0.0000e+00 -0.0000e+00 -0.0000e+00  1.6680e+02  1.0037e+00 -1.6680e+02 -1.0083e+00
-3.0883e+00     1.4149e+01  2.2739e-03 -1.4149e+01 -2.1393e-03  1.6707e+02  1.0038e+00 -1.6707e+02 -1.0083e+00
-3.0500e+00     0.0000e+00  0.0000e+00 -0.0000e+00 -0.0000e+00  1.6734e+02  1.0038e+00 -1.6734e+02 -1.0083e+00
-3.0117e+00     0.0000e+00  0.0000e+00 -0.0000e+00 -0.0000e+00  1.6734e+02  1.0038e+00 -1.6734e+02 -1.0083e+00
-2.9733e+00     0.0000e+00  0.0000e+00 -0.0000e+00 -0.0000e+00  1.6734e+02  1.0038e+00 -1.6734e+02 -1.0083e+00
-2.9350e+00     3.9392e+00  9.8276e-05 -3.9389e+00 -6.2377e-04  1.6741e+02  1.0038e+00 -1.6741e+02 -1.0083e+00
-2.8967e+00     1.2753e+01  2.5843e-03 -1.2753e+01 -3.1219e-03  1.6773e+02  1.0039e+00 -1.6773e+02 -1.0084e+00
-2.8583e+00     0.0000e+00  0.0000e+00 -0.0000e+00 -0.0000e+00  1.6798e+02  1.0039e+00 -1.6798e+02 -1.0085e+00
-2.8200e+00     0.0000e+00  0.0000e+00 -0.0000e+00 -0.0000e+00  1.6798e+02  1.0039e+00 -1.6798e+02 -1.0085e+00
-2.7817e+00     0.0000e+00  0.0000e+00 -0.0000e+00 -0.0000e+00  1.6798e+02  1.0039e+00 -1.6798e+02 -1.0085e+00
-2.7433e+00     0.0000e+00  0.0000e+00 -0.0000e+00 -0.0000e+00  1.6798e+02  1.0039e+00 -1.6798e+02 -1.0085e+00
-2.7050e+00     0.0000e+00  0.0000e+00 -0.0000e+00 -0.0000e+00  1.6798e+02  1.0039e+00 -1.6798e+02 -1.0085e+00
-2.6667e+00     0.0000e+00  0.0000e+00 -0.0000e+00 -0.0000e+00  1.6798e+02  1.0039e+00 -1.6798e+02 -1.0085e+00
-2.6283e+00     0.0000e+00  0.0000e+00 -0.0000e+00 -0.0000e+00  1.6798e+02  1.0039e+00 -1.6798e+02 -1.0085e+00
-2.5900e+00     0.0000e+00  0.0000e+00 -0.0000e+00 -0.0000e+00  1.6798e+02  1.0039e+00 -1.6798e+02 -1.0085e+00
-2.5517e+00     0.0000e+00  0.0000e+00 -0.0000e+00 -0.0000e+00  1.6798e+02  1.0039e+00 -1.6798e+02 -1.0085e+00
-2.5133e+00     0.0000e+00  0.0000e+00 -0.0000e+00 -0.0000e+00  1.6798e+02  1.0039e+00 -1.6798e+02 -1.0085e+00
-2.4750e+00     0.0000e+00  0.0000e+00 -0.0000e+00 -0.0000e+00  1.6798e+02  1.0039e+00 -1.6798e+02 -1.0085e+00
-2.4367e+00     0.0000e+00  0.0000e+00 -0.0000e+00 -0.0000e+00  1.6798e+02  1.0039e+00 -1.6798e+02 -1.0085e+00
-2.3983e+00     6.1229e+01  4.3012e-03 -6.1229e+01 -5.4623e-03  1.6915e+02  1.0040e+00 -1.6915e+02 -1.0086e+00
-2.3600e+00     0.0000e+00  0.0000e+00 -0.0000e+00 -0.0000e+00  1.7032e+02  1.0041e+00 -1.7032e+02 -1.0087e+00
-2.3217e+00     0.0000e+00  0.0000e+00 -0.0000e+00 -0.0000e+00  1.7032e+02  1.0041e+00 -1.7032e+02 -1.0087e+00
-2.2833e+00     0.0000e+00  0.0000e+00 -0.0000e+00 -0.0000e+00  1.7032e+02  1.0041e+00 -1.7032e+02 -1.0087e+00
-2.2450e+00     0.0000e+00  0.0000e+00 -0.0000e+00 -0.0000e+00  1.7032e+02  1.0041e+00 -1.7032e+02 -1.0087e+00
-2.2067e+00     0.0000e+00  0.0000e+00 -0.0000e+00 -0.0000e+00  1.7032e+02  1.0041e+00 -1.7032e+02 -1.0087e+00
-2.1683e+00     0.0000e+00  0.0000e+00 -0.0000e+00 -0.0000e+00  1.7032e+02  1.0041e+00 -1.7032e+02 -1.0087e+00
-2.1300e+00     0.0000e+00  0.0000e+00 -0.0000e+00 -0.0000e+00  1.7032e+02  1.0041e+00 -1.7032e+02 -1.0087e+00
-2.0917e+00     0.0000e+00  0.0000e+00 -0.0000e+00 -0.0000e+00  1.7032e+02  1.0041e+00 -1.7032e+02 -1.0087e+00
-2.0533e+00     0.0000e+00  0.0000e+00 -0.0000e+00 -0.0000e+00  1.7032e+02  1.0041e+00 -1.7032e+02 -1.0087e+00
-2.0150e+00     0.0000e+00  0.0000e+00 -0.0000e+00 -0.0000e+00  1.7032e+02  1.0041e+00 -1.7032e+02 -1.0087e+00
-1.9767e+00     0.0000e+00  0.0000e+00 -0.0000e+00 -0.0000e+00  1.7032e+02  1.0041e+00 -1.7032e+02 -1.0087e+00
-1.9383e+00     0.0000e+00  0.0000e+00 -0.0000e+00 -0.0000e+00  1.7032e+02  1.0041e+00 -1.7032e+02 -1.0087e+00
-1.9000e+00     0.0000e+00  0.0000e+00 -0.0000e+00 -0.0000e+00  1.7032e+02  1.0041e+00 -1.7032e+02 -1.0087e+00
-1.8617e+00     0.0000e+00  0.0000e+00 -0.0000e+00 -0.0000e+00  1.7032e+02  1.0041e+00 -1.7032e+02 -1.0087e+00
-1.8233e+00     0.0000e+00  0.0000e+00 -0.0000e+00 -0.0000e+00  1.7032e+02  1.0041e+00 -1.7032e+02 -1.0087e+00
-1.7850e+00     0.0000e+00  0.0000e+00 -0.0000e+00 -0.0000e+00  1.7032e+02  1.0041e+00 -1.7032e+02 -1.0087e+00
-1.7467e+00     0.0000e+00  0.0000e+00 -0.0000e+00 -0.0000e+00  1.7032e+02  1.0041e+00 -1.7032e+02 -1.0087e+00
-1.7083e+00     0.0000e+00  0.0000e+00 -0.0000e+00 -0.0000e+00  1.7032e+02  1.0041e+00 -1.7032e+02 -1.0087e+00
-1.6700e+00     0.0000e+00  0.0000e+00 -0.0000e+00 -0.0000e+00  1.7032e+02  1.0041e+00 -1.7032e+02 -1.0087e+00
-1.6317e+00     0.0000e+00  0.0000e+00 -0.0000e+00 -0.0000e+00  1.7032e+02  1.0041e+00 -1.7032e+02 -1.0087e+00
-1.5933e+00     0.0000e+00  0.0000e+00 -0.0000e+00 -0.0000e+00  1.7032e+02  1.0041e+00 -1.7032e+02 -1.0087e+00
-1.5550e+00     0.0000e+00  0.0000e+00 -0.0000e+00 -0.0000e+00  1.7032e+02  1.0041e+00 -1.7032e+02 -1.0087e+00
-1.5167e+00     0.0000e+00  0.0000e+00 -0.0000e+00 -0.0000e+00  1.7032e+02  1.0041e+00 -1.7032e+02 -1.0087e+00
-1.4783e+00     0.0000e+00  0.0000e+00 -0.0000e+00 -0.0000e+00  1.7032e+02  1.0041e+00 -1.7032e+02 -1.0087e+00
-1.4400e+00     0.0000e+00  0.0000e+00 -0.0000e+00 -0.0000e+00  1.7032e+02  1.0041e+00 -1.7032e+02 -1.0087e+00
-1.4017e+00     6.0541e+01  2.2290e-01 -6.0547e+01 -2.5723e-01  1.7148e+02  1.0084e+00 -1.7148e+02 -1.0136e+00
-1.3633e+00     1.6971e-03  6.3528e-05 -1.6971e-03 -6.3524e-05  1.7264e+02  1.0126e+00 -1.7264e+02 -1.0185e+00
-1.3250e+00     1.0618e-01  3.9745e-03 -1.0618e-01 -3.9745e-03  1.7264e+02  1.0127e+00 -1.7264e+02 -1.0186e+00
-1.2867e+00     3.8656e-01  1.4662e-02 -3.8656e-01 -1.4662e-02  1.7265e+02  1.0131e+00 -1.7265e+02 -1.0190e+00
-1.2483e+00     5.5499e-01  2.1240e-02 -5.5499e-01 -2.1240e-02  1.7267e+02  1.0137e+00 -1.7267e+02 -1.0197e+00
-1.2100e+00     6.3394e-01  2.4790e-02 -6.3394e-01 -2.4703e-02  1.7269e+02  1.0146e+00 -1.7269e+02 -1.0205e+00
-1.1717e+00     8.3338e-01  3.3095e-02 -8.3338e-01 -3.2648e-02  1.7272e+02  1.0157e+00 -1.7272e+02 -1.0216e+00
-1.1333e+00     1.0116e+00  4.0083e-02 -1.0116e+00 -3.9058e-02  1.7275e+02  1.0171e+00 -1.7275e+02 -1.0230e+00
-1.0950e+00     1.1826e+00  4.5898e-02 -1.1826e+00 -4.3857e-02  1.7280e+02  1.0188e+00 -1.7280e+02 -1.0246e+00
-1.0567e+00     1.5993e+00  6.0640e-02 -1.5993e+00 -5.6828e-02  1.7285e+02  1.0208e+00 -1.7285e+02 -1.0265e+00
-1.0183e+00     2.0942e+00  7.8327e-02 -2.0942e+00 -7.2327e-02  1.7292e+02  1.0235e+00 -1.7292e+02 -1.0290e+00
-9.8000e-01     2.2666e+00  8.3998e-02 -2.2666e+00 -7.6358e-02  1.7300e+02  1.0266e+00 -1.7300e+02 -1.0318e+00
-9.4167e-01     2.4322e+00  8.8640e-02 -2.4322e+00 -7.9031e-02  1.7309e+02  1.0299e+00 -1.7309e+02 -1.0348e+00
-9.0333e-01     2.5522e+00  9.1985e-02 -2.5522e+00 -8.1701e-02  1.7319e+02  1.0333e+00 -1.7319e+02 -1.0379e+00
-8.6500e-01     2.7413e+00  9.6728e-02 -2.7413e+00 -8.4059e-02  1.7329e+02  1.0370e+00 -1.7329e+02 -1.0411e+00
-8.2667e-01     2.4751e+00  8.3117e-02 -2.4751e+00 -7.2366e-02  1.7339e+02  1.0404e+00 -1.7339e+02 -1.0440e+00
-7.8833e-01     2.2259e+00  7.3363e-02 -2.2259e+00 -6.3721e-02  1.7348e+02  1.0434e+00 -1.7348e+02 -1.0466e+00
-7.5000e-01     1.6859e+00  5.3754e-02 -1.6859e+00 -4.6522e-02  1.7355e+02  1.0458e+00 -1.7355e+02 -1.0488e+00
-7.1167e-01     9.7901e-01  2.7868e-02 -9.7901e-01 -2.3810e-02  1.7361e+02  1.0474e+00 -1.7361e+02 -1.0501e+00
-6.7333e-01     3.2490e-01  8.1772e-03 -3.2490e-01 -6.7798e-03  1.7363e+02  1.0481e+00 -1.7363e+02 -1.0507e+00
-6.3500e-01     0.0000e+00  0.0000e+00 -0.0000e+00 -0.0000e+00  1.7364e+02  1.0482e+00 -1.7364e+02 -1.0508e+00
-5.9667e-01     0.0000e+00  0.0000e+00 -0.0000e+00 -0.0000e+00  1.7364e+02  1.0482e+00 -1.7364e+02 -1.0508e+00
-5.5833e-01     0.0000e+00  0.0000e+00 -0.0000e+00 -0.0000e+00  1.7364e+02  1.0482e+00 -1.7364e+02 -1.0508e+00
-5.2000e-01     4.1523e-01  5.5227e-02 -4.1523e-01 -5.3578e-02  1.7364e+02  1.0493e+00 -1.7364e+02 -1.0518e+00
-4.8167e-01     1.6992e+00  2.1629e-01 -1.6992e+00 -1.8762e-01  1.7368e+02  1.0545e+00 -1.7369e+02 -1.0565e+00
-4.4333e-01     3.7926e+00  4.7998e-01 -3.7926e+00 -3.9061e-01  1.7379e+02  1.0678e+00 -1.7379e+02 -1.0675e+00
-4.0500e-01     6.3472e+00  8.4430e-01 -6.3472e+00 -6.4050e-01  1.7398e+02  1.0931e+00 -1.7398e+02 -1.0873e+00
-3.6667e-01     6.3743e+00  7.8967e-01 -6.3743e+00 -5.9170e-01  1.7423e+02  1.1244e+00 -1.7423e+02 -1.1108e+00
-3.2833e-01     5.4444e+00  7.6211e-01 -5.4444e+00 -5.2393e-01  1.7445e+02  1.1541e+00 -1.7445e+02 -1.1322e+00
-2.9000e-01     1.6473e+00  2.2838e-01 -1.6473e+00 -2.0031e-01  1.7459e+02  1.1731e+00 -1.7459e+02 -1.1460e+00
-2.5167e-01     2.6676e-01  5.1406e-02 -2.6676e-01 -5.0067e-02  1.7463e+02  1.1784e+00 -1.7463e+02 -1.1508e+00
-2.1333e-01     2.6631e+00  2.9641e-01 -2.6632e+00 -3.0239e-01  1.7468e+02  1.1851e+00 -1.7468e+02 -1.1576e+00
-1.7500e-01     6.7354e+00  5.6473e-01 -6.7354e+00 -7.0928e-01  1.7486e+02  1.2015e+00 -1.7486e+02 -1.1769e+00
-1.3667e-01     7.0736e+00  6.7042e-01 -7.0736e+00 -7.6524e-01  1.7513e+02  1.2252e+00 -1.7513e+02 -1.2051e+00
-9.8333e-02     7.0689e+00  5.8788e-01 -7.0689e+00 -6.2180e-01  1.7540e+02  1.2493e+00 -1.7540e+02 -1.2317e+00
-6.0000e-02     3.7892e+00  1.7664e-01 -3.7892e+00 -1.7303e-01  1.7560e+02  1.2639e+00 -1.7560e+02 -1.2469e+00
-2.1667e-02     4.0202e+00  1.6822e-01 -4.0202e+00 -1.3863e-01  1.7575e+02  1.2705e+00 -1.7575e+02 -1.2529e+00
1.6667e-02     6.5285e+00  2.4452e-01 -6.5285e+00 -2.2311e-01  1.7596e+02  1.2784e+00 -1.7596e+02 -1.2598e+00
5.5000e-02     7.6081e+00  2.4394e-01 -7.6081e+00 -2.4676e-01  1.7623e+02  1.2877e+00 -1.7623e+02 -1.2688e+00
9.3333e-02     6.7409e+00  3.1611e-01 -6.7409e+00 -2.8844e-01  1.7650e+02  1.2984e+00 -1.7650e+02 -1.2790e+00
1.3167e-01     1.9104e+00  3.2168e-01 -1.9104e+00 -3.1542e-01  1.7667e+02  1.3106e+00 -1.7667e+02 -1.2906e+00
1.7000e-01     6.7357e+00  9.1645e-01 -6.7357e+00 -9.6745e-01  1.7683e+02  1.3343e+00 -1.7683e+02 -1.3151e+00
2.0833e-01     6.5924e+00  8.8949e-01 -6.5924e+00 -9.3036e-01  1.7709e+02  1.3689e+00 -1.7709e+02 -1.3514e+00
2.4667e-01     7.1621e+00  9.0136e-01 -7.1621e+00 -1.0195e+00  1.7735e+02  1.4032e+00 -1.7735e+02 -1.3887e+00
2.8500e-01     2.9312e+00  3.3754e-01 -2.9312e+00 -3.8578e-01  1.7754e+02  1.4269e+00 -1.7754e+02 -1.4156e+00
3.2333e-01     4.3844e+00  3.7591e-01 -4.3844e+00 -3.7120e-01  1.7768e+02  1.4405e+00 -1.7768e+02 -1.4301e+00
3.6167e-01     7.1122e+00  6.0238e-01 -7.1122e+00 -7.8475e-01  1.7790e+02  1.4592e+00 -1.7790e+02 -1.4522e+00
4.0000e-01     1.0078e+01  1.0669e+00 -1.0078e+01 -1.0478e+00  1.7823e+02  1.4912e+00 -1.7823e+02 -1.4873e+00
4.3833e-01     4.2207e+00  6.3376e-01 -4.2207e+00 -5.9496e-01  1.7851e+02  1.5237e+00 -1.7851e+02 -1.5187e+00
4.7667e-01     4.4381e-01  2.9956e-02 -4.4381e-01 -7.4339e-02  1.7859e+02  1.5364e+00 -1.7860e+02 -1.5315e+00
5.1500e-01     2.2577e+00  1.5566e-01 -2.2577e+00 -3.3521e-01  1.7865e+02  1.5400e+00 -1.7865e+02 -1.5394e+00
5.5333e-01     5.9113e+00  4.0751e-01 -5.9113e+00 -7.2407e-01  1.7880e+02  1.5507e+00 -1.7880e+02 -1.5596e+00
5.9167e-01     1.3111e+01  1.2192e+00 -1.3111e+01 -1.3808e+00  1.7917e+02  1.5819e+00 -1.7917e+02 -1.5999e+00
6.3000e-01     3.5234e+00  2.9849e-01 -3.5234e+00 -3.1164e-01  1.7949e+02  1.6109e+00 -1.7949e+02 -1.6323e+00
6.6833e-01     9.0787e-01  7.6234e-02 -9.0787e-01 -7.6234e-02  1.7957e+02  1.6181e+00 -1.7957e+02 -1.6397e+00
7.0667e-01     0.0000e+00  0.0000e+00 -0.0000e+00 -0.0000e+00  1.7959e+02  1.6195e+00 -1.7959e+02 -1.6412e+00
7.4500e-01     0.0000e+00  0.0000e+00 -0.0000e+00 -0.0000e+00  1.7959e+02  1.6195e+00 -1.7959e+02 -1.6412e+00
7.8333e-01     1.5615e+00  9.6716e-02 -1.5615e+00 -2.6632e-02  1.7962e+02  1.6214e+00 -1.7962e+02 -1.6417e+00
8.2167e-01     1.0250e+01  5.2139e-01 -1.0250e+01 -4.0200e-01  1.7984e+02  1.6332e+00 -1.7984e+02 -1.6499e+00
8.6000e-01     1.2583e+01  5.4907e-01 -1.2583e+01 -5.1997e-01  1.8028e+02  1.6537e+00 -1.8028e+02 -1.6675e+00
8.9833e-01     1.2007e-01  3.9218e-03 -1.2007e-01 -3.9217e-03  1.8052e+02  1.6643e+00 -1.8052e+02 -1.6776e+00
9.3667e-01     1.0110e+01  3.7323e-01 -1.0110e+01 -3.7430e-01  1.8072e+02  1.6715e+00 -1.8072e+02 -1.6848e+00
9.7500e-01     1.3138e+01  2.8559e-01 -1.3138e+01 -3.2844e-01  1.8116e+02  1.6841e+00 -1.8116e+02 -1.6982e+00
1.0133e+00     3.4485e+00  5.8267e-02 -3.4485e+00 -5.9638e-02  1.8148e+02  1.6907e+00 -1.8148e+02 -1.7057e+00
1.0517e+00     0.0000e+00  0.0000e+00 -0.0000e+00 -0.0000e+00  1.8155e+02  1.6918e+00 -1.8155e+02 -1.7068e+00
1.0900e+00     0.0000e+00  0.0000e+00 -0.0000e+00 -0.0000e+00  1.8155e+02  1.6918e+00 -1.8155e+02 -1.7068e+00
1.1283e+00     2.2354e+00  2.8912e-02 -2.2354e+00 -2.9874e-02  1.8159e+02  1.6924e+00 -1.8159e+02 -1.7074e+00
1.1667e+00     4.7797e+00  5.0283e-02 -4.7797e+00 -6.1208e-02  1.8172e+02  1.6939e+00 -1.8172e+02 -1.7091e+00
1.2050e+00     3.8782e+00  4.2632e-02 -3.8782e+00 -5.3072e-02  1.8189e+02  1.6957e+00 -1.8189e+02 -1.7113e+00
1.2433e+00     3.4014e+00  4.0161e-02 -3.4014e+00 -4.4706e-02  1.8203e+02  1.6972e+00 -1.8203e+02 -1.7132e+00
1.2817e+00     5.2118e+00  7.8406e-02 -5.2118e+00 -8.4999e-02  1.8219e+02  1.6995e+00 -1.8219e+02 -1.7157e+00
1.3200e+00     3.7676e+00  5.8741e-02 -3.7676e+00 -6.4062e-02  1.8237e+02  1.7021e+00 -1.8237e+02 -1.7185e+00
1.3583e+00     3.3683e+00  7.3478e-02 -3.3683e+00 -7.3422e-02  1.8250e+02  1.7047e+00 -1.8250e+02 -1.7212e+00
1.3967e+00     7.4130e+00  2.0617e-01 -7.4130e+00 -1.8225e-01  1.8271e+02  1.7100e+00 -1.8271e+02 -1.7260e+00
1.4350e+00     9.7524e+00  2.3931e-01 -9.7524e+00 -2.4522e-01  1.8304e+02  1.7185e+00 -1.8304e+02 -1.7342e+00
1.4733e+00     5.3779e+00  1.0858e-01 -5.3779e+00 -1.5153e-01  1.8333e+02  1.7252e+00 -1.8333e+02 -1.7418e+00
1.5117e+00     4.2000e+00  6.0737e-02 -4.2001e+00 -8.1115e-02  1.8351e+02  1.7284e+00 -1.8351e+02 -1.7463e+00
1.5500e+00     1.0523e+01  1.5014e-01 -1.0523e+01 -1.2068e-01  1.8379e+02  1.7325e+00 -1.8379e+02 -1.7501e+00
1.5883e+00     1.2264e+01  1.5433e-01 -1.2264e+01 -1.5192e-01  1.8423e+02  1.7383e+00 -1.8423e+02 -1.7553e+00
1.6267e+00     2.3139e+00  2.9716e-02 -2.3139e+00 -2.6816e-02  1.8451e+02  1.7418e+00 -1.8451e+02 -1.7588e+00
1.6650e+00     1.6496e+01  2.1410e-01 -1.6496e+01 -2.1084e-01  1.8487e+02  1.7465e+00 -1.8487e+02 -1.7633e+00
1.7033e+00     1.0593e+01  1.2347e-01 -1.0593e+01 -1.2050e-01  1.8538e+02  1.7529e+00 -1.8538e+02 -1.7697e+00
1.7417e+00     6.3229e+00  7.6006e-02 -6.3229e+00 -6.3813e-02  1.8571e+02  1.7568e+00 -1.8571e+02 -1.7732e+00
1.7800e+00     8.1692e+00  8.4146e-02 -8.1692e+00 -9.3845e-02  1.8599e+02  1.7598e+00 -1.8599e+02 -1.7762e+00
1.8183e+00     9.8389e+00  1.0592e-01 -9.8389e+00 -1.0266e-01  1.8633e+02  1.7635e+00 -1.8633e+02 -1.7800e+00
1.8567e+00     4.1763e+00  5.2640e-02 -4.1763e+00 -7.1401e-02  1.8660e+02  1.7665e+00 -1.8660e+02 -1.7833e+00
1.8950e+00     3.9984e+00  7.5355e-02 -3.9984e+00 -1.1876e-01  1.8675e+02  1.7689e+00 -1.8676e+02 -1.7869e+00
1.9333e+00     1.2796e+01  3.5628e-01 -1.2796e+01 -4.1323e-01  1.8708e+02  1.7772e+00 -1.8708e+02 -1.7971e+00
1.9717e+00     3.2480e+00  1.0260e-01 -3.2480e+00 -1.0913e-01  1.8738e+02  1.7860e+00 -1.8738e+02 -1.8071e+00
2.0100e+00     2.1596e+01  1.1026e+00 -2.1595e+01 -1.2023e+00  1.8786e+02  1.8090e+00 -1.8786e+02 -1.8322e+00
2.0483e+00     3.1356e-03  2.2183e-04 -3.1355e-03 -2.3862e-04  1.8827e+02  1.8301e+00 -1.8827e+02 -1.8552e+00
2.0867e+00     1.0335e+01  1.2200e+00 -1.0335e+01 -1.2535e+00  1.8847e+02  1.8535e+00 -1.8847e+02 -1.8792e+00
2.1250e+00     1.1357e+01  1.5433e+00 -1.1357e+01 -1.5777e+00  1.8888e+02  1.9064e+00 -1.8889e+02 -1.9334e+00
2.1633e+00     8.0962e+00  1.0896e+00 -8.0962e+00 -9.6892e-01  1.8926e+02  1.9567e+00 -1.8926e+02 -1.9821e+00
2.2017e+00     1.4996e+01  1.5524e+00 -1.4996e+01 -1.4352e+00  1.8970e+02  2.0073e+00 -1.8970e+02 -2.0281e+00
2.2400e+00     5.2031e+00  5.0194e-01 -5.2031e+00 -4.4351e-01  1.9009e+02  2.0466e+00 -1.9009e+02 -2.0640e+00
2.2783e+00     0.0000e+00  0.0000e+00 -0.0000e+00 -0.0000e+00  1.9018e+02  2.0562e+00 -1.9019e+02 -2.0725e+00
2.3167e+00     0.0000e+00  0.0000e+00 -0.0000e+00 -0.0000e+00  1.9018e+02  2.0562e+00 -1.9019e+02 -2.0725e+00
2.3550e+00     1.0225e+01  7.7443e-01 -1.0225e+01 -8.1087e-01  1.9038e+02  2.0710e+00 -1.9038e+02 -2.0881e+00
2.3933e+00     1.0613e+01  8.6045e-01 -1.0613e+01 -8.6847e-01  1.9078e+02  2.1023e+00 -1.9078e+02 -2.1202e+00
2.4317e+00     5.7553e+00  4.2153e-01 -5.7553e+00 -4.2277e-01  1.9109e+02  2.1269e+00 -1.9109e+02 -2.1449e+00
2.4700e+00     8.3007e+00  5.2963e-01 -8.3007e+00 -5.1417e-01  1.9136e+02  2.1451e+00 -1.9136e+02 -2.1628e+00
2.5083e+00     1.2537e+01  1.0622e+00 -1.2537e+01 -1.0457e+00  1.9176e+02  2.1755e+00 -1.9176e+02 -2.1927e+00
2.5467e+00     4.7840e+00  5.0846e-01 -4.7840e+00 -4.7756e-01  1.9209e+02  2.2056e+00 -1.9209e+02 -2.2218e+00
2.5850e+00     9.1888e+00  5.3855e-01 -9.1889e+00 -5.4522e-01  1.9236e+02  2.2256e+00 -1.9236e+02 -2.2414e+00
2.6233e+00     1.1342e+01  5.6891e-01 -1.1342e+01 -6.3225e-01  1.9275e+02  2.2468e+00 -1.9275e+02 -2.2639e+00
2.6617e+00     5.0712e+00  2.0674e-01 -5.0712e+00 -2.6871e-01  1.9307e+02  2.2616e+00 -1.9307e+02 -2.2812e+00
2.7000e+00     3.6101e+00  9.0688e-02 -3.6101e+00 -9.6128e-02  1.9323e+02  2.2673e+00 -1.9323e+02 -2.2881e+00
2.7383e+00     1.0686e+01  3.5365e-01 -1.0686e+01 -3.8809e-01  1.9351e+02  2.2758e+00 -1.9351e+02 -2.2974e+00
2.7767e+00     1.1279e+01  3.9920e-01 -1.1279e+01 -3.6777e-01  1.9393e+02  2.2902e+00 -1.9393e+02 -2.3119e+00
2.8150e+00     5.4020e+00  2.5583e-01 -5.4020e+00 -2.5887e-01  1.9425e+02  2.3028e+00 -1.9425e+02 -2.3239e+00
2.8533e+00     1.9318e+01  1.0985e+00 -1.9318e+01 -1.0548e+00  1.9472e+02  2.3287e+00 -1.9472e+02 -2.3490e+00
2.8917e+00     1.9140e+00  1.0356e-01 -1.9140e+00 -1.0211e-01  1.9512e+02  2.3517e+00 -1.9512e+02 -2.3711e+00
2.9300e+00     1.5991e+01  8.1527e-01 -1.5991e+01 -8.4644e-01  1.9547e+02  2.3693e+00 -1.9547e+02 -2.3893e+00
2.9683e+00     3.8692e+00  2.1630e-01 -3.8692e+00 -2.0412e-01  1.9585e+02  2.3890e+00 -1.9585e+02 -2.4094e+00
3.0067e+00     1.1191e+01  4.5792e-01 -1.1191e+01 -4.0784e-01  1.9614e+02  2.4019e+00 -1.9614e+02 -2.4211e+00
3.0450e+00     1.6090e+01  6.9898e-01 -1.6090e+01 -6.5658e-01  1.9666e+02  2.4240e+00 -1.9666e+02 -2.4415e+00
3.0833e+00     1.4024e+01  7.7785e-01 -1.4024e+01 -6.8439e-01  1.9723e+02  2.4523e+00 -1.9723e+02 -2.4671e+00
3.1217e+00     1.1449e+01  5.6304e-01 -1.1449e+01 -5.2842e-01  1.9772e+02  2.4780e+00 -1.9772e+02 -2.4903e+00
3.1600e+00     1.1006e+01  4.7792e-01 -1.1006e+01 -4.3248e-01  1.9815e+02  2.4979e+00 -1.9815e+02 -2.5087e+00
3.1983e+00     1.3236e+01  5.1176e-01 -1.3236e+01 -5.1809e-01  1.9861e+02  2.5168e+00 -1.9861e+02 -2.5269e+00
3.2367e+00     9.5354e+00  4.5050e-01 -9.5354e+00 -4.5148e-01  1.9905e+02  2.5352e+00 -1.9905e+02 -2.5455e+00
3.2750e+00     1.1437e+01  5.3698e-01 -1.1437e+01 -5.8745e-01  1.9945e+02  2.5541e+00 -1.9945e+02 -2.5653e+00
3.3133e+00     9.3563e+00  3.7592e-01 -9.3563e+00 -4.6000e-01  1.9985e+02  2.5716e+00 -1.9985e+02 -2.5854e+00
3.3517e+00     2.3792e+01  7.8064e-01 -2.3792e+01 -8.8683e-01  2.0048e+02  2.5937e+00 -2.0048e+02 -2.6111e+00
3.3900e+00     8.3902e+00  3.4332e-01 -8.3902e+00 -3.5039e-01  2.0110e+02  2.6152e+00 -2.0110e+02 -2.6348e+00
3.4283e+00     2.2544e+01  7.1449e-01 -2.2544e+01 -7.0896e-01  2.0169e+02  2.6355e+00 -2.0169e+02 -2.6551e+00
3.4667e+00     7.9801e+00  2.2254e-01 -7.9801e+00 -2.4456e-01  2.0228e+02  2.6534e+00 -2.0228e+02 -2.6733e+00
3.5050e+00     1.1725e+01  3.6577e-01 -1.1724e+01 -3.7571e-01  2.0265e+02  2.6647e+00 -2.0265e+02 -2.6852e+00
3.5433e+00     1.0372e+01  2.8292e-01 -1.0372e+01 -3.2409e-01  2.0308e+02  2.6771e+00 -2.0308e+02 -2.6986e+00
3.5817e+00     9.1337e+00  2.7302e-01 -9.1337e+00 -2.7258e-01  2.0345e+02  2.6877e+00 -2.0345e+02 -2.7100e+00
3.6200e+00     1.2546e+01  3.9748e-01 -1.2546e+01 -4.4639e-01  2.0386e+02  2.7005e+00 -2.0386e+02 -2.7238e+00
3.6583e+00     1.5433e+01  5.8338e-01 -1.5433e+01 -6.6462e-01  2.0440e+02  2.7193e+00 -2.0440e+02 -2.7450e+00
3.6967e+00     4.1302e+00  2.1664e-01 -4.1302e+00 -2.2129e-01  2.0477e+02  2.7346e+00 -2.0477e+02 -2.7620e+00
3.7350e+00     1.2898e+01  8.3488e-01 -1.2898e+01 -8.2301e-01  2.0510e+02  2.7547e+00 -2.0510e+02 -2.7820e+00
3.7733e+00     1.6941e+01  7.5659e-01 -1.6941e+01 -8.0279e-01  2.0567e+02  2.7852e+00 -2.0567e+02 -2.8131e+00
3.8117e+00     7.9687e+00  3.4655e-01 -7.9687e+00 -3.2266e-01  2.0615e+02  2.8063e+00 -2.0615e+02 -2.8346e+00
3.8500e+00     1.3430e+01  5.8673e-01 -1.3430e+01 -5.6750e-01  2.0656e+02  2.8241e+00 -2.0656e+02 -2.8516e+00
3.8883e+00     6.6497e+00  2.3328e-01 -6.6497e+00 -2.4419e-01  2.0694e+02  2.8398e+00 -2.0694e+02 -2.8672e+00
3.9267e+00     1.5533e+01  9.9489e-01 -1.5533e+01 -1.0460e+00  2.0736e+02  2.8633e+00 -2.0736e+02 -2.8919e+00
3.9650e+00     1.2339e+01  7.3846e-01 -1.2339e+01 -7.2068e-01  2.0790e+02  2.8965e+00 -2.0790e+02 -2.9257e+00
4.0033e+00     1.4952e+01  6.9100e-01 -1.4952e+01 -7.1697e-01  2.0842e+02  2.9239e+00 -2.0842e+02 -2.9532e+00
4.0417e+00     9.8146e+00  5.4789e-01 -9.8146e+00 -5.3912e-01  2.0889e+02  2.9476e+00 -2.0889e+02 -2.9772e+00
4.0800e+00     1.0343e+01  6.9073e-01 -1.0343e+01 -5.9927e-01  2.0928e+02  2.9713e+00 -2.0928e+02 -2.9990e+00
4.1183e+00     1.2702e+01  7.7137e-01 -1.2702e+01 -7.0633e-01  2.0972e+02  2.9992e+00 -2.0972e+02 -3.0240e+00
4.1567e+00     4.4514e+00  4.9409e-01 -4.4514e+00 -4.1346e-01  2.1005e+02  3.0235e+00 -2.1005e+02 -3.0454e+00
4.1950e+00     1.5142e+01  1.3524e+00 -1.5142e+01 -1.2303e+00  2.1042e+02  3.0588e+00 -2.1042e+02 -3.0769e+00
4.2333e+00     1.7831e+01  1.1052e+00 -1.7831e+01 -1.0951e+00  2.1105e+02  3.1058e+00 -2.1105e+02 -3.1214e+00
4.2717e+00     1.4149e+01  8.2529e-01 -1.4149e+01 -7.5092e-01  2.1167e+02  3.1428e+00 -2.1167e+02 -3.1567e+00
4.3100e+00     1.7906e+01  1.0413e+00 -1.7906e+01 -1.0677e+00  2.1228e+02  3.1785e+00 -2.1228e+02 -3.1915e+00
4.3483e+00     8.4243e+00  5.4292e-01 -8.4243e+00 -5.9546e-01  2.1278e+02  3.2088e+00 -2.1278e+02 -3.2233e+00
4.3867e+00     2.7533e+01  2.1287e+00 -2.7533e+01 -2.1903e+00  2.1347e+02  3.2599e+00 -2.1347e+02 -3.2766e+00
4.4250e+00     1.3259e+01  7.9349e-01 -1.3259e+01 -8.1118e-01  2.1425e+02  3.3158e+00 -2.1425e+02 -3.3340e+00
4.4633e+00     1.3028e+01  8.7197e-01 -1.3028e+01 -8.6577e-01  2.1476e+02  3.3477e+00 -2.1476e+02 -3.3661e+00
4.5017e+00     1.7281e+01  1.0427e+00 -1.7281e+01 -1.0044e+00  2.1534e+02  3.3843e+00 -2.1534e+02 -3.4019e+00
4.5400e+00     8.0992e+00  4.9679e-01 -8.0992e+00 -5.0630e-01  2.1582e+02  3.4138e+00 -2.1582e+02 -3.4308e+00
4.5783e+00     1.6974e+01  8.2168e-01 -1.6974e+01 -8.8200e-01  2.1630e+02  3.4390e+00 -2.1630e+02 -3.4574e+00
4.6167e+00     7.6151e+00  4.1623e-01 -7.6151e+00 -4.2988e-01  2.1677e+02  3.4627e+00 -2.1677e+02 -3.4825e+00
4.6550e+00     1.7106e+01  1.1377e+00 -1.7106e+01 -1.2013e+00  2.1724e+02  3.4924e+00 -2.1724e+02 -3.5137e+00
4.6933e+00     1.7601e+00  1.0257e-01 -1.7600e+00 -1.2662e-01  2.1761e+02  3.5162e+00 -2.1761e+02 -3.5391e+00
4.7317e+00     2.1253e+01  7.8648e-01 -2.1253e+01 -7.6658e-01  2.1805e+02  3.5332e+00 -2.1805e+02 -3.5562e+00
4.7700e+00     2.8588e+00  9.4265e-02 -2.8588e+00 -9.2082e-02  2.1851e+02  3.5500e+00 -2.1851e+02 -3.5726e+00
4.8083e+00     1.9072e+01  5.7359e-01 -1.9072e+01 -5.0669e-01  2.1893e+02  3.5628e+00 -2.1893e+02 -3.5841e+00
4.8467e+00     1.2780e+01  3.7468e-01 -1.2780e+01 -4.1114e-01  2.1954e+02  3.5810e+00 -2.1954e+02 -3.6017e+00
4.8850e+00     7.5059e+00  1.7120e-01 -7.5059e+00 -2.1481e-01  2.1992e+02  3.5914e+00 -2.1992e+02 -3.6136e+00
4.9233e+00     2.8155e+01  9.9797e-01 -2.8155e+01 -1.0720e+00  2.2061e+02  3.6138e+00 -2.2061e+02 -3.6383e+00
4.9617e+00     4.4684e+00  1.2956e-01 -4.4684e+00 -1.5400e-01  2.2123e+02  3.6354e+00 -2.2123e+02 -3.6617e+00
