-1.8000e+01     0.0000e+00  0.0000e+00 -0.0000e+00 -0.0000e+00  0.0000e+00  0.0000e+00 -0.0000e+00 -0.0000e+00
-1.7962e+01     0.0000e+00  0.0000e+00 -0.0000e+00 -0.0000e+00  0.0000e+00  0.0000e+00 -0.0000e+00 -0.0000e+00
-1.7923e+01     0.0000e+00  0.0000e+00 -0.0000e+00 -0.0000e+00  0.0000e+00  0.0000e+00 -0.0000e+00 -0.0000e+00
-1.7885e+01     0.0000e+00  0.0000e+00 -0.0000e+00 -0.0000e+00  0.0000e+00  0.0000e+00 -0.0000e+00 -0.0000e+00
-1.7847e+01     0.0000e+00  0.0000e+00 -0.0000e+00 -0.0000e+00  0.0000e+00  0.0000e+00 -0.0000e+00 -0.0000e+00
-1.7808e+01     0.0000e+00  0.0000e+00 -0.0000e+00 -0.0000e+00  0.0000e+00  0.0000e+00 -0.0000e+00 -0.0000e+00
-1.7770e+01     0.0000e+00  0.0000e+00 -0.0000e+00 -0.0000e+00  0.0000e+00  0.0000e+00 -0.0000e+00 -0.0000e+00
-1.7732e+01     0.0000e+00  0.0000e+00 -0.0000e+00 -0.0000e+00  0.0000e+00  0.0000e+00 -0.0000e+00 -0.0000e+00
-1.7693e+01     0.0000e+00  0.0000e+00 -0.0000e+00 -0.0000e+00  0.0000e+00  0.0000e+00 -0.0000e+00 -0.0000e+00
-1.7655e+01     0.0000e+00  0.0000e+00 -0.0000e+00 -0.0000e+00  0.0000e+00  0.0000e+00 -0.0000e+00 -0.0000e+00
-1.7617e+01     0.0000e+00  0.0000e+00 -0.0000e+00 -0.0000e+00  0.0000e+00  0.0000e+00 -0.0000e+00 -0.0000e+00
-1.7578e+01     0.0000e+00  0.0000e+00 -0.0000e+00 -0.0000e+00  0.0000e+00  0.0000e+00 -0.0000e+00 -0.0000e+00
-1.7540e+01     0.0000e+00  0.0000e+00 -0.0000e+00 -0.0000e+00  0.0000e+00  0.0000e+00 -0.0000e+00 -0.0000e+00
-1.7502e+01     0.0000e+00  0.0000e+00 -0.0000e+00 -0.0000e+00  0.0000e+00  0.0000e+00 -0.0000e+00 -0.0000e+00
-1.7463e+01     0.0000e+00  0.0000e+00 -0.0000e+00 -0.0000e+00  0.0000e+00  0.0000e+00 -0.0000e+00 -0.0000e+00
-1.7425e+01     0.0000e+00  0.0000e+00 -0.0000e+00 -0.0000e+00  0.0000e+00  0.0000e+00 -0.0000e+00 -0.0000e+00
-1.7387e+01     0.0000e+00  0.0000e+00 -0.0000e+00 -0.0000e+00  0.0000e+00  0.0000e+00 -0.0000e+00 -0.0000e+00
-1.7348e+01     0.0000e+00  0.0000e+00 -0.0000e+00 -0.0000e+00  0.0000e+00  0.0000e+00 -0.0000e+00 -0.0000e+00
-1.7310e+01     0.0000e+00  0.0000e+00 -0.0000e+00 -0.0000e+00  0.0000e+00  0.0000e+00 -0.0000e+00 -0.0000e+00
-1.7272e+01     0.0000e+00  0.0000e+00 -0.0000e+00 -0.0000e+00  0.0000e+00  0.0000e+00 -0.0000e+00 -0.0000e+00
-1.7233e+01     0.0000e+00  0.0000e+00 -0.0000e+00 -0.0000e+00  0.0000e+00  0.0000e+00 -0.0000e+00 -0.0000e+00
-1.7195e+01     0.0000e+00  0.0000e+00 -0.0000e+00 -0.0000e+00  0.0000e+00  0.0000e+00 -0.0000e+00 -0.0000e+00
-1.7157e+01     0.0000e+00  0.0000e+00 -0.0000e+00 -0.0000e+00  0.0000e+00  0.0000e+00 -0.0000e+00 -0.0000e+00
-1.7118e+01     0.0000e+00  0.0000e+00 -0.0000e+00 -0.0000e+00  0.0000e+00  0.0000e+00 -0.0000e+00 -0.0000e+00
-1.7080e+01     0.0000e+00  0.0000e+00 -0.0000e+00 -0.0000e+00  0.0000e+00  0.0000e+00 -0.0000e+00 -0.0000e+00
-1.7042e+01     0.0000e+00  0.0000e+00 -0.0000e+00 -0.0000e+00  0.0000e+00  0.0000e+00 -0.0000e+00 -0.0000e+00
-1.7003e+01     0.0000e+00  0.0000e+00 -0.0000e+00 -0.0000e+00  0.0000e+00  0.0000e+00 -0.0000e+00 -0.0000e+00
-1.6965e+01     0.0000e+00  0.0000e+00 -0.0000e+00 -0.0000e+00  0.0000e+00  0.0000e+00 -0.0000e+00 -0.0000e+00
-1.6927e+01     0.0000e+00  0.0000e+00 -0.0000e+00 -0.0000e+00  0.0000e+00  0.0000e+00 -0.0000e+00 -0.0000e+00
-1.6888e+01     0.0000e+00  0.0000e+00 -0.0000e+00 -0.0000e+00  0.0000e+00  0.0000e+00 -0.0000e+00 -0.0000e+00
-1.6850e+01     0.0000e+00  0.0000e+00 -0.0000e+00 -0.0000e+00  0.0000e+00  0.0000e+00 -0.0000e+00 -0.0000e+00
-1.6812e+01     0.0000e+00  0.0000e+00 -0.0000e+00 -0.0000e+00  0.0000e+00  0.0000e+00 -0.0000e+00 -0.0000e+00
-1.6773e+01     0.0000e+00  0.0000e+00 -0.0000e+00 -0.0000e+00  0.0000e+00  0.0000e+00 -0.0000e+00 -0.0000e+00
-1.6735e+01     0.0000e+00  0.0000e+00 -0.0000e+00 -0.0000e+00  0.0000e+00  0.0000e+00 -0.0000e+00 -0.0000e+00
-1.6697e+01     0.0000e+00  0.0000e+00 -0.0000e+00 -0.0000e+00  0.0000e+00  0.0000e+00 -0.0000e+00 -0.0000e+00
-1.6658e+01     0.0000e+00  0.0000e+00 -0.0000e+00 -0.0000e+00  0.0000e+00  0.0000e+00 -0.0000e+00 -0.0000e+00
-1.6620e+01     0.0000e+00  0.0000e+00 -0.0000e+00 -0.0000e+00  0.0000e+00  0.0000e+00 -0.0000e+00 -0.0000e+00
-1.6582e+01     0.0000e+00  0.0000e+00 -0.0000e+00 -0.0000e+00  0.0000e+00  0.0000e+00 -0.0000e+00 -0.0000e+00
-1.6543e+01     0.0000e+00  0.0000e+00 -0.0000e+00 -0.0000e+00  0.0000e+00  0.0000e+00 -0.0000e+00 -0.0000e+00
-1.6505e+01     0.0000e+00  0.0000e+00 -0.0000e+00 -0.0000e+00  0.0000e+00  0.0000e+00 -0.0000e+00 -0.0000e+00
-1.6467e+01     0.0000e+00  0.0000e+00 -0.0000e+00 -0.0000e+00  0.0000e+00  0.0000e+00 -0.0000e+00 -0.0000e+00
-1.6428e+01     0.0000e+00  0.0000e+00 -0.0000e+00 -0.0000e+00  0.0000e+00  0.0000e+00 -0.0000e+00 -0.0000e+00
-1.6390e+01     0.0000e+00  0.0000e+00 -0.0000e+00 -0.0000e+00  0.0000e+00  0.0000e+00 -0.0000e+00 -0.0000e+00
-1.6352e+01     0.0000e+00  0.0000e+00 -0.0000e+00 -0.0000e+00  0.0000e+00  0.0000e+00 -0.0000e+00 -0.0000e+00
-1.6313e+01     0.0000e+00  0.0000e+00 -0.0000e+00 -0.0000e+00  0.0000e+00  0.0000e+00 -0.0000e+00 -0.0000e+00
-1.6275e+01     0.0000e+00  0.0000e+00 -0.0000e+00 -0.0000e+00  0.0000e+00  0.0000e+00 -0.0000e+00 -0.0000e+00
-1.6237e+01     0.0000e+00  0.0000e+00 -0.0000e+00 -0.0000e+00  0.0000e+00  0.0000e+00 -0.0000e+00 -0.0000e+00
-1.6198e+01     0.0000e+00  0.0000e+00 -0.0000e+00 -0.0000e+00  0.0000e+00  0.0000e+00 -0.0000e+00 -0.0000e+00
-1.6160e+01     0.0000e+00  0.0000e+00 -0.0000e+00 -0.0000e+00  0.0000e+00  0.0000e+00 -0.0000e+00 -0.0000e+00
-1.6122e+01     0.0000e+00  0.0000e+00 -0.0000e+00 -0.0000e+00  0.0000e+00  0.0000e+00 -0.0000e+00 -0.0000e+00
-1.6083e+01     0.0000e+00  0.0000e+00 -0.0000e+00 -0.0000e+00  0.0000e+00  0.0000e+00 -0.0000e+00 -0.0000e+00
-1.6045e+01     0.0000e+00  0.0000e+00 -0.0000e+00 -0.0000e+00  0.0000e+00  0.0000e+00 -0.0000e+00 -0.0000e+00
-1.6007e+01     0.0000e+00  0.0000e+00 -0.0000e+00 -0.0000e+00  0.0000e+00  0.0000e+00 -0.0000e+00 -0.0000e+00
-1.5968e+01     0.0000e+00  0.0000e+00 -0.0000e+00 -0.0000e+00  0.0000e+00  0.0000e+00 -0.0000e+00 -0.0000e+00
-1.5930e+01     0.0000e+00  0.0000e+00 -0.0000e+00 -0.0000e+00  0.0000e+00  0.0000e+00 -0.0000e+00 -0.0000e+00
-1.5892e+01     0.0000e+00  0.0000e+00 -0.0000e+00 -0.0000e+00  0.0000e+00  0.0000e+00 -0.0000e+00 -0.0000e+00
-1.5853e+01     0.0000e+00  0.0000e+00 -0.0000e+00 -0.0000e+00  0.0000e+00  0.0000e+00 -0.0000e+00 -0.0000e+00
-1.5815e+01     0.0000e+00  0.0000e+00 -0.0000e+00 -0.0000e+00  0.0000e+00  0.0000e+00 -0.0000e+00 -0.0000e+00
-1.5777e+01     0.0000e+00  0.0000e+00 -0.0000e+00 -0.0000e+00  0.0000e+00  0.0000e+00 -0.0000e+00 -0.0000e+00
-1.5738e+01     0.0000e+00  0.0000e+00 -0.0000e+00 -0.0000e+00  0.0000e+00  0.0000e+00 -0.0000e+00 -0.0000e+00
-1.5700e+01     0.0000e+00  0.0000e+00 -0.0000e+00 -0.0000e+00  0.0000e+00  0.0000e+00 -0.0000e+00 -0.0000e+00
-1.5662e+01     0.0000e+00  0.0000e+00 -0.0000e+00 -0.0000e+00  0.0000e+00  0.0000e+00 -0.0000e+00 -0.0000e+00
-1.5623e+01     0.0000e+00  0.0000e+00 -0.0000e+00 -0.0000e+00  0.0000e+00  0.0000e+00 -0.0000e+00 -0.0000e+00
-1.5585e+01     0.0000e+00  0.0000e+00 -0.0000e+00 -0.0000e+00  0.0000e+00  0.0000e+00 -0.0000e+00 -0.0000e+00
-1.5547e+01     0.0000e+00  0.0000e+00 -0.0000e+00 -0.0000e+00  0.0000e+00  0.0000e+00 -0.0000e+00 -0.0000e+00
-1.5508e+01     0.0000e+00  0.0000e+00 -0.0000e+00 -0.0000e+00  0.0000e+00  0.0000e+00 -0.0000e+00 -0.0000e+00
-1.5470e+01     0.0000e+00  0.0000e+00 -0.0000e+00 -0.0000e+00  0.0000e+00  0.0000e+00 -0.0000e+00 -0.0000e+00
-1.5432e+01     0.0000e+00  0.0000e+00 -0.0000e+00 -0.0000e+00  0.0000e+00  0.0000e+00 -0.0000e+00 -0.0000e+00
-1.5393e+01     0.0000e+00  0.0000e+00 -0.0000e+00 -0.0000e+00  0.0000e+00  0.0000e+00 -0.0000e+00 -0.0000e+00
-1.5355e+01     0.0000e+00  0.0000e+00 -0.0000e+00 -0.0000e+00  0.0000e+00  0.0000e+00 -0.0000e+00 -0.0000e+00
-1.5317e+01     0.0000e+00  0.0000e+00 -0.0000e+00 -0.0000e+00  0.0000e+00  0.0000e+00 -0.0000e+00 -0.0000e+00
-1.5278e+01     0.0000e+00  0.0000e+00 -0.0000e+00 -0.0000e+00  0.0000e+00  0.0000e+00 -0.0000e+00 -0.0000e+00
-1.5240e+01     4.2553e+00  7.2486e-02 -4.2553e+00 -4.7154e-02  8.1424e-02  1.3870e-03 -8.1424e-02 -9.0228e-04
-1.5202e+01     4.7490e+00  6.9071e-02 -4.7490e+00 -5.0857e-02  2.5372e-01  4.0957e-03 -2.5372e-01 -2.7777e-03
-1.5163e+01     1.2126e+01  1.0608e-01 -1.2126e+01 -1.0869e-01  5.7661e-01  7.4471e-03 -5.7661e-01 -5.8307e-03
-1.5125e+01     1.5489e+00  4.0885e-03 -1.5489e+00 -1.1182e-02  8.3828e-01  9.5551e-03 -8.3828e-01 -8.1244e-03
-1.5087e+01     1.3018e+01  6.4609e-02 -1.3018e+01 -5.9706e-02  1.1170e+00  1.0870e-02 -1.1170e+00 -9.4808e-03
-1.5048e+01     5.2257e+00  4.2618e-02 -5.2257e+00 -2.9318e-02  1.4661e+00  1.2921e-02 -1.4661e+00 -1.1184e-02
-1.5010e+01     3.0231e+00  2.6895e-02 -3.0231e+00 -9.3313e-03  1.6240e+00  1.4252e-02 -1.6240e+00 -1.1924e-02
-1.4972e+01     1.8505e+01  3.1631e-02 -1.8505e+01 -2.7785e-02  2.0359e+00  1.5371e-02 -2.0359e+00 -1.2634e-02
-1.4933e+01     7.2814e+00  1.2911e-02 -7.2814e+00 -9.0666e-03  2.5293e+00  1.6224e-02 -2.5293e+00 -1.3339e-02
-1.4895e+01     1.0464e+01  2.2722e-02 -1.0464e+01 -2.5222e-02  2.8689e+00  1.6906e-02 -2.8689e+00 -1.3995e-02
-1.4857e+01     1.8579e+01  6.0282e-02 -1.8579e+01 -5.9844e-02  3.4246e+00  1.8494e-02 -3.4246e+00 -1.5623e-02
-1.4818e+01     8.2824e-02  3.8628e-04 -8.2824e-02 -2.8628e-04  3.7817e+00  1.9655e-02 -3.7817e+00 -1.6774e-02
-1.4780e+01     1.3368e+01  6.3955e-02 -1.3368e+01 -4.8846e-02  4.0391e+00  2.0886e-02 -4.0391e+00 -1.7714e-02
-1.4742e+01     8.8300e+00  2.8409e-02 -8.8300e+00 -3.3467e-02  4.4638e+00  2.2653e-02 -4.4638e+00 -1.9289e-02
-1.4703e+01     1.5834e+01  1.3127e-01 -1.5834e+01 -9.7527e-02  4.9358e+00  2.5709e-02 -4.9358e+00 -2.1795e-02
-1.4665e+01     1.1137e+01  5.5668e-02 -1.1137e+01 -6.4377e-02  5.4519e+00  2.9286e-02 -5.4519e+00 -2.4893e-02
-1.4627e+01     1.2006e+01  5.2954e-02 -1.2006e+01 -3.8987e-02  5.8947e+00  3.1364e-02 -5.8947e+00 -2.6871e-02
-1.4588e+01     1.6175e+01  6.4382e-02 -1.6175e+01 -5.0202e-02  6.4339e+00  3.3609e-02 -6.4339e+00 -2.8578e-02
-1.4550e+01     1.7278e+01  6.9891e-02 -1.7278e+01 -5.5484e-02  7.0740e+00  3.6178e-02 -7.0740e+00 -3.0600e-02
-1.4512e+01     1.0876e+01  6.0566e-02 -1.0876e+01 -4.8987e-02  7.6128e+00  3.8675e-02 -7.6128e+00 -3.2599e-02
-1.4473e+01     1.2939e+01  7.3443e-02 -1.2939e+01 -5.4863e-02  8.0685e+00  4.1239e-02 -8.0685e+00 -3.4586e-02
-1.4435e+01     1.2526e+01  1.0282e-01 -1.2526e+01 -7.7067e-02  8.5557e+00  4.4612e-02 -8.5557e+00 -3.7111e-02
-1.4397e+01     6.6559e+00  7.7682e-02 -6.6559e+00 -7.5975e-02  8.9228e+00  4.8066e-02 -8.9228e+00 -4.0039e-02
-1.4358e+01     1.3900e+01  1.5007e-01 -1.3900e+01 -1.4644e-01  9.3161e+00  5.2424e-02 -9.3161e+00 -4.4295e-02
-1.4320e+01     7.9528e+00  6.1741e-02 -7.9528e+00 -6.7371e-02  9.7343e+00  5.6477e-02 -9.7343e+00 -4.8386e-02
-1.4282e+01     1.0335e+01  5.2171e-02 -1.0335e+01 -5.7357e-02  1.0084e+01  5.8656e-02 -1.0084e+01 -5.0773e-02
-1.4243e+01     1.4267e+01  9.1984e-02 -1.4267e+01 -9.7807e-02  1.0555e+01  6.1415e-02 -1.0555e+01 -5.3742e-02
-1.4205e+01     1.4901e+01  1.0656e-01 -1.4901e+01 -1.0229e-01  1.1113e+01  6.5214e-02 -1.1113e+01 -5.7571e-02
-1.4167e+01     1.2663e+01  9.3217e-02 -1.2663e+01 -6.7918e-02  1.1641e+01  6.9037e-02 -1.1641e+01 -6.0828e-02
-1.4128e+01     1.6831e+01  8.8503e-02 -1.6831e+01 -6.5516e-02  1.2205e+01  7.2514e-02 -1.2205e+01 -6.3381e-02
-1.4090e+01     2.5502e+01  1.7222e-01 -2.5502e+01 -1.5777e-01  1.3015e+01  7.7503e-02 -1.3015e+01 -6.7653e-02
-1.4052e+01     1.0658e+01  5.8279e-02 -1.0658e+01 -5.7962e-02  1.3707e+01  8.1913e-02 -1.3707e+01 -7.1781e-02
-1.4013e+01     1.4247e+01  9.3844e-02 -1.4247e+01 -1.0152e-01  1.4183e+01  8.4824e-02 -1.4183e+01 -7.4833e-02
-1.3975e+01     1.4648e+01  8.1419e-02 -1.4648e+01 -8.6408e-02  1.4736e+01  8.8178e-02 -1.4736e+01 -7.8429e-02
-1.3937e+01     1.3254e+01  8.5781e-02 -1.3254e+01 -6.3337e-02  1.5270e+01  9.1377e-02 -1.5270e+01 -8.1294e-02
-1.3898e+01     9.4510e+00  4.8031e-02 -9.4510e+00 -3.4567e-02  1.5705e+01  9.3937e-02 -1.5705e+01 -8.3168e-02
-1.3860e+01     1.9483e+01  1.1555e-01 -1.9483e+01 -9.6235e-02  1.6258e+01  9.7067e-02 -1.6258e+01 -8.5670e-02
-1.3822e+01     7.9079e+00  3.1441e-02 -7.9079e+00 -3.9024e-02  1.6782e+01  9.9880e-02 -1.6782e+01 -8.8259e-02
-1.3783e+01     1.8270e+01  1.0234e-01 -1.8270e+01 -9.0090e-02  1.7283e+01  1.0244e-01 -1.7283e+01 -9.0729e-02
-1.3745e+01     1.0154e+01  4.6773e-02 -1.0154e+01 -7.5854e-02  1.7827e+01  1.0529e-01 -1.7827e+01 -9.3904e-02
-1.3707e+01     2.2503e+01  1.4237e-01 -2.2503e+01 -1.5115e-01  1.8452e+01  1.0891e-01 -1.8452e+01 -9.8248e-02
-1.3668e+01     1.1634e+01  8.1955e-02 -1.1634e+01 -7.1524e-02  1.9105e+01  1.1320e-01 -1.9105e+01 -1.0251e-01
-1.3630e+01     1.2584e+01  9.8190e-02 -1.2584e+01 -8.7169e-02  1.9569e+01  1.1665e-01 -1.9569e+01 -1.0555e-01
-1.3592e+01     1.0476e+01  8.6405e-02 -1.0476e+01 -9.1393e-02  2.0010e+01  1.2018e-01 -2.0010e+01 -1.0896e-01
-1.3553e+01     2.2465e+01  1.1312e-01 -2.2465e+01 -1.3992e-01  2.0640e+01  1.2400e-01 -2.0640e+01 -1.1339e-01
-1.3515e+01     1.4462e+01  9.0989e-02 -1.4462e+01 -8.9919e-02  2.1347e+01  1.2791e-01 -2.1347e+01 -1.1779e-01
-1.3477e+01     1.5607e+01  6.6303e-02 -1.5607e+01 -7.7028e-02  2.1922e+01  1.3092e-01 -2.1922e+01 -1.2098e-01
-1.3438e+01     2.0626e+01  1.4071e-01 -2.0626e+01 -1.1052e-01  2.2615e+01  1.3488e-01 -2.2615e+01 -1.2457e-01
-1.3400e+01     1.5419e+01  1.3526e-01 -1.5419e+01 -9.3443e-02  2.3305e+01  1.4016e-01 -2.3305e+01 -1.2847e-01
-1.3362e+01     1.8694e+01  1.7145e-01 -1.8694e+01 -1.6381e-01  2.3958e+01  1.4603e-01 -2.3958e+01 -1.3339e-01
-1.3323e+01     1.0418e+01  1.0344e-01 -1.0418e+01 -1.2314e-01  2.4515e+01  1.5129e-01 -2.4515e+01 -1.3889e-01
-1.3285e+01     1.7532e+01  2.0748e-01 -1.7532e+01 -1.9942e-01  2.5050e+01  1.5724e-01 -2.5050e+01 -1.4506e-01
-1.3247e+01     2.0117e+01  1.4714e-01 -2.0117e+01 -2.5548e-01  2.5770e+01  1.6402e-01 -2.5770e+01 -1.5376e-01
-1.3208e+01     2.3013e+01  1.9375e-01 -2.3013e+01 -2.2207e-01  2.6595e+01  1.7055e-01 -2.6595e+01 -1.6290e-01
-1.3170e+01     2.0639e+01  1.7728e-01 -2.0639e+01 -2.2528e-01  2.7431e+01  1.7765e-01 -2.7431e+01 -1.7146e-01
-1.3132e+01     1.8925e+01  2.0895e-01 -1.8925e+01 -1.5912e-01  2.8188e+01  1.8504e-01 -2.8188e+01 -1.7882e-01
-1.3093e+01     2.2102e+01  2.5884e-01 -2.2102e+01 -2.0951e-01  2.8973e+01  1.9399e-01 -2.8973e+01 -1.8587e-01
-1.3055e+01     1.9866e+01  2.2374e-01 -1.9866e+01 -2.6416e-01  2.9776e+01  2.0322e-01 -2.9776e+01 -1.9493e-01
-1.3017e+01     1.3768e+01  1.6516e-01 -1.3768e+01 -1.7588e-01  3.0419e+01  2.1066e-01 -3.0419e+01 -2.0335e-01
-1.2978e+01     1.6389e+01  1.8359e-01 -1.6389e+01 -1.8926e-01  3.0997e+01  2.1734e-01 -3.0997e+01 -2.1034e-01
-1.2940e+01     1.8813e+01  2.3381e-01 -1.8813e+01 -2.3604e-01  3.1670e+01  2.2532e-01 -3.1670e+01 -2.1848e-01
-1.2902e+01     2.0840e+01  2.7704e-01 -2.0840e+01 -2.3573e-01  3.2429e+01  2.3510e-01 -3.2429e+01 -2.2750e-01
-1.2863e+01     1.6645e+01  2.4266e-01 -1.6645e+01 -2.4575e-01  3.3146e+01  2.4504e-01 -3.3146e+01 -2.3672e-01
-1.2825e+01     1.5210e+01  1.9784e-01 -1.5210e+01 -2.2649e-01  3.3756e+01  2.5347e-01 -3.3756e+01 -2.4575e-01
-1.2787e+01     2.0033e+01  2.7302e-01 -2.0033e+01 -3.2079e-01  3.4430e+01  2.6248e-01 -3.4430e+01 -2.5623e-01
-1.2748e+01     2.2691e+01  2.9419e-01 -2.2691e+01 -2.9495e-01  3.5248e+01  2.7333e-01 -3.5248e+01 -2.6801e-01
-1.2710e+01     2.4687e+01  3.4513e-01 -2.4687e+01 -2.7439e-01  3.6154e+01  2.8557e-01 -3.6154e+01 -2.7890e-01
-1.2672e+01     1.7655e+01  1.7190e-01 -1.7655e+01 -2.2220e-01  3.6964e+01  2.9546e-01 -3.6964e+01 -2.8840e-01
-1.2633e+01     2.1392e+01  2.0180e-01 -2.1392e+01 -1.8310e-01  3.7711e+01  3.0261e-01 -3.7711e+01 -2.9616e-01
-1.2595e+01     1.9989e+01  1.1184e-01 -1.9989e+01 -1.2144e-01  3.8503e+01  3.0861e-01 -3.8503e+01 -3.0199e-01
-1.2557e+01     3.0864e+00  4.7333e-02 -3.0864e+00 -3.1436e-02  3.8945e+01  3.1166e-01 -3.8945e+01 -3.0491e-01
-1.2518e+01     1.9501e+01  2.0235e-01 -1.9501e+01 -9.4461e-02  3.9377e+01  3.1644e-01 -3.9377e+01 -3.0732e-01
-1.2480e+01     9.2087e+00  7.8637e-02 -9.2087e+00 -6.2529e-02  3.9926e+01  3.2181e-01 -3.9926e+01 -3.1032e-01
-1.2442e+01     2.5482e+01  1.5421e-01 -2.5482e+01 -1.2790e-01  4.0590e+01  3.2627e-01 -4.0590e+01 -3.1397e-01
-1.2403e+01     1.5228e+01  1.0420e-01 -1.5228e+01 -7.4812e-02  4.1369e+01  3.3121e-01 -4.1369e+01 -3.1785e-01
-1.2365e+01     1.3096e+01  9.0535e-02 -1.3096e+01 -6.8122e-02  4.1911e+01  3.3494e-01 -4.1911e+01 -3.2058e-01
-1.2327e+01     2.4209e+01  1.3714e-01 -2.4209e+01 -1.3075e-01  4.2625e+01  3.3930e-01 -4.2625e+01 -3.2439e-01
-1.2288e+01     2.6006e+01  1.6227e-01 -2.6006e+01 -1.4018e-01  4.3586e+01  3.4502e-01 -4.3586e+01 -3.2957e-01
-1.2250e+01     2.4989e+01  1.5190e-01 -2.4989e+01 -1.4872e-01  4.4562e+01  3.5104e-01 -4.4562e+01 -3.3510e-01
-1.2212e+01     1.9981e+01  1.4630e-01 -1.9981e+01 -1.2581e-01  4.5422e+01  3.5674e-01 -4.5422e+01 -3.4035e-01
-1.2173e+01     2.6876e+01  2.5035e-01 -2.6876e+01 -1.7939e-01  4.6319e+01  3.6433e-01 -4.6319e+01 -3.4619e-01
-1.2135e+01     1.6565e+01  2.3085e-01 -1.6565e+01 -1.2485e-01  4.7150e+01  3.7354e-01 -4.7150e+01 -3.5201e-01
-1.2097e+01     2.6395e+01  1.8060e-01 -2.6395e+01 -2.1009e-01  4.7972e+01  3.8141e-01 -4.7972e+01 -3.5842e-01
-1.2058e+01     1.9613e+01  1.5251e-01 -1.9613e+01 -1.6073e-01  4.8852e+01  3.8779e-01 -4.8852e+01 -3.6552e-01
-1.2020e+01     1.6994e+01  7.6290e-02 -1.6994e+01 -1.1279e-01  4.9553e+01  3.9216e-01 -4.9553e+01 -3.7075e-01
-1.1982e+01     2.7768e+01  9.9253e-02 -2.7768e+01 -1.3835e-01  5.0409e+01  3.9552e-01 -5.0409e+01 -3.7556e-01
-1.1943e+01     1.7463e+01  5.4675e-02 -1.7463e+01 -6.9641e-02  5.1275e+01  3.9847e-01 -5.1275e+01 -3.7954e-01
-1.1905e+01     1.4228e+01  4.2739e-02 -1.4228e+01 -5.1736e-02  5.1881e+01  4.0033e-01 -5.1881e+01 -3.8186e-01
-1.1867e+01     1.7215e+01  6.6546e-02 -1.7215e+01 -5.3076e-02  5.2483e+01  4.0242e-01 -5.2483e+01 -3.8387e-01
-1.1828e+01     1.9870e+01  7.9056e-02 -1.9870e+01 -6.8431e-02  5.3192e+01  4.0521e-01 -5.3192e+01 -3.8619e-01
-1.1790e+01     2.7467e+01  1.3235e-01 -2.7467e+01 -1.5092e-01  5.4098e+01  4.0926e-01 -5.4098e+01 -3.9039e-01
-1.1752e+01     2.1707e+01  1.2363e-01 -2.1707e+01 -1.2738e-01  5.5039e+01  4.1415e-01 -5.5039e+01 -3.9571e-01
-1.1713e+01     2.1278e+01  1.5566e-01 -2.1278e+01 -1.8918e-01  5.5862e+01  4.1950e-01 -5.5862e+01 -4.0177e-01
-1.1675e+01     2.4498e+01  1.9861e-01 -2.4498e+01 -2.1895e-01  5.6737e+01  4.2628e-01 -5.6737e+01 -4.0958e-01
-1.1637e+01     2.7201e+01  1.7088e-01 -2.7201e+01 -2.9550e-01  5.7727e+01  4.3335e-01 -5.7727e+01 -4.1942e-01
-1.1598e+01     2.7233e+01  1.7898e-01 -2.7233e+01 -2.1417e-01  5.8768e+01  4.4004e-01 -5.8768e+01 -4.2918e-01
-1.1560e+01     2.3048e+01  1.6329e-01 -2.3048e+01 -1.7647e-01  5.9730e+01  4.4659e-01 -5.9730e+01 -4.3665e-01
-1.1522e+01     3.3217e+01  1.2972e-01 -3.3217e+01 -1.4079e-01  6.0807e+01  4.5220e-01 -6.0807e+01 -4.4272e-01
-1.1483e+01     2.4708e+01  1.2606e-01 -2.4708e+01 -1.2234e-01  6.1915e+01  4.5709e-01 -6.1915e+01 -4.4776e-01
-1.1445e+01     2.1765e+01  1.1065e-01 -2.1765e+01 -9.1527e-02  6.2805e+01  4.6162e-01 -6.2805e+01 -4.5185e-01
-1.1407e+01     1.7309e+01  8.1709e-02 -1.7309e+01 -7.8370e-02  6.3552e+01  4.6530e-01 -6.3552e+01 -4.5510e-01
-1.1368e+01     2.3263e+01  6.5401e-02 -2.3263e+01 -7.7087e-02  6.4329e+01  4.6812e-01 -6.4329e+01 -4.5807e-01
-1.1330e+01     1.5461e+01  6.1143e-02 -1.5461e+01 -6.0519e-02  6.5070e+01  4.7054e-01 -6.5070e+01 -4.6071e-01
-1.1292e+01     1.4391e+01  6.7862e-02 -1.4391e+01 -6.0752e-02  6.5641e+01  4.7301e-01 -6.5641e+01 -4.6303e-01
-1.1253e+01     2.3542e+01  8.2956e-02 -2.3542e+01 -8.1746e-02  6.6367e+01  4.7589e-01 -6.6367e+01 -4.6576e-01
-1.1215e+01     7.8150e+00  2.6440e-02 -7.8150e+00 -2.7560e-02  6.6967e+01  4.7799e-01 -6.6967e+01 -4.6785e-01
-1.1177e+01     7.6934e+00  3.1696e-02 -7.6934e+00 -2.1293e-02  6.7263e+01  4.7910e-01 -6.7263e+01 -4.6878e-01
-1.1138e+01     1.6066e+01  6.0754e-02 -1.6066e+01 -5.6428e-02  6.7718e+01  4.8087e-01 -6.7718e+01 -4.7027e-01
-1.1100e+01     1.2674e+01  6.3902e-02 -1.2674e+01 -6.4572e-02  6.8268e+01  4.8325e-01 -6.8268e+01 -4.7258e-01
-1.1062e+01     2.6789e+01  1.1745e-01 -2.6789e+01 -1.0256e-01  6.9023e+01  4.8672e-01 -6.9023e+01 -4.7578e-01
-1.1023e+01     3.0657e+01  4.9803e-02 -3.0657e+01 -6.7135e-02  7.0122e+01  4.8992e-01 -7.0122e+01 -4.7903e-01
-1.0985e+01     7.5614e+00  3.1313e-02 -7.5614e+00 -2.0943e-02  7.0854e+01  4.9148e-01 -7.0854e+01 -4.8071e-01
-1.0947e+01     3.1872e+01  1.2277e-01 -3.1872e+01 -8.5724e-02  7.1608e+01  4.9442e-01 -7.1608e+01 -4.8276e-01
-1.0908e+01     3.6615e+01  8.5247e-02 -3.6615e+01 -9.1359e-02  7.2919e+01  4.9840e-01 -7.2919e+01 -4.8614e-01
-1.0870e+01     2.9686e+01  5.2252e-02 -2.9686e+01 -5.6063e-02  7.4187e+01  5.0104e-01 -7.4187e+01 -4.8896e-01
-1.0832e+01     2.0683e+01  3.5679e-02 -2.0683e+01 -3.4708e-02  7.5151e+01  5.0272e-01 -7.5151e+01 -4.9070e-01
-1.0793e+01     2.4783e+01  4.5885e-02 -2.4783e+01 -5.0299e-02  7.6021e+01  5.0428e-01 -7.6021e+01 -4.9233e-01
-1.0755e+01     2.9010e+01  4.2355e-02 -2.9010e+01 -3.6527e-02  7.7050e+01  5.0597e-01 -7.7050e+01 -4.9399e-01
-1.0717e+01     1.9014e+01  4.4174e-02 -1.9014e+01 -4.5431e-02  7.7969e+01  5.0762e-01 -7.7969e+01 -4.9556e-01
-1.0678e+01     1.9635e+01  4.1597e-02 -1.9635e+01 -5.9869e-02  7.8709e+01  5.0926e-01 -7.8709e+01 -4.9757e-01
-1.0640e+01     8.8238e+00  2.0677e-02 -8.8238e+00 -1.8326e-02  7.9253e+01  5.1046e-01 -7.9253e+01 -4.9907e-01
-1.0602e+01     1.2254e+01  2.7493e-02 -1.2254e+01 -2.4322e-02  7.9657e+01  5.1138e-01 -7.9657e+01 -4.9989e-01
-1.0563e+01     2.1671e+01  5.8769e-02 -2.1671e+01 -7.7236e-02  8.0306e+01  5.1303e-01 -8.0306e+01 -5.0183e-01
-1.0525e+01     1.2272e+01  7.9025e-02 -1.2272e+01 -6.6356e-02  8.0955e+01  5.1566e-01 -8.0955e+01 -5.0458e-01
-1.0487e+01     2.3481e+01  1.4696e-01 -2.3481e+01 -1.4920e-01  8.1640e+01  5.1999e-01 -8.1640e+01 -5.0870e-01
-1.0448e+01     2.0149e+01  1.8479e-01 -2.0149e+01 -1.5609e-01  8.2474e+01  5.2634e-01 -8.2474e+01 -5.1454e-01
-1.0410e+01     2.4853e+01  2.2230e-01 -2.4853e+01 -2.2479e-01  8.3335e+01  5.3413e-01 -8.3335e+01 -5.2183e-01
-1.0372e+01     2.6122e+01  1.5694e-01 -2.6122e+01 -2.4136e-01  8.4311e+01  5.4138e-01 -8.4311e+01 -5.3075e-01
-1.0333e+01     3.2200e+01  1.4923e-01 -3.2200e+01 -1.7619e-01  8.5427e+01  5.4724e-01 -8.5427e+01 -5.3874e-01
-1.0295e+01     3.1605e+01  1.7316e-01 -3.1605e+01 -1.9458e-01  8.6648e+01  5.5341e-01 -8.6648e+01 -5.4583e-01
-1.0257e+01     2.3346e+01  1.4936e-01 -2.3346e+01 -1.6479e-01  8.7699e+01  5.5958e-01 -8.7699e+01 -5.5271e-01
-1.0218e+01     1.8599e+01  1.2696e-01 -1.8599e+01 -1.2579e-01  8.8502e+01  5.6487e-01 -8.8502e+01 -5.5827e-01
-1.0180e+01     1.5853e+01  1.4634e-01 -1.5853e+01 -1.2648e-01  8.9161e+01  5.7010e-01 -8.9161e+01 -5.6310e-01
-1.0142e+01     2.3598e+01  2.4637e-01 -2.3598e+01 -2.0659e-01  8.9916e+01  5.7761e-01 -8.9916e+01 -5.6947e-01
-1.0103e+01     2.1568e+01  1.6278e-01 -2.1568e+01 -1.8891e-01  9.0780e+01  5.8544e-01 -9.0780e+01 -5.7704e-01
-1.0065e+01     2.0016e+01  1.8085e-01 -2.0016e+01 -1.7419e-01  9.1576e+01  5.9202e-01 -9.1576e+01 -5.8399e-01
-1.0027e+01     2.2396e+01  2.0211e-01 -2.2396e+01 -2.4536e-01  9.2387e+01  5.9935e-01 -9.2387e+01 -5.9202e-01
-9.9883e+00     1.5105e+01  1.5342e-01 -1.5105e+01 -1.5708e-01  9.3105e+01  6.0615e-01 -9.3105e+01 -5.9972e-01
-9.9500e+00     1.8453e+01  1.9926e-01 -1.8453e+01 -2.1257e-01  9.3747e+01  6.1290e-01 -9.3747e+01 -6.0679e-01
-9.9117e+00     1.6850e+01  1.6082e-01 -1.6850e+01 -2.0142e-01  9.4423e+01  6.1979e-01 -9.4423e+01 -6.1471e-01
-9.8733e+00     2.4415e+01  2.1097e-01 -2.4415e+01 -2.3746e-01  9.5212e+01  6.2690e-01 -9.5212e+01 -6.2311e-01
-9.8350e+00     1.7901e+01  1.5158e-01 -1.7901e+01 -1.7636e-01  9.6022e+01  6.3384e-01 -9.6022e+01 -6.3103e-01
-9.7967e+00     1.4483e+01  1.4838e-01 -1.4483e+01 -1.4932e-01  9.6642e+01  6.3958e-01 -9.6642e+01 -6.3726e-01
-9.7583e+00     1.4404e+01  1.6596e-01 -1.4404e+01 -1.4566e-01  9.7194e+01  6.4559e-01 -9.7194e+01 -6.4290e-01
-9.7200e+00     1.9141e+01  2.3765e-01 -1.9141e+01 -2.6981e-01  9.7836e+01  6.5331e-01 -9.7836e+01 -6.5085e-01
-9.6817e+00     1.8421e+01  1.6193e-01 -1.8421e+01 -2.1202e-01  9.8555e+01  6.6096e-01 -9.8555e+01 -6.6007e-01
-9.6433e+00     1.7809e+01  1.5731e-01 -1.7809e+01 -1.6372e-01  9.9248e+01  6.6707e-01 -9.9248e+01 -6.6726e-01
-9.6050e+00     1.8539e+01  1.6571e-01 -1.8539e+01 -1.7338e-01  9.9944e+01  6.7325e-01 -9.9944e+01 -6.7371e-01
-9.5667e+00     1.8533e+01  1.4986e-01 -1.8533e+01 -1.3018e-01  1.0065e+02  6.7929e-01 -1.0065e+02 -6.7952e-01
-9.5283e+00     2.1493e+01  1.3913e-01 -2.1493e+01 -1.4079e-01  1.0142e+02  6.8482e-01 -1.0142e+02 -6.8471e-01
-9.4900e+00     3.1672e+01  1.7895e-01 -3.1672e+01 -2.1015e-01  1.0244e+02  6.9090e-01 -1.0244e+02 -6.9142e-01
-9.4517e+00     3.4627e+01  2.0654e-01 -3.4627e+01 -1.5616e-01  1.0370e+02  6.9828e-01 -1.0370e+02 -6.9843e-01
-9.4133e+00     3.2651e+01  1.9044e-01 -3.2651e+01 -1.9967e-01  1.0499e+02  7.0588e-01 -1.0499e+02 -7.0524e-01
-9.3750e+00     1.2183e+01  7.0247e-02 -1.2183e+01 -6.9518e-02  1.0585e+02  7.1087e-01 -1.0585e+02 -7.1039e-01
-9.3367e+00     1.5919e+01  7.4478e-02 -1.5919e+01 -8.5196e-02  1.0639e+02  7.1363e-01 -1.0639e+02 -7.1335e-01
-9.2983e+00     1.4900e+01  8.8383e-02 -1.4900e+01 -5.7940e-02  1.0698e+02  7.1675e-01 -1.0698e+02 -7.1609e-01
-9.2600e+00     3.2096e+01  1.4945e-01 -3.2096e+01 -1.1807e-01  1.0788e+02  7.2130e-01 -1.0788e+02 -7.1946e-01
-9.2217e+00     4.1962e+01  1.5104e-01 -4.1962e+01 -1.7285e-01  1.0929e+02  7.2705e-01 -1.0929e+02 -7.2502e-01
-9.1833e+00     4.4658e+01  1.8933e-01 -4.4658e+01 -1.7961e-01  1.1095e+02  7.3356e-01 -1.1095e+02 -7.3177e-01
-9.1450e+00     2.6962e+01  1.1382e-01 -2.6962e+01 -1.2148e-01  1.1232e+02  7.3937e-01 -1.1232e+02 -7.3753e-01
-9.1067e+00     2.4830e+01  1.0360e-01 -2.4830e+01 -1.0903e-01  1.1331e+02  7.4353e-01 -1.1331e+02 -7.4194e-01
-9.0683e+00     3.7589e+01  1.6167e-01 -3.7589e+01 -1.8200e-01  1.1451e+02  7.4860e-01 -1.1451e+02 -7.4751e-01
-9.0300e+00     5.7254e+00  3.4103e-02 -5.7254e+00 -3.1898e-02  1.1534e+02  7.5235e-01 -1.1534e+02 -7.5160e-01
-8.9917e+00     1.3118e+01  6.3118e-02 -1.3118e+01 -5.5429e-02  1.1570e+02  7.5421e-01 -1.1570e+02 -7.5327e-01
-8.9533e+00     2.4833e+01  1.2479e-01 -2.4833e+01 -1.1329e-01  1.1642e+02  7.5780e-01 -1.1642e+02 -7.5650e-01
-8.9150e+00     2.7439e+01  1.3670e-01 -2.7439e+01 -1.3359e-01  1.1742e+02  7.6281e-01 -1.1742e+02 -7.6123e-01
-8.8767e+00     2.1892e+01  1.1929e-01 -2.1892e+01 -1.3319e-01  1.1837e+02  7.6771e-01 -1.1837e+02 -7.6633e-01
-8.8383e+00     2.7369e+01  1.2661e-01 -2.7369e+01 -1.0828e-01  1.1931e+02  7.7241e-01 -1.1931e+02 -7.7095e-01
-8.8000e+00     3.2802e+01  1.2874e-01 -3.2802e+01 -1.0461e-01  1.2046e+02  7.7730e-01 -1.2046e+02 -7.7502e-01
-8.7617e+00     2.8114e+01  9.2124e-02 -2.8114e+01 -9.4230e-02  1.2163e+02  7.8152e-01 -1.2163e+02 -7.7883e-01
-8.7233e+00     3.5850e+01  1.0062e-01 -3.5850e+01 -1.2258e-01  1.2285e+02  7.8521e-01 -1.2285e+02 -7.8298e-01
-8.6850e+00     2.3904e+01  7.3444e-02 -2.3904e+01 -8.5684e-02  1.2399e+02  7.8854e-01 -1.2399e+02 -7.8696e-01
-8.6467e+00     1.6359e+01  4.6090e-02 -1.6359e+01 -4.6767e-02  1.2476e+02  7.9083e-01 -1.2476e+02 -7.8950e-01
-8.6083e+00     2.6158e+01  8.6982e-02 -2.6158e+01 -8.3437e-02  1.2558e+02  7.9338e-01 -1.2558e+02 -7.9199e-01
-8.5700e+00     1.6507e+01  5.4438e-02 -1.6507e+01 -5.3980e-02  1.2639e+02  7.9608e-01 -1.2639e+02 -7.9462e-01
-8.5317e+00     3.0888e+01  8.5956e-02 -3.0888e+01 -8.5404e-02  1.2730e+02  7.9877e-01 -1.2730e+02 -7.9729e-01
-8.4933e+00     3.9918e+01  1.3871e-01 -3.9918e+01 -1.3116e-01  1.2866e+02  8.0307e-01 -1.2866e+02 -8.0143e-01
-8.4550e+00     3.0324e+01  1.1096e-01 -3.0324e+01 -1.1550e-01  1.3000e+02  8.0784e-01 -1.3000e+02 -8.0615e-01
-8.4167e+00     2.6153e+01  8.7392e-02 -2.6153e+01 -1.0856e-01  1.3108e+02  8.1164e-01 -1.3108e+02 -8.1044e-01
-8.3783e+00     2.8622e+01  1.0647e-01 -2.8622e+01 -9.5300e-02  1.3213e+02  8.1535e-01 -1.3213e+02 -8.1434e-01
-8.3400e+00     2.3480e+01  7.3181e-02 -2.3480e+01 -8.2386e-02  1.3313e+02  8.1879e-01 -1.3313e+02 -8.1774e-01
-8.3017e+00     3.0386e+01  9.9895e-02 -3.0386e+01 -1.1177e-01  1.3416e+02  8.2210e-01 -1.3416e+02 -8.2145e-01
-8.2633e+00     3.8584e+01  1.2109e-01 -3.8584e+01 -1.3113e-01  1.3548e+02  8.2633e-01 -1.3548e+02 -8.2610e-01
-8.2250e+00     2.9606e+01  9.4257e-02 -2.9606e+01 -8.0549e-02  1.3678e+02  8.3045e-01 -1.3678e+02 -8.3015e-01
-8.1867e+00     2.7768e+01  7.5286e-02 -2.7768e+01 -8.0848e-02  1.3788e+02  8.3369e-01 -1.3788e+02 -8.3324e-01
-8.1483e+00     3.1136e+01  7.4064e-02 -3.1136e+01 -6.9510e-02  1.3901e+02  8.3655e-01 -1.3901e+02 -8.3612e-01
-8.1100e+00     6.5569e+01  1.3821e-01 -6.5569e+01 -1.6428e-01  1.4086e+02  8.4061e-01 -1.4086e+02 -8.4059e-01
-8.0717e+00     3.4217e+01  9.2744e-02 -3.4217e+01 -8.8244e-02  1.4277e+02  8.4503e-01 -1.4277e+02 -8.4542e-01
-8.0333e+00     5.3311e+01  1.2589e-01 -5.3311e+01 -1.5357e-01  1.4444e+02  8.4921e-01 -1.4444e+02 -8.5005e-01
-7.9950e+00     3.4164e+01  9.6117e-02 -3.4164e+01 -9.7640e-02  1.4611e+02  8.5346e-01 -1.4611e+02 -8.5486e-01
-7.9567e+00     3.6731e+01  9.5391e-02 -3.6731e+01 -9.2315e-02  1.4747e+02  8.5713e-01 -1.4747e+02 -8.5849e-01
-7.9183e+00     4.1400e+01  9.6028e-02 -4.1400e+01 -1.2767e-01  1.4897e+02  8.6079e-01 -1.4897e+02 -8.6270e-01
-7.8800e+00     5.2798e+01  8.8878e-02 -5.2798e+01 -1.0319e-01  1.5077e+02  8.6433e-01 -1.5077e+02 -8.6712e-01
-7.8417e+00     1.1456e+01  2.5133e-02 -1.1456e+01 -2.1277e-02  1.5200e+02  8.6651e-01 -1.5200e+02 -8.6950e-01
-7.8033e+00     6.1637e+01  1.5888e-01 -6.1637e+01 -1.4084e-01  1.5340e+02  8.7003e-01 -1.5340e+02 -8.7260e-01
-7.7650e+00     3.2446e+01  6.9468e-02 -3.2446e+01 -8.6275e-02  1.5520e+02  8.7440e-01 -1.5520e+02 -8.7695e-01
-7.7267e+00     3.6178e+01  8.9683e-02 -3.6178e+01 -9.5177e-02  1.5651e+02  8.7744e-01 -1.5651e+02 -8.8042e-01
-7.6883e+00     5.7065e+01  1.4437e-01 -5.7065e+01 -1.8740e-01  1.5829e+02  8.8192e-01 -1.5829e+02 -8.8583e-01
-7.6500e+00     2.6195e+01  7.5348e-02 -2.6195e+01 -9.3602e-02  1.5989e+02  8.8613e-01 -1.5989e+02 -8.9120e-01
-7.6117e+00     3.6919e+01  8.1691e-02 -3.6919e+01 -5.8714e-02  1.6109e+02  8.8913e-01 -1.6109e+02 -8.9412e-01
-7.5733e+00     4.2077e+01  8.3579e-02 -4.2077e+01 -9.4702e-02  1.6261e+02  8.9229e-01 -1.6261e+02 -8.9705e-01
-7.5350e+00     6.2825e+01  1.6057e-01 -6.2825e+01 -1.4051e-01  1.6461e+02  8.9697e-01 -1.6461e+02 -9.0155e-01
-7.4967e+00     3.2228e+01  8.5071e-02 -3.2228e+01 -8.4255e-02  1.6643e+02  9.0167e-01 -1.6643e+02 -9.0585e-01
-7.4583e+00     3.8157e+01  8.2726e-02 -3.8157e+01 -8.9207e-02  1.6778e+02  9.0488e-01 -1.6778e+02 -9.0917e-01
-7.4200e+00     3.6412e+01  8.0789e-02 -3.6412e+01 -8.7833e-02  1.6921e+02  9.0801e-01 -1.6921e+02 -9.1256e-01
-7.3817e+00     2.8841e+01  6.8373e-02 -2.8841e+01 -7.1355e-02  1.7045e+02  9.1086e-01 -1.7045e+02 -9.1561e-01
-7.3433e+00     5.3393e+01  1.1773e-01 -5.3393e+01 -1.4066e-01  1.7203e+02  9.1442e-01 -1.7203e+02 -9.1966e-01
-7.3050e+00     3.9484e+01  1.0585e-01 -3.9484e+01 -9.7433e-02  1.7381e+02  9.1870e-01 -1.7381e+02 -9.2422e-01
-7.2667e+00     1.4405e+01  2.5829e-02 -1.4405e+01 -2.7405e-02  1.7484e+02  9.2122e-01 -1.7484e+02 -9.2661e-01
-7.2283e+00     5.1266e+01  1.4856e-01 -5.1266e+01 -1.1868e-01  1.7609e+02  9.2456e-01 -1.7609e+02 -9.2940e-01
-7.1900e+00     3.3385e+01  8.4560e-02 -3.3385e+01 -8.7534e-02  1.7771e+02  9.2902e-01 -1.7771e+02 -9.3335e-01
-7.1517e+00     3.3468e+01  9.6541e-02 -3.3468e+01 -7.7802e-02  1.7899e+02  9.3248e-01 -1.7899e+02 -9.3651e-01
-7.1133e+00     4.7517e+01  1.4702e-01 -4.7517e+01 -1.5716e-01  1.8054e+02  9.3714e-01 -1.8054e+02 -9.4101e-01
-7.0750e+00     3.3283e+01  1.2398e-01 -3.3283e+01 -1.1471e-01  1.8209e+02  9.4233e-01 -1.8209e+02 -9.4621e-01
-7.0367e+00     4.5637e+01  2.0522e-01 -4.5637e+01 -1.9735e-01  1.8360e+02  9.4863e-01 -1.8360e+02 -9.5218e-01
-6.9983e+00     3.8518e+01  1.5140e-01 -3.8518e+01 -1.5280e-01  1.8521e+02  9.5545e-01 -1.8521e+02 -9.5888e-01
-6.9600e+00     5.0217e+01  1.9609e-01 -5.0217e+01 -1.9200e-01  1.8691e+02  9.6210e-01 -1.8691e+02 -9.6548e-01
-6.9217e+00     4.1726e+01  1.8521e-01 -4.1726e+01 -2.1377e-01  1.8867e+02  9.6940e-01 -1.8867e+02 -9.7324e-01
-6.8833e+00     3.8451e+01  2.1338e-01 -3.8451e+01 -2.0599e-01  1.9020e+02  9.7702e-01 -1.9020e+02 -9.8128e-01
-6.8450e+00     4.8451e+01  2.8998e-01 -4.8451e+01 -2.7573e-01  1.9186e+02  9.8666e-01 -1.9186e+02 -9.9049e-01
-6.8067e+00     3.2060e+01  2.3072e-01 -3.2060e+01 -2.1593e-01  1.9340e+02  9.9662e-01 -1.9340e+02 -9.9990e-01
-6.7683e+00     7.7951e+01  4.7792e-01 -7.7951e+01 -5.1578e-01  1.9551e+02  1.0102e+00 -1.9551e+02 -1.0139e+00
-6.7300e+00     4.4466e+01  3.5398e-01 -4.4466e+01 -3.5941e-01  1.9785e+02  1.0261e+00 -1.9785e+02 -1.0306e+00
-6.6917e+00     3.7261e+01  3.0688e-01 -3.7261e+01 -2.9189e-01  1.9941e+02  1.0387e+00 -1.9941e+02 -1.0431e+00
-6.6533e+00     6.0737e+01  4.0542e-01 -6.0737e+01 -4.7262e-01  2.0129e+02  1.0524e+00 -2.0129e+02 -1.0577e+00
-6.6150e+00     3.1318e+01  2.1614e-01 -3.1318e+01 -2.2388e-01  2.0305e+02  1.0643e+00 -2.0305e+02 -1.0711e+00
-6.5767e+00     4.6750e+01  4.1654e-01 -4.6750e+01 -4.1324e-01  2.0454e+02  1.0764e+00 -2.0454e+02 -1.0833e+00
-6.5383e+00     4.3742e+01  3.1493e-01 -4.3742e+01 -2.8774e-01  2.0628e+02  1.0904e+00 -2.0628e+02 -1.0967e+00
-6.5000e+00     5.1147e+01  3.6363e-01 -5.1147e+01 -3.5634e-01  2.0809e+02  1.1034e+00 -2.0809e+02 -1.1090e+00
-6.4617e+00     4.4543e+01  3.0215e-01 -4.4543e+01 -3.1672e-01  2.0992e+02  1.1161e+00 -2.0992e+02 -1.1219e+00
-6.4233e+00     3.9955e+01  3.3671e-01 -3.9955e+01 -3.3463e-01  2.1154e+02  1.1283e+00 -2.1154e+02 -1.1343e+00
-6.3850e+00     4.3880e+01  4.1481e-01 -4.3880e+01 -4.1147e-01  2.1314e+02  1.1427e+00 -2.1314e+02 -1.1486e+00
-6.3467e+00     3.2610e+01  3.3503e-01 -3.2610e+01 -3.5813e-01  2.1461e+02  1.1570e+00 -2.1461e+02 -1.1633e+00
-6.3083e+00     4.0004e+01  3.7830e-01 -4.0004e+01 -4.0745e-01  2.1600e+02  1.1707e+00 -2.1600e+02 -1.1780e+00
-6.2700e+00     2.8751e+01  2.5508e-01 -2.8751e+01 -2.6014e-01  2.1731e+02  1.1828e+00 -2.1731e+02 -1.1908e+00
-6.2317e+00     4.1278e+01  3.6230e-01 -4.1278e+01 -3.1971e-01  2.1865e+02  1.1946e+00 -2.1865e+02 -1.2019e+00
-6.1933e+00     3.4310e+01  2.8738e-01 -3.4310e+01 -3.1478e-01  2.2010e+02  1.2071e+00 -2.2010e+02 -1.2140e+00
-6.1550e+00     3.4626e+01  3.3890e-01 -3.4626e+01 -3.0828e-01  2.2142e+02  1.2190e+00 -2.2142e+02 -1.2259e+00
-6.1167e+00     4.2005e+01  3.0945e-01 -4.2005e+01 -3.1202e-01  2.2288e+02  1.2314e+00 -2.2288e+02 -1.2378e+00
-6.0783e+00     4.5954e+01  3.7642e-01 -4.5954e+01 -3.5856e-01  2.2457e+02  1.2446e+00 -2.2457e+02 -1.2506e+00
-6.0400e+00     4.6967e+01  4.0617e-01 -4.6967e+01 -3.7430e-01  2.2635e+02  1.2595e+00 -2.2635e+02 -1.2646e+00
-6.0017e+00     4.4666e+01  4.0621e-01 -4.4666e+01 -4.8221e-01  2.2810e+02  1.2751e+00 -2.2810e+02 -1.2810e+00
-5.9633e+00     2.3040e+01  2.3565e-01 -2.3040e+01 -2.4693e-01  2.2939e+02  1.2874e+00 -2.2939e+02 -1.2950e+00
-5.9250e+00     3.9356e+01  4.3534e-01 -3.9356e+01 -3.7891e-01  2.3059e+02  1.3002e+00 -2.3059e+02 -1.3070e+00
-5.8867e+00     1.8523e+01  2.3632e-01 -1.8523e+01 -2.6641e-01  2.3170e+02  1.3131e+00 -2.3170e+02 -1.3193e+00
-5.8483e+00     2.0803e+01  3.6587e-01 -2.0803e+01 -3.7881e-01  2.3245e+02  1.3246e+00 -2.3245e+02 -1.3317e+00
-5.8100e+00     3.3387e+01  4.0057e-01 -3.3387e+01 -4.4537e-01  2.3349e+02  1.3393e+00 -2.3349e+02 -1.3474e+00
-5.7717e+00     3.5948e+01  4.8497e-01 -3.5948e+01 -5.4908e-01  2.3481e+02  1.3562e+00 -2.3481e+02 -1.3665e+00
-5.7333e+00     3.0422e+01  2.7068e-01 -3.0422e+01 -2.3198e-01  2.3608e+02  1.3707e+00 -2.3608e+02 -1.3814e+00
-5.6950e+00     1.8540e+01  1.4510e-01 -1.8540e+01 -1.8270e-01  2.3702e+02  1.3786e+00 -2.3702e+02 -1.3893e+00
-5.6567e+00     2.0039e+01  2.2182e-01 -2.0039e+01 -2.4337e-01  2.3776e+02  1.3856e+00 -2.3776e+02 -1.3975e+00
-5.6183e+00     3.7290e+01  3.8548e-01 -3.7290e+01 -3.8799e-01  2.3885e+02  1.3973e+00 -2.3885e+02 -1.4096e+00
-5.5800e+00     3.7070e+01  3.2575e-01 -3.7070e+01 -3.5630e-01  2.4028e+02  1.4109e+00 -2.4028e+02 -1.4238e+00
-5.5417e+00     2.0161e+01  1.6677e-01 -2.0161e+01 -1.7303e-01  2.4137e+02  1.4203e+00 -2.4137e+02 -1.4339e+00
-5.5033e+00     3.7233e+01  2.3621e-01 -3.7233e+01 -2.2828e-01  2.4247e+02  1.4280e+00 -2.4247e+02 -1.4416e+00
-5.4650e+00     3.1278e+01  2.3777e-01 -3.1278e+01 -2.8464e-01  2.4378e+02  1.4371e+00 -2.4378e+02 -1.4514e+00
-5.4267e+00     3.4217e+01  3.0250e-01 -3.4217e+01 -3.1179e-01  2.4503e+02  1.4474e+00 -2.4503e+02 -1.4628e+00
-5.3883e+00     2.9081e+01  3.5007e-01 -2.9081e+01 -3.6149e-01  2.4625e+02  1.4599e+00 -2.4625e+02 -1.4757e+00
-5.3500e+00     3.0240e+01  4.9719e-01 -3.0240e+01 -4.1201e-01  2.4738e+02  1.4761e+00 -2.4738e+02 -1.4905e+00
-5.3117e+00     2.7590e+01  4.1872e-01 -2.7590e+01 -3.5937e-01  2.4849e+02  1.4936e+00 -2.4849e+02 -1.5053e+00
-5.2733e+00     3.5361e+01  4.9712e-01 -3.5361e+01 -4.7281e-01  2.4969e+02  1.5112e+00 -2.4969e+02 -1.5212e+00
-5.2350e+00     5.4397e+01  5.6550e-01 -5.4397e+01 -6.1046e-01  2.5141e+02  1.5315e+00 -2.5141e+02 -1.5419e+00
-5.1967e+00     2.4200e+01  2.4693e-01 -2.4200e+01 -2.8999e-01  2.5291e+02  1.5470e+00 -2.5291e+02 -1.5592e+00
-5.1583e+00     2.9206e+01  3.0774e-01 -2.9206e+01 -3.4699e-01  2.5394e+02  1.5576e+00 -2.5394e+02 -1.5714e+00
-5.1200e+00     2.4755e+01  2.8885e-01 -2.4755e+01 -3.3533e-01  2.5497e+02  1.5691e+00 -2.5497e+02 -1.5844e+00
-5.0817e+00     2.1171e+01  2.6788e-01 -2.1171e+01 -2.9550e-01  2.5585e+02  1.5797e+00 -2.5585e+02 -1.5965e+00
-5.0433e+00     2.7880e+01  3.3831e-01 -2.7880e+01 -3.3240e-01  2.5679e+02  1.5913e+00 -2.5679e+02 -1.6085e+00
-5.0050e+00     4.1716e+01  4.6465e-01 -4.1716e+01 -5.8501e-01  2.5812e+02  1.6067e+00 -2.5812e+02 -1.6261e+00
-4.9667e+00     2.5509e+01  2.8300e-01 -2.5509e+01 -3.3712e-01  2.5940e+02  1.6210e+00 -2.5940e+02 -1.6437e+00
-4.9283e+00     2.5178e+01  2.6565e-01 -2.5178e+01 -2.7798e-01  2.6037e+02  1.6315e+00 -2.6037e+02 -1.6555e+00
-4.8900e+00     2.1521e+01  1.9950e-01 -2.1521e+01 -2.2475e-01  2.6127e+02  1.6404e+00 -2.6127e+02 -1.6651e+00
-4.8517e+00     1.8635e+01  1.9464e-01 -1.8635e+01 -2.3942e-01  2.6203e+02  1.6479e+00 -2.6203e+02 -1.6740e+00
-4.8133e+00     3.0771e+01  2.7788e-01 -3.0771e+01 -2.9970e-01  2.6298e+02  1.6570e+00 -2.6298e+02 -1.6843e+00
-4.7750e+00     2.8672e+01  2.4839e-01 -2.8672e+01 -3.1094e-01  2.6412e+02  1.6670e+00 -2.6412e+02 -1.6960e+00
-4.7367e+00     2.8295e+01  2.4981e-01 -2.8295e+01 -3.1351e-01  2.6521e+02  1.6766e+00 -2.6521e+02 -1.7079e+00
-4.6983e+00     3.0155e+01  2.6354e-01 -3.0155e+01 -3.1512e-01  2.6633e+02  1.6864e+00 -2.6633e+02 -1.7200e+00
-4.6600e+00     2.7379e+01  2.8324e-01 -2.7379e+01 -2.8457e-01  2.6743e+02  1.6969e+00 -2.6743e+02 -1.7314e+00
-4.6217e+00     1.7921e+01  2.0825e-01 -1.7921e+01 -2.0508e-01  2.6829e+02  1.7063e+00 -2.6829e+02 -1.7408e+00
-4.5833e+00     1.1513e+01  1.5351e-01 -1.1513e+01 -1.4334e-01  2.6886e+02  1.7132e+00 -2.6886e+02 -1.7475e+00
-4.5450e+00     4.8467e+01  5.6011e-01 -4.8467e+01 -6.2590e-01  2.7000e+02  1.7268e+00 -2.7000e+02 -1.7622e+00
-4.5067e+00     1.5762e+01  1.9226e-01 -1.5762e+01 -2.0082e-01  2.7123e+02  1.7412e+00 -2.7123e+02 -1.7780e+00
-4.4683e+00     1.6583e+01  2.9170e-01 -1.6583e+01 -2.8151e-01  2.7185e+02  1.7505e+00 -2.7185e+02 -1.7872e+00
-4.4300e+00     2.2582e+01  2.9829e-01 -2.2582e+01 -3.4875e-01  2.7260e+02  1.7618e+00 -2.7260e+02 -1.7993e+00
-4.3917e+00     1.5776e+01  2.7251e-01 -1.5776e+01 -2.6763e-01  2.7334e+02  1.7727e+00 -2.7334e+02 -1.8111e+00
-4.3533e+00     2.2787e+01  3.9594e-01 -2.2787e+01 -3.6587e-01  2.7407e+02  1.7855e+00 -2.7407e+02 -1.8232e+00
-4.3150e+00     1.7711e+01  3.0316e-01 -1.7711e+01 -3.0728e-01  2.7485e+02  1.7989e+00 -2.7485e+02 -1.8361e+00
-4.2767e+00     1.2364e+01  2.0031e-01 -1.2364e+01 -2.0570e-01  2.7542e+02  1.8085e+00 -2.7542e+02 -1.8459e+00
-4.2383e+00     2.2882e+01  4.0205e-01 -2.2882e+01 -3.6913e-01  2.7610e+02  1.8200e+00 -2.7610e+02 -1.8569e+00
-4.2000e+00     1.3670e+01  1.9785e-01 -1.3670e+01 -2.1530e-01  2.7680e+02  1.8315e+00 -2.7680e+02 -1.8681e+00
-4.1617e+00     5.7225e+00  6.2762e-02 -5.7225e+00 -9.0070e-02  2.7717e+02  1.8365e+00 -2.7717e+02 -1.8739e+00
-4.1233e+00     1.0838e+01  1.5896e-01 -1.0838e+01 -1.7872e-01  2.7749e+02  1.8407e+00 -2.7749e+02 -1.8791e+00
-4.0850e+00     1.7784e+01  2.5242e-01 -1.7784e+01 -2.9143e-01  2.7803e+02  1.8486e+00 -2.7803e+02 -1.8881e+00
-4.0467e+00     9.2343e+00  1.1319e-01 -9.2343e+00 -1.1954e-01  2.7855e+02  1.8556e+00 -2.7855e+02 -1.8959e+00
-4.0083e+00     1.2050e+01  1.7116e-01 -1.2050e+01 -1.5749e-01  2.7896e+02  1.8610e+00 -2.7896e+02 -1.9012e+00
-3.9700e+00     1.3061e+01  1.8279e-01 -1.3061e+01 -1.7254e-01  2.7944e+02  1.8678e+00 -2.7944e+02 -1.9075e+00
-3.9317e+00     1.1573e+01  1.8289e-01 -1.1573e+01 -1.9538e-01  2.7991e+02  1.8748e+00 -2.7991e+02 -1.9146e+00
-3.8933e+00     2.6628e+01  3.2714e-01 -2.6628e+01 -4.2871e-01  2.8064e+02  1.8846e+00 -2.8064e+02 -1.9265e+00
-3.8550e+00     9.3421e+00  1.0235e-01 -9.3421e+00 -1.3877e-01  2.8133e+02  1.8928e+00 -2.8133e+02 -1.9374e+00
-3.8167e+00     1.1801e+01  1.0355e-01 -1.1801e+01 -1.6222e-01  2.8173e+02  1.8967e+00 -2.8173e+02 -1.9431e+00
-3.7783e+00     1.3845e+01  1.3390e-01 -1.3845e+01 -1.4572e-01  2.8222e+02  1.9013e+00 -2.8222e+02 -1.9490e+00
-3.7400e+00     9.0926e+00  8.8275e-02 -9.0926e+00 -8.6722e-02  2.8266e+02  1.9055e+00 -2.8266e+02 -1.9535e+00
-3.7017e+00     1.5197e+01  1.9727e-01 -1.5197e+01 -2.0424e-01  2.8313e+02  1.9110e+00 -2.8313e+02 -1.9591e+00
-3.6633e+00     1.1882e+01  1.2443e-01 -1.1882e+01 -1.3688e-01  2.8365e+02  1.9172e+00 -2.8365e+02 -1.9656e+00
-3.6250e+00     1.6157e+01  1.8307e-01 -1.6157e+01 -1.5774e-01  2.8418e+02  1.9230e+00 -2.8418e+02 -1.9712e+00
-3.5867e+00     1.6469e+01  1.4029e-01 -1.6469e+01 -1.5522e-01  2.8481e+02  1.9292e+00 -2.8481e+02 -1.9772e+00
-3.5483e+00     1.5935e+01  1.4393e-01 -1.5935e+01 -1.9351e-01  2.8543e+02  1.9347e+00 -2.8543e+02 -1.9839e+00
-3.5100e+00     9.1113e+00  1.2389e-01 -9.1113e+00 -1.1634e-01  2.8591e+02  1.9398e+00 -2.8591e+02 -1.9898e+00
-3.4717e+00     3.5606e+00  5.2629e-02 -3.5606e+00 -3.4406e-02  2.8615e+02  1.9432e+00 -2.8615e+02 -1.9927e+00
-3.4333e+00     3.6226e+00  3.1427e-02 -3.6226e+00 -3.0919e-02  2.8629e+02  1.9448e+00 -2.8629e+02 -1.9939e+00
-3.3950e+00     1.3965e+01  1.0270e-01 -1.3965e+01 -1.1985e-01  2.8662e+02  1.9473e+00 -2.8662e+02 -1.9968e+00
-3.3567e+00     6.4883e+00  4.5251e-02 -6.4883e+00 -7.2388e-02  2.8701e+02  1.9502e+00 -2.8701e+02 -2.0005e+00
-3.3183e+00     8.3922e+00  7.5051e-02 -8.3922e+00 -1.1516e-01  2.8730e+02  1.9525e+00 -2.8730e+02 -2.0041e+00
-3.2800e+00     6.9331e+00  9.0465e-02 -6.9331e+00 -9.5651e-02  2.8759e+02  1.9556e+00 -2.8759e+02 -2.0081e+00
-3.2417e+00     6.1338e+00  7.8421e-02 -6.1338e+00 -8.1987e-02  2.8784e+02  1.9589e+00 -2.8784e+02 -2.0115e+00
-3.2033e+00     6.1259e+00  7.9584e-02 -6.1259e+00 -8.7787e-02  2.8808e+02  1.9619e+00 -2.8808e+02 -2.0148e+00
-3.1650e+00     0.0000e+00  0.0000e+00 -0.0000e+00 -0.0000e+00  2.8819e+02  1.9634e+00 -2.8819e+02 -2.0165e+00
-3.1267e+00     0.0000e+00  0.0000e+00 -0.0000e+00 -0.0000e+00  2.8819e+02  1.9634e+00 -2.8819e+02 -2.0165e+00
-3.0883e+00     0.0000e+00  0.0000e+00 -0.0000e+00 -0.0000e+00  2.8819e+02  1.9634e+00 -2.8819e+02 -2.0165e+00
-3.0500e+00     0.0000e+00  0.0000e+00 -0.0000e+00 -0.0000e+00  2.8819e+02  1.9634e+00 -2.8819e+02 -2.0165e+00
-3.0117e+00     0.0000e+00  0.0000e+00 -0.0000e+00 -0.0000e+00  2.8819e+02  1.9634e+00 -2.8819e+02 -2.0165e+00
-2.9733e+00     0.0000e+00  0.0000e+00 -0.0000e+00 -0.0000e+00  2.8819e+02  1.9634e+00 -2.8819e+02 -2.0165e+00
-2.9350e+00     1.2805e+01  9.3457e-02 -1.2805e+01 -6.6192e-02  2.8844e+02  1.9652e+00 -2.8844e+02 -2.0177e+00
-2.8967e+00     3.6609e+00  1.3723e-02 -3.6609e+00 -2.0714e-02  2.8875e+02  1.9673e+00 -2.8875e+02 -2.0194e+00
-2.8583e+00     5.7139e+01  1.5321e-01 -5.7139e+01 -1.9779e-01  2.8992e+02  1.9704e+00 -2.8992e+02 -2.0236e+00
-2.8200e+00     1.0657e+00  5.0584e-03 -1.0657e+00 -2.9232e-03  2.9103e+02  1.9735e+00 -2.9103e+02 -2.0274e+00
-2.7817e+00     1.6656e+01  6.7618e-02 -1.6656e+01 -8.0024e-02  2.9137e+02  1.9749e+00 -2.9137e+02 -2.0290e+00
-2.7433e+00     7.9841e+00  4.1113e-02 -7.9841e+00 -3.9602e-02  2.9184e+02  1.9769e+00 -2.9184e+02 -2.0313e+00
-2.7050e+00     0.0000e+00  0.0000e+00 -0.0000e+00 -0.0000e+00  2.9199e+02  1.9777e+00 -2.9199e+02 -2.0320e+00
-2.6667e+00     0.0000e+00  0.0000e+00 -0.0000e+00 -0.0000e+00  2.9199e+02  1.9777e+00 -2.9199e+02 -2.0320e+00
-2.6283e+00     0.0000e+00  0.0000e+00 -0.0000e+00 -0.0000e+00  2.9199e+02  1.9777e+00 -2.9199e+02 -2.0320e+00
-2.5900e+00     0.0000e+00  0.0000e+00 -0.0000e+00 -0.0000e+00  2.9199e+02  1.9777e+00 -2.9199e+02 -2.0320e+00
-2.5517e+00     0.0000e+00  0.0000e+00 -0.0000e+00 -0.0000e+00  2.9199e+02  1.9777e+00 -2.9199e+02 -2.0320e+00
-2.5133e+00     0.0000e+00  0.0000e+00 -0.0000e+00 -0.0000e+00  2.9199e+02  1.9777e+00 -2.9199e+02 -2.0320e+00
-2.4750e+00     0.0000e+00  0.0000e+00 -0.0000e+00 -0.0000e+00  2.9199e+02  1.9777e+00 -2.9199e+02 -2.0320e+00
-2.4367e+00     1.8974e+00  1.7076e-02 -1.8974e+00 -1.3393e-02  2.9203e+02  1.9781e+00 -2.9203e+02 -2.0323e+00
-2.3983e+00     4.5126e+00  3.5285e-02 -4.5126e+00 -3.2715e-02  2.9215e+02  1.9791e+00 -2.9215e+02 -2.0332e+00
-2.3600e+00     1.2953e+01  9.8915e-02 -1.2953e+01 -9.8801e-02  2.9249e+02  1.9816e+00 -2.9249e+02 -2.0357e+00
-2.3217e+00     1.1095e+00  1.0209e-02 -1.1095e+00 -4.2532e-03  2.9276e+02  1.9837e+00 -2.9276e+02 -2.0377e+00
-2.2833e+00     0.0000e+00  0.0000e+00 -0.0000e+00 -0.0000e+00  2.9278e+02  1.9839e+00 -2.9278e+02 -2.0377e+00
-2.2450e+00     0.0000e+00  0.0000e+00 -0.0000e+00 -0.0000e+00  2.9278e+02  1.9839e+00 -2.9278e+02 -2.0377e+00
-2.2067e+00     8.2247e+00  1.4443e-02 -8.2247e+00 -9.9243e-03  2.9294e+02  1.9842e+00 -2.9294e+02 -2.0379e+00
-2.1683e+00     9.4255e+00  1.4570e-02 -9.4255e+00 -1.2848e-02  2.9327e+02  1.9847e+00 -2.9327e+02 -2.0384e+00
-2.1300e+00     5.9166e+00  4.7994e-03 -5.9166e+00 -1.8258e-03  2.9357e+02  1.9851e+00 -2.9357e+02 -2.0387e+00
-2.0917e+00     0.0000e+00  0.0000e+00 -0.0000e+00 -0.0000e+00  2.9368e+02  1.9852e+00 -2.9368e+02 -2.0387e+00
-2.0533e+00     0.0000e+00  0.0000e+00 -0.0000e+00 -0.0000e+00  2.9368e+02  1.9852e+00 -2.9368e+02 -2.0387e+00
-2.0150e+00     0.0000e+00  0.0000e+00 -0.0000e+00 -0.0000e+00  2.9368e+02  1.9852e+00 -2.9368e+02 -2.0387e+00
-1.9767e+00     1.4398e+00  1.3495e-02 -1.4398e+00 -9.0263e-03  2.9371e+02  1.9855e+00 -2.9371e+02 -2.0389e+00
-1.9383e+00     8.5165e+00  3.8281e-02 -8.5165e+00 -5.1732e-02  2.9390e+02  1.9865e+00 -2.9390e+02 -2.0400e+00
-1.9000e+00     5.6864e+00  2.7746e-02 -5.6864e+00 -3.0569e-02  2.9417e+02  1.9877e+00 -2.9417e+02 -2.0416e+00
-1.8617e+00     3.7659e+00  1.6074e-02 -3.7659e+00 -1.7735e-02  2.9435e+02  1.9886e+00 -2.9435e+02 -2.0425e+00
-1.8233e+00     3.3407e+00  1.5415e-02 -3.3407e+00 -1.5367e-02  2.9449e+02  1.9892e+00 -2.9449e+02 -2.0432e+00
-1.7850e+00     3.1223e+00  1.5386e-02 -3.1223e+00 -1.9071e-02  2.9461e+02  1.9898e+00 -2.9461e+02 -2.0438e+00
-1.7467e+00     4.2693e+00  2.4046e-02 -4.2693e+00 -2.0047e-02  2.9475e+02  1.9905e+00 -2.9475e+02 -2.0446e+00
-1.7083e+00     5.6295e+00  4.1784e-02 -5.6295e+00 -4.0614e-02  2.9494e+02  1.9918e+00 -2.9494e+02 -2.0457e+00
-1.6700e+00     4.9834e+00  6.1398e-02 -4.9834e+00 -4.2035e-02  2.9514e+02  1.9937e+00 -2.9514e+02 -2.0473e+00
-1.6317e+00     7.0061e+00  9.4243e-02 -7.0061e+00 -6.4134e-02  2.9537e+02  1.9967e+00 -2.9537e+02 -2.0493e+00
-1.5933e+00     3.0072e+00  4.6794e-02 -3.0072e+00 -3.5061e-02  2.9557e+02  1.9994e+00 -2.9557e+02 -2.0512e+00
-1.5550e+00     2.9026e+00  3.7637e-02 -2.9026e+00 -3.4213e-02  2.9568e+02  2.0010e+00 -2.9568e+02 -2.0526e+00
-1.5167e+00     2.5209e+00  4.0010e-02 -2.5209e+00 -3.7663e-02  2.9578e+02  2.0025e+00 -2.9578e+02 -2.0539e+00
-1.4783e+00     2.0216e+00  4.6530e-02 -2.0216e+00 -4.1865e-02  2.9587e+02  2.0042e+00 -2.9587e+02 -2.0555e+00
-1.4400e+00     4.9875e+00  1.0150e-01 -4.9875e+00 -9.1173e-02  2.9600e+02  2.0070e+00 -2.9600e+02 -2.0580e+00
-1.4017e+00     1.0329e+01  1.9234e-01 -1.0329e+01 -1.6067e-01  2.9630e+02  2.0126e+00 -2.9630e+02 -2.0628e+00
-1.3633e+00     9.1916e+00  1.4461e-01 -9.1916e+00 -1.4020e-01  2.9667e+02  2.0191e+00 -2.9667e+02 -2.0686e+00
-1.3250e+00     7.9253e+00  1.1753e-01 -7.9253e+00 -1.0266e-01  2.9700e+02  2.0241e+00 -2.9700e+02 -2.0732e+00
-1.2867e+00     1.7126e+01  2.5373e-01 -1.7126e+01 -1.9565e-01  2.9748e+02  2.0312e+00 -2.9748e+02 -2.0789e+00
-1.2483e+00     9.3896e+00  8.3039e-02 -9.3896e+00 -8.1961e-02  2.9798e+02  2.0376e+00 -2.9798e+02 -2.0842e+00
-1.2100e+00     1.4795e+01  1.0159e-01 -1.4795e+01 -1.2088e-01  2.9845e+02  2.0412e+00 -2.9845e+02 -2.0881e+00
-1.1717e+00     9.5693e+00  1.1029e-01 -9.5693e+00 -9.8038e-02  2.9891e+02  2.0452e+00 -2.9891e+02 -2.0923e+00
-1.1333e+00     2.0851e+01  1.9523e-01 -2.0851e+01 -1.6112e-01  2.9950e+02  2.0511e+00 -2.9950e+02 -2.0973e+00
-1.0950e+00     1.1109e+01  1.2130e-01 -1.1109e+01 -9.7662e-02  3.0011e+02  2.0571e+00 -3.0011e+02 -2.1022e+00
-1.0567e+00     1.1031e+01  1.2541e-01 -1.1031e+01 -1.0958e-01  3.0053e+02  2.0619e+00 -3.0053e+02 -2.1062e+00
-1.0183e+00     1.1131e+01  1.0207e-01 -1.1131e+01 -1.1601e-01  3.0095e+02  2.0662e+00 -3.0095e+02 -2.1105e+00
-9.8000e-01     1.2048e+01  1.1700e-01 -1.2048e+01 -1.3102e-01  3.0140e+02  2.0704e+00 -3.0140e+02 -2.1152e+00
-9.4167e-01     9.6939e+00  1.0315e-01 -9.6939e+00 -1.1119e-01  3.0181e+02  2.0746e+00 -3.0181e+02 -2.1199e+00
-9.0333e-01     1.4182e+01  2.3011e-01 -1.4182e+01 -1.9458e-01  3.0227e+02  2.0810e+00 -3.0227e+02 -2.1257e+00
-8.6500e-01     1.2355e+01  2.1546e-01 -1.2355e+01 -1.8104e-01  3.0278e+02  2.0895e+00 -3.0278e+02 -2.1329e+00
-8.2667e-01     1.0905e+01  1.7664e-01 -1.0905e+01 -1.7331e-01  3.0322e+02  2.0970e+00 -3.0322e+02 -2.1397e+00
-7.8833e-01     1.0712e+01  1.8042e-01 -1.0712e+01 -1.7345e-01  3.0364e+02  2.1038e+00 -3.0364e+02 -2.1463e+00
-7.5000e-01     1.6360e+01  2.0606e-01 -1.6360e+01 -2.4505e-01  3.0416e+02  2.1112e+00 -3.0416e+02 -2.1543e+00
-7.1167e-01     1.3628e+01  2.1608e-01 -1.3628e+01 -1.9290e-01  3.0473e+02  2.1193e+00 -3.0473e+02 -2.1627e+00
-6.7333e-01     1.4956e+01  2.3559e-01 -1.4956e+01 -2.2466e-01  3.0528e+02  2.1280e+00 -3.0528e+02 -2.1707e+00
-6.3500e-01     1.7649e+01  2.6898e-01 -1.7649e+01 -2.6507e-01  3.0590e+02  2.1376e+00 -3.0590e+02 -2.1801e+00
-5.9667e-01     1.3072e+01  1.9336e-01 -1.3072e+01 -2.1693e-01  3.0649e+02  2.1465e+00 -3.0649e+02 -2.1893e+00
-5.5833e-01     1.7696e+01  2.7009e-01 -1.7696e+01 -2.9758e-01  3.0708e+02  2.1553e+00 -3.0708e+02 -2.1991e+00
-5.2000e-01     1.7867e+01  2.5314e-01 -1.7867e+01 -2.9217e-01  3.0776e+02  2.1653e+00 -3.0776e+02 -2.2104e+00
-4.8167e-01     1.4396e+01  1.8109e-01 -1.4396e+01 -1.9277e-01  3.0837e+02  2.1737e+00 -3.0837e+02 -2.2197e+00
-4.4333e-01     1.7244e+01  2.6426e-01 -1.7244e+01 -2.4650e-01  3.0898e+02  2.1822e+00 -3.0898e+02 -2.2281e+00
-4.0500e-01     1.7355e+01  2.4455e-01 -1.7355e+01 -2.3075e-01  3.0964e+02  2.1919e+00 -3.0964e+02 -2.2372e+00
-3.6667e-01     1.6304e+01  2.3859e-01 -1.6304e+01 -2.3500e-01  3.1029e+02  2.2012e+00 -3.1029e+02 -2.2462e+00
-3.2833e-01     1.8493e+01  2.6234e-01 -1.8493e+01 -2.8092e-01  3.1095e+02  2.2107e+00 -3.1095e+02 -2.2560e+00
-2.9000e-01     1.6415e+01  2.3549e-01 -1.6415e+01 -2.3406e-01  3.1162e+02  2.2203e+00 -3.1162e+02 -2.2659e+00
-2.5167e-01     2.1457e+01  3.3333e-01 -2.1457e+01 -2.9026e-01  3.1234e+02  2.2311e+00 -3.1234e+02 -2.2759e+00
-2.1333e-01     1.9461e+01  3.4617e-01 -1.9461e+01 -2.8288e-01  3.1313e+02  2.2442e+00 -3.1313e+02 -2.2869e+00
-1.7500e-01     2.3109e+01  3.9714e-01 -2.3109e+01 -3.3511e-01  3.1394e+02  2.2584e+00 -3.1394e+02 -2.2987e+00
-1.3667e-01     1.9454e+01  3.0263e-01 -1.9454e+01 -2.8831e-01  3.1476e+02  2.2718e+00 -3.1476e+02 -2.3106e+00
-9.8333e-02     1.9548e+01  3.0376e-01 -1.9548e+01 -3.2366e-01  3.1550e+02  2.2834e+00 -3.1550e+02 -2.3223e+00
-6.0000e-02     1.9461e+01  3.2278e-01 -1.9461e+01 -2.8667e-01  3.1625e+02  2.2954e+00 -3.1625e+02 -2.3340e+00
-2.1667e-02     2.3465e+01  3.0299e-01 -2.3465e+01 -3.1981e-01  3.1707e+02  2.3073e+00 -3.1707e+02 -2.3456e+00
1.6667e-02     1.8242e+01  2.5820e-01 -1.8242e+01 -2.5810e-01  3.1787e+02  2.3181e+00 -3.1787e+02 -2.3567e+00
5.5000e-02     1.7571e+01  2.2150e-01 -1.7571e+01 -2.3534e-01  3.1855e+02  2.3272e+00 -3.1855e+02 -2.3661e+00
9.3333e-02     2.0908e+01  2.6733e-01 -2.0908e+01 -2.3205e-01  3.1929e+02  2.3366e+00 -3.1929e+02 -2.3751e+00
1.3167e-01     1.7865e+01  2.6508e-01 -1.7865e+01 -2.3890e-01  3.2003e+02  2.3468e+00 -3.2003e+02 -2.3841e+00
1.7000e-01     1.3561e+01  2.2512e-01 -1.3561e+01 -1.8857e-01  3.2063e+02  2.3562e+00 -3.2063e+02 -2.3923e+00
2.0833e-01     1.8367e+01  2.7707e-01 -1.8367e+01 -2.2189e-01  3.2124e+02  2.3658e+00 -3.2124e+02 -2.4001e+00
2.4667e-01     3.7064e+01  5.8611e-01 -3.7064e+01 -5.3389e-01  3.2230e+02  2.3823e+00 -3.2230e+02 -2.4146e+00
2.8500e-01     2.1744e+01  3.9258e-01 -2.1744e+01 -3.8013e-01  3.2343e+02  2.4010e+00 -3.2343e+02 -2.4321e+00
3.2333e-01     3.0480e+01  5.2117e-01 -3.0480e+01 -4.2871e-01  3.2443e+02  2.4185e+00 -3.2443e+02 -2.4475e+00
3.6167e-01     1.8211e+01  2.8921e-01 -1.8211e+01 -2.4094e-01  3.2536e+02  2.4340e+00 -3.2536e+02 -2.4604e+00
4.0000e-01     1.7113e+01  2.1769e-01 -1.7113e+01 -2.3181e-01  3.2604e+02  2.4437e+00 -3.2604e+02 -2.4694e+00
4.3833e-01     2.9882e+01  4.2678e-01 -2.9882e+01 -4.6490e-01  3.2694e+02  2.4560e+00 -3.2694e+02 -2.4827e+00
4.7667e-01     2.9204e+01  4.0407e-01 -2.9204e+01 -4.8536e-01  3.2807e+02  2.4719e+00 -3.2807e+02 -2.5009e+00
5.1500e-01     2.7924e+01  4.5646e-01 -2.7924e+01 -4.6439e-01  3.2916e+02  2.4884e+00 -3.2916e+02 -2.5191e+00
5.5333e-01     2.3072e+01  2.7891e-01 -2.3072e+01 -2.7277e-01  3.3014e+02  2.5025e+00 -3.3014e+02 -2.5332e+00
5.9167e-01     2.9398e+01  4.1660e-01 -2.9398e+01 -3.4305e-01  3.3114e+02  2.5158e+00 -3.3114e+02 -2.5450e+00
6.3000e-01     2.7669e+01  4.0883e-01 -2.7669e+01 -4.4351e-01  3.3223e+02  2.5316e+00 -3.3223e+02 -2.5600e+00
6.6833e-01     2.1768e+01  2.7638e-01 -2.1768e+01 -3.4193e-01  3.3318e+02  2.5447e+00 -3.3318e+02 -2.5751e+00
7.0667e-01     2.2396e+01  2.8076e-01 -2.2396e+01 -1.8245e-01  3.3402e+02  2.5554e+00 -3.3402e+02 -2.5851e+00
7.4500e-01     2.4879e+01  2.9964e-01 -2.4879e+01 -2.8671e-01  3.3493e+02  2.5665e+00 -3.3493e+02 -2.5941e+00
7.8333e-01     2.2911e+01  2.8749e-01 -2.2911e+01 -2.7778e-01  3.3584e+02  2.5777e+00 -3.3584e+02 -2.6049e+00
8.2167e-01     3.4312e+01  5.4073e-01 -3.4312e+01 -4.5327e-01  3.3694e+02  2.5935e+00 -3.3694e+02 -2.6189e+00
8.6000e-01     3.2766e+01  4.7648e-01 -3.2766e+01 -5.1426e-01  3.3822e+02  2.6130e+00 -3.3822e+02 -2.6374e+00
8.9833e-01     2.5564e+01  3.7998e-01 -2.5564e+01 -3.8094e-01  3.3934e+02  2.6294e+00 -3.3934e+02 -2.6545e+00
9.3667e-01     2.6064e+01  3.2777e-01 -2.6064e+01 -3.4857e-01  3.4032e+02  2.6429e+00 -3.4032e+02 -2.6685e+00
9.7500e-01     2.6650e+01  3.4342e-01 -2.6650e+01 -4.0678e-01  3.4133e+02  2.6558e+00 -3.4133e+02 -2.6829e+00
1.0133e+00     2.1983e+01  2.9475e-01 -2.1983e+01 -3.2833e-01  3.4226e+02  2.6680e+00 -3.4226e+02 -2.6970e+00
1.0517e+00     2.6255e+01  3.6482e-01 -2.6255e+01 -4.1200e-01  3.4319e+02  2.6806e+00 -3.4319e+02 -2.7112e+00
1.0900e+00     2.5301e+01  3.4651e-01 -2.5301e+01 -3.9246e-01  3.4417e+02  2.6942e+00 -3.4417e+02 -2.7265e+00
1.1283e+00     2.2309e+01  2.9176e-01 -2.2309e+01 -3.4147e-01  3.4508e+02  2.7064e+00 -3.4508e+02 -2.7406e+00
1.1667e+00     2.5460e+01  3.4656e-01 -2.5460e+01 -3.9553e-01  3.4600e+02  2.7187e+00 -3.4600e+02 -2.7547e+00
1.2050e+00     2.2586e+01  2.9642e-01 -2.2586e+01 -3.4796e-01  3.4692e+02  2.7310e+00 -3.4692e+02 -2.7689e+00
1.2433e+00     2.1777e+01  2.8421e-01 -2.1777e+01 -3.0817e-01  3.4777e+02  2.7421e+00 -3.4777e+02 -2.7815e+00
1.2817e+00     2.3613e+01  3.1132e-01 -2.3613e+01 -3.4245e-01  3.4863e+02  2.7535e+00 -3.4863e+02 -2.7939e+00
1.3200e+00     2.7815e+01  3.6612e-01 -2.7815e+01 -3.6566e-01  3.4962e+02  2.7664e+00 -3.4962e+02 -2.8075e+00
1.3583e+00     2.6818e+01  3.3282e-01 -2.6818e+01 -3.5251e-01  3.5066e+02  2.7798e+00 -3.5066e+02 -2.8212e+00
1.3967e+00     2.8014e+01  3.2994e-01 -2.8014e+01 -3.4404e-01  3.5171e+02  2.7925e+00 -3.5171e+02 -2.8345e+00
1.4350e+00     2.7723e+01  3.6391e-01 -2.7723e+01 -3.4743e-01  3.5278e+02  2.8058e+00 -3.5278e+02 -2.8478e+00
1.4733e+00     2.2602e+01  2.9130e-01 -2.2602e+01 -3.1840e-01  3.5374e+02  2.8183e+00 -3.5374e+02 -2.8605e+00
1.5117e+00     2.2469e+01  2.6039e-01 -2.2469e+01 -2.3955e-01  3.5461e+02  2.8288e+00 -3.5461e+02 -2.8712e+00
1.5500e+00     2.0749e+01  2.3873e-01 -2.0749e+01 -2.0611e-01  3.5543e+02  2.8384e+00 -3.5543e+02 -2.8797e+00
1.5883e+00     2.2799e+01  2.5161e-01 -2.2799e+01 -2.3859e-01  3.5627e+02  2.8478e+00 -3.5627e+02 -2.8882e+00
1.6267e+00     2.5255e+01  2.9126e-01 -2.5255e+01 -2.9163e-01  3.5719e+02  2.8582e+00 -3.5719e+02 -2.8984e+00
1.6650e+00     2.5056e+01  2.9734e-01 -2.5056e+01 -2.7652e-01  3.5815e+02  2.8694e+00 -3.5815e+02 -2.9092e+00
1.7033e+00     2.2699e+01  2.7716e-01 -2.2699e+01 -2.5113e-01  3.5906e+02  2.8804e+00 -3.5906e+02 -2.9193e+00
1.7417e+00     2.3072e+01  3.0845e-01 -2.3072e+01 -2.5954e-01  3.5994e+02  2.8916e+00 -3.5994e+02 -2.9291e+00
1.7800e+00     2.2640e+01  3.1725e-01 -2.2640e+01 -2.5165e-01  3.6081e+02  2.9036e+00 -3.6081e+02 -2.9389e+00
1.8183e+00     2.4741e+01  3.2944e-01 -2.4741e+01 -2.8674e-01  3.6172e+02  2.9160e+00 -3.6172e+02 -2.9492e+00
1.8567e+00     2.5114e+01  3.4128e-01 -2.5114e+01 -3.0215e-01  3.6267e+02  2.9288e+00 -3.6267e+02 -2.9605e+00
1.8950e+00     2.3982e+01  3.0327e-01 -2.3982e+01 -3.3897e-01  3.6361e+02  2.9411e+00 -3.6361e+02 -2.9727e+00
1.9333e+00     2.3269e+01  2.6981e-01 -2.3269e+01 -2.8150e-01  3.6452e+02  2.9521e+00 -3.6452e+02 -2.9846e+00
1.9717e+00     2.2306e+01  2.4582e-01 -2.2306e+01 -2.6593e-01  3.6539e+02  2.9620e+00 -3.6539e+02 -2.9951e+00
2.0100e+00     2.3082e+01  2.7902e-01 -2.3082e+01 -2.9146e-01  3.6626e+02  2.9720e+00 -3.6626e+02 -3.0057e+00
2.0483e+00     2.6833e+01  3.4874e-01 -2.6833e+01 -3.0173e-01  3.6721e+02  2.9840e+00 -3.6721e+02 -3.0171e+00
2.0867e+00     2.4900e+01  2.9439e-01 -2.4900e+01 -2.0797e-01  3.6820e+02  2.9963e+00 -3.6820e+02 -3.0268e+00
2.1250e+00     2.3101e+01  2.6961e-01 -2.3101e+01 -1.9203e-01  3.6912e+02  3.0071e+00 -3.6912e+02 -3.0345e+00
2.1633e+00     2.5197e+01  2.7725e-01 -2.5197e+01 -2.5551e-01  3.7004e+02  3.0176e+00 -3.7004e+02 -3.0431e+00
2.2017e+00     2.1488e+01  2.6513e-01 -2.1488e+01 -2.1629e-01  3.7094e+02  3.0280e+00 -3.7094e+02 -3.0521e+00
2.2400e+00     2.4290e+01  3.1723e-01 -2.4290e+01 -2.9163e-01  3.7181e+02  3.0391e+00 -3.7181e+02 -3.0618e+00
2.2783e+00     2.2743e+01  2.8526e-01 -2.2743e+01 -2.3982e-01  3.7271e+02  3.0506e+00 -3.7271e+02 -3.0720e+00
2.3167e+00     2.1329e+01  2.5089e-01 -2.1329e+01 -2.0916e-01  3.7356e+02  3.0609e+00 -3.7356e+02 -3.0806e+00
2.3550e+00     2.4842e+01  2.6450e-01 -2.4842e+01 -1.9179e-01  3.7444e+02  3.0708e+00 -3.7444e+02 -3.0882e+00
2.3933e+00     2.7794e+01  3.0635e-01 -2.7794e+01 -2.2907e-01  3.7545e+02  3.0817e+00 -3.7545e+02 -3.0963e+00
2.4317e+00     2.3777e+01  2.8144e-01 -2.3777e+01 -1.8498e-01  3.7643e+02  3.0929e+00 -3.7643e+02 -3.1042e+00
2.4700e+00     2.1909e+01  2.5904e-01 -2.1909e+01 -2.0058e-01  3.7731e+02  3.1033e+00 -3.7731e+02 -3.1116e+00
2.5083e+00     2.5361e+01  3.4236e-01 -2.5361e+01 -2.2354e-01  3.7821e+02  3.1148e+00 -3.7821e+02 -3.1197e+00
2.5467e+00     2.5836e+01  2.9210e-01 -2.5836e+01 -2.2328e-01  3.7919e+02  3.1269e+00 -3.7919e+02 -3.1283e+00
2.5850e+00     2.4181e+01  2.3392e-01 -2.4181e+01 -1.8696e-01  3.8015e+02  3.1370e+00 -3.8015e+02 -3.1361e+00
2.6233e+00     2.6295e+01  2.8521e-01 -2.6295e+01 -2.3443e-01  3.8112e+02  3.1469e+00 -3.8112e+02 -3.1442e+00
2.6617e+00     2.9517e+01  2.7174e-01 -2.9517e+01 -2.1248e-01  3.8218e+02  3.1576e+00 -3.8218e+02 -3.1527e+00
2.7000e+00     2.0644e+01  1.9898e-01 -2.0644e+01 -1.0782e-01  3.8314e+02  3.1666e+00 -3.8314e+02 -3.1589e+00
2.7383e+00     2.3833e+01  2.1357e-01 -2.3833e+01 -1.3902e-01  3.8399e+02  3.1745e+00 -3.8399e+02 -3.1636e+00
2.7767e+00     2.2192e+01  2.0848e-01 -2.2192e+01 -1.1839e-01  3.8488e+02  3.1826e+00 -3.8488e+02 -3.1685e+00
2.8150e+00     2.6512e+01  2.7223e-01 -2.6512e+01 -2.0328e-01  3.8581e+02  3.1918e+00 -3.8581e+02 -3.1747e+00
2.8533e+00     3.0715e+01  2.9645e-01 -3.0715e+01 -2.0327e-01  3.8690e+02  3.2026e+00 -3.8690e+02 -3.1824e+00
2.8917e+00     2.9281e+01  2.8122e-01 -2.9281e+01 -1.7771e-01  3.8805e+02  3.2137e+00 -3.8805e+02 -3.1897e+00
2.9300e+00     2.3595e+01  2.1154e-01 -2.3595e+01 -1.0372e-01  3.8906e+02  3.2231e+00 -3.8906e+02 -3.1951e+00
2.9683e+00     2.9540e+01  2.6774e-01 -2.9540e+01 -1.4594e-01  3.9008e+02  3.2323e+00 -3.9008e+02 -3.1999e+00
3.0067e+00     2.6688e+01  2.5294e-01 -2.6688e+01 -1.2599e-01  3.9115e+02  3.2423e+00 -3.9115e+02 -3.2051e+00
3.0450e+00     2.5578e+01  2.3602e-01 -2.5578e+01 -1.7810e-01  3.9215e+02  3.2516e+00 -3.9215e+02 -3.2109e+00
3.0833e+00     2.6450e+01  2.7595e-01 -2.6450e+01 -2.1233e-01  3.9315e+02  3.2614e+00 -3.9315e+02 -3.2184e+00
3.1217e+00     2.1815e+01  2.2205e-01 -2.1815e+01 -1.5959e-01  3.9407e+02  3.2709e+00 -3.9407e+02 -3.2255e+00
3.1600e+00     2.8368e+01  2.7862e-01 -2.8368e+01 -2.2064e-01  3.9503e+02  3.2805e+00 -3.9503e+02 -3.2328e+00
3.1983e+00     2.1235e+01  2.0706e-01 -2.1235e+01 -1.6287e-01  3.9598e+02  3.2898e+00 -3.9598e+02 -3.2401e+00
3.2367e+00     2.3814e+01  2.2147e-01 -2.3814e+01 -1.1740e-01  3.9685e+02  3.2980e+00 -3.9685e+02 -3.2455e+00
3.2750e+00     2.5183e+01  2.2992e-01 -2.5183e+01 -1.2423e-01  3.9778e+02  3.3066e+00 -3.9778e+02 -3.2501e+00
3.3133e+00     2.2644e+01  2.0854e-01 -2.2644e+01 -1.3322e-01  3.9870e+02  3.3150e+00 -3.9870e+02 -3.2550e+00
3.3517e+00     2.2718e+01  2.0185e-01 -2.2718e+01 -1.2221e-01  3.9957e+02  3.3229e+00 -3.9957e+02 -3.2599e+00
3.3900e+00     2.3880e+01  2.0127e-01 -2.3880e+01 -9.0574e-02  4.0046e+02  3.3306e+00 -4.0046e+02 -3.2640e+00
3.4283e+00     2.2595e+01  1.9543e-01 -2.2595e+01 -8.5834e-02  4.0135e+02  3.3382e+00 -4.0135e+02 -3.2674e+00
3.4667e+00     1.9919e+01  1.7219e-01 -1.9919e+01 -9.8430e-02  4.0216e+02  3.3452e+00 -4.0216e+02 -3.2709e+00
3.5050e+00     2.3418e+01  1.9172e-01 -2.3418e+01 -1.3777e-01  4.0299e+02  3.3522e+00 -4.0299e+02 -3.2754e+00
3.5433e+00     2.7045e+01  2.0347e-01 -2.7045e+01 -1.0893e-01  4.0396e+02  3.3598e+00 -4.0396e+02 -3.2801e+00
3.5817e+00     3.4389e+01  2.7028e-01 -3.4389e+01 -1.2473e-01  4.0513e+02  3.3688e+00 -4.0513e+02 -3.2846e+00
3.6200e+00     3.0660e+01  2.6103e-01 -3.0660e+01 -1.3321e-01  4.0638e+02  3.3790e+00 -4.0638e+02 -3.2895e+00
3.6583e+00     2.6384e+01  2.0424e-01 -2.6384e+01 -6.7953e-02  4.0747e+02  3.3879e+00 -4.0747e+02 -3.2934e+00
3.6967e+00     2.6932e+01  2.1401e-01 -2.6932e+01  4.4055e-02  4.0849e+02  3.3959e+00 -4.0849e+02 -3.2938e+00
3.7350e+00     2.8646e+01  1.9864e-01 -2.8646e+01 -4.2574e-02  4.0955e+02  3.4038e+00 -4.0955e+02 -3.2938e+00
3.7733e+00     2.9724e+01  2.1759e-01 -2.9724e+01 -8.7549e-02  4.1067e+02  3.4117e+00 -4.1067e+02 -3.2963e+00
3.8117e+00     3.1191e+01  1.9828e-01 -3.1191e+01 -8.5341e-02  4.1183e+02  3.4197e+00 -4.1183e+02 -3.2996e+00
3.8500e+00     3.3136e+01  2.3053e-01 -3.3136e+01 -1.0111e-01  4.1306e+02  3.4279e+00 -4.1306e+02 -3.3032e+00
3.8883e+00     3.1283e+01  2.3565e-01 -3.1283e+01 -1.2308e-01  4.1430e+02  3.4368e+00 -4.1430e+02 -3.3075e+00
3.9267e+00     2.9311e+01  2.2046e-01 -2.9311e+01 -6.8153e-02  4.1546e+02  3.4456e+00 -4.1546e+02 -3.3111e+00
3.9650e+00     3.0939e+01  2.3883e-01 -3.0939e+01 -4.2950e-02  4.1661e+02  3.4543e+00 -4.1661e+02 -3.3133e+00
4.0033e+00     2.8734e+01  2.1129e-01 -2.8734e+01 -4.6020e-02  4.1775e+02  3.4630e+00 -4.1775e+02 -3.3150e+00
4.0417e+00     3.0784e+01  2.2162e-01 -3.0784e+01 -5.6936e-02  4.1889e+02  3.4712e+00 -4.1889e+02 -3.3169e+00
4.0800e+00     2.7574e+01  1.7680e-01 -2.7574e+01 -7.3810e-02  4.2001e+02  3.4789e+00 -4.2001e+02 -3.3194e+00
4.1183e+00     3.1017e+01  1.8983e-01 -3.1017e+01 -7.9913e-02  4.2113e+02  3.4859e+00 -4.2113e+02 -3.3224e+00
4.1567e+00     3.1320e+01  2.0163e-01 -3.1320e+01 -5.9871e-02  4.2232e+02  3.4934e+00 -4.2232e+02 -3.3250e+00
4.1950e+00     3.0304e+01  1.9057e-01 -3.0304e+01 -1.0836e-01  4.2350e+02  3.5009e+00 -4.2350e+02 -3.3283e+00
4.2333e+00     3.3102e+01  2.1695e-01 -3.3102e+01 -9.8297e-02  4.2471e+02  3.5087e+00 -4.2471e+02 -3.3322e+00
4.2717e+00     3.1431e+01  2.1734e-01 -3.1431e+01 -9.6982e-02  4.2595e+02  3.5170e+00 -4.2595e+02 -3.3360e+00
4.3100e+00     3.4044e+01  2.3403e-01 -3.4044e+01 -1.1606e-01  4.2720e+02  3.5256e+00 -4.2720e+02 -3.3400e+00
4.3483e+00     3.0801e+01  2.2059e-01 -3.0801e+01 -9.4007e-02  4.2844e+02  3.5343e+00 -4.2844e+02 -3.3441e+00
4.3867e+00     3.2431e+01  2.3470e-01 -3.2431e+01 -5.6159e-02  4.2965e+02  3.5430e+00 -4.2965e+02 -3.3469e+00
4.4250e+00     2.9314e+01  2.0640e-01 -2.9314e+01 -9.9723e-02  4.3083e+02  3.5515e+00 -4.3083e+02 -3.3499e+00
4.4633e+00     3.2362e+01  2.4097e-01 -3.2362e+01 -1.2651e-01  4.3201e+02  3.5600e+00 -4.3201e+02 -3.3542e+00
4.5017e+00     3.2729e+01  2.3688e-01 -3.2729e+01 -1.2807e-01  4.3326e+02  3.5692e+00 -4.3326e+02 -3.3591e+00
4.5400e+00     3.2411e+01  2.3620e-01 -3.2411e+01 -7.9923e-02  4.3450e+02  3.5782e+00 -4.3450e+02 -3.3631e+00
4.5783e+00     3.2272e+01  2.3821e-01 -3.2272e+01 -1.0314e-01  4.3574e+02  3.5873e+00 -4.3574e+02 -3.3666e+00
4.6167e+00     3.0514e+01  2.2837e-01 -3.0514e+01 -9.1993e-02  4.3694e+02  3.5962e+00 -4.3694e+02 -3.3703e+00
4.6550e+00     3.0020e+01  2.1915e-01 -3.0020e+01 -1.0841e-01  4.3810e+02  3.6048e+00 -4.3810e+02 -3.3742e+00
4.6933e+00     3.1988e+01  2.3604e-01 -3.1988e+01 -4.0926e-02  4.3929e+02  3.6135e+00 -4.3929e+02 -3.3770e+00
4.7317e+00     3.1624e+01  2.3268e-01 -3.1624e+01 -1.7575e-02  4.4051e+02  3.6225e+00 -4.4051e+02 -3.3781e+00
4.7700e+00     2.7881e+01  2.0598e-01 -2.7881e+01 -1.1177e-02  4.4164e+02  3.6309e+00 -4.4164e+02 -3.3787e+00
4.8083e+00     2.9332e+01  2.0813e-01 -2.9332e+01 -7.7134e-04  4.4274e+02  3.6388e+00 -4.4274e+02 -3.3789e+00
4.8467e+00     3.0615e+01  2.1259e-01 -3.0615e+01 -1.1788e-02  4.4389e+02  3.6468e+00 -4.4389e+02 -3.3792e+00
4.8850e+00     3.2830e+01  2.1368e-01 -3.2830e+01 -3.4653e-02  4.4510e+02  3.6550e+00 -4.4510e+02 -3.3800e+00
4.9233e+00     3.2221e+01  2.0814e-01 -3.2221e+01 -6.3279e-02  4.4635e+02  3.6631e+00 -4.4635e+02 -3.3819e+00
4.9617e+00     3.2606e+01  2.1214e-01 -3.2606e+01 -6.0289e-02  4.4759e+02  3.6711e+00 -4.4759e+02 -3.3843e+00
