-1.8000e+01     0.0000e+00  0.0000e+00 -0.0000e+00 -0.0000e+00  0.0000e+00  0.0000e+00 -0.0000e+00 -0.0000e+00
-1.7962e+01     0.0000e+00  0.0000e+00 -0.0000e+00 -0.0000e+00  0.0000e+00  0.0000e+00 -0.0000e+00 -0.0000e+00
-1.7923e+01     0.0000e+00  0.0000e+00 -0.0000e+00 -0.0000e+00  0.0000e+00  0.0000e+00 -0.0000e+00 -0.0000e+00
-1.7885e+01     0.0000e+00  0.0000e+00 -0.0000e+00 -0.0000e+00  0.0000e+00  0.0000e+00 -0.0000e+00 -0.0000e+00
-1.7847e+01     0.0000e+00  0.0000e+00 -0.0000e+00 -0.0000e+00  0.0000e+00  0.0000e+00 -0.0000e+00 -0.0000e+00
-1.7808e+01     0.0000e+00  0.0000e+00 -0.0000e+00 -0.0000e+00  0.0000e+00  0.0000e+00 -0.0000e+00 -0.0000e+00
-1.7770e+01     0.0000e+00  0.0000e+00 -0.0000e+00 -0.0000e+00  0.0000e+00  0.0000e+00 -0.0000e+00 -0.0000e+00
-1.7732e+01     0.0000e+00  0.0000e+00 -0.0000e+00 -0.0000e+00  0.0000e+00  0.0000e+00 -0.0000e+00 -0.0000e+00
-1.7693e+01     0.0000e+00  0.0000e+00 -0.0000e+00 -0.0000e+00  0.0000e+00  0.0000e+00 -0.0000e+00 -0.0000e+00
-1.7655e+01     0.0000e+00  0.0000e+00 -0.0000e+00 -0.0000e+00  0.0000e+00  0.0000e+00 -0.0000e+00 -0.0000e+00
-1.7617e+01     0.0000e+00  0.0000e+00 -0.0000e+00 -0.0000e+00  0.0000e+00  0.0000e+00 -0.0000e+00 -0.0000e+00
-1.7578e+01     0.0000e+00  0.0000e+00 -0.0000e+00 -0.0000e+00  0.0000e+00  0.0000e+00 -0.0000e+00 -0.0000e+00
-1.7540e+01     0.0000e+00  0.0000e+00 -0.0000e+00 -0.0000e+00  0.0000e+00  0.0000e+00 -0.0000e+00 -0.0000e+00
-1.7502e+01     0.0000e+00  0.0000e+00 -0.0000e+00 -0.0000e+00  0.0000e+00  0.0000e+00 -0.0000e+00 -0.0000e+00
-1.7463e+01     0.0000e+00  0.0000e+00 -0.0000e+00 -0.0000e+00  0.0000e+00  0.0000e+00 -0.0000e+00 -0.0000e+00
-1.7425e+01     0.0000e+00  0.0000e+00 -0.0000e+00 -0.0000e+00  0.0000e+00  0.0000e+00 -0.0000e+00 -0.0000e+00
-1.7387e+01     0.0000e+00  0.0000e+00 -0.0000e+00 -0.0000e+00  0.0000e+00  0.0000e+00 -0.0000e+00 -0.0000e+00
-1.7348e+01     0.0000e+00  0.0000e+00 -0.0000e+00 -0.0000e+00  0.0000e+00  0.0000e+00 -0.0000e+00 -0.0000e+00
-1.7310e+01     0.0000e+00  0.0000e+00 -0.0000e+00 -0.0000e+00  0.0000e+00  0.0000e+00 -0.0000e+00 -0.0000e+00
-1.7272e+01     0.0000e+00  0.0000e+00 -0.0000e+00 -0.0000e+00  0.0000e+00  0.0000e+00 -0.0000e+00 -0.0000e+00
-1.7233e+01     0.0000e+00  0.0000e+00 -0.0000e+00 -0.0000e+00  0.0000e+00  0.0000e+00 -0.0000e+00 -0.0000e+00
-1.7195e+01     0.0000e+00  0.0000e+00 -0.0000e+00 -0.0000e+00  0.0000e+00  0.0000e+00 -0.0000e+00 -0.0000e+00
-1.7157e+01     0.0000e+00  0.0000e+00 -0.0000e+00 -0.0000e+00  0.0000e+00  0.0000e+00 -0.0000e+00 -0.0000e+00
-1.7118e+01     0.0000e+00  0.0000e+00 -0.0000e+00 -0.0000e+00  0.0000e+00  0.0000e+00 -0.0000e+00 -0.0000e+00
-1.7080e+01     0.0000e+00  0.0000e+00 -0.0000e+00 -0.0000e+00  0.0000e+00  0.0000e+00 -0.0000e+00 -0.0000e+00
-1.7042e+01     0.0000e+00  0.0000e+00 -0.0000e+00 -0.0000e+00  0.0000e+00  0.0000e+00 -0.0000e+00 -0.0000e+00
-1.7003e+01     0.0000e+00  0.0000e+00 -0.0000e+00 -0.0000e+00  0.0000e+00  0.0000e+00 -0.0000e+00 -0.0000e+00
-1.6965e+01     0.0000e+00  0.0000e+00 -0.0000e+00 -0.0000e+00  0.0000e+00  0.0000e+00 -0.0000e+00 -0.0000e+00
-1.6927e+01     0.0000e+00  0.0000e+00 -0.0000e+00 -0.0000e+00  0.0000e+00  0.0000e+00 -0.0000e+00 -0.0000e+00
-1.6888e+01     0.0000e+00  0.0000e+00 -0.0000e+00 -0.0000e+00  0.0000e+00  0.0000e+00 -0.0000e+00 -0.0000e+00
-1.6850e+01     0.0000e+00  0.0000e+00 -0.0000e+00 -0.0000e+00  0.0000e+00  0.0000e+00 -0.0000e+00 -0.0000e+00
-1.6812e+01     0.0000e+00  0.0000e+00 -0.0000e+00 -0.0000e+00  0.0000e+00  0.0000e+00 -0.0000e+00 -0.0000e+00
-1.6773e+01     0.0000e+00  0.0000e+00 -0.0000e+00 -0.0000e+00  0.0000e+00  0.0000e+00 -0.0000e+00 -0.0000e+00
-1.6735e+01     0.0000e+00  0.0000e+00 -0.0000e+00 -0.0000e+00  0.0000e+00  0.0000e+00 -0.0000e+00 -0.0000e+00
-1.6697e+01     0.0000e+00  0.0000e+00 -0.0000e+00 -0.0000e+00  0.0000e+00  0.0000e+00 -0.0000e+00 -0.0000e+00
-1.6658e+01     0.0000e+00  0.0000e+00 -0.0000e+00 -0.0000e+00  0.0000e+00  0.0000e+00 -0.0000e+00 -0.0000e+00
-1.6620e+01     0.0000e+00  0.0000e+00 -0.0000e+00 -0.0000e+00  0.0000e+00  0.0000e+00 -0.0000e+00 -0.0000e+00
-1.6582e+01     0.0000e+00  0.0000e+00 -0.0000e+00 -0.0000e+00  0.0000e+00  0.0000e+00 -0.0000e+00 -0.0000e+00
-1.6543e+01     0.0000e+00  0.0000e+00 -0.0000e+00 -0.0000e+00  0.0000e+00  0.0000e+00 -0.0000e+00 -0.0000e+00
-1.6505e+01     0.0000e+00  0.0000e+00 -0.0000e+00 -0.0000e+00  0.0000e+00  0.0000e+00 -0.0000e+00 -0.0000e+00
-1.6467e+01     0.0000e+00  0.0000e+00 -0.0000e+00 -0.0000e+00  0.0000e+00  0.0000e+00 -0.0000e+00 -0.0000e+00
-1.6428e+01     0.0000e+00  0.0000e+00 -0.0000e+00 -0.0000e+00  0.0000e+00  0.0000e+00 -0.0000e+00 -0.0000e+00
-1.6390e+01     0.0000e+00  0.0000e+00 -0.0000e+00 -0.0000e+00  0.0000e+00  0.0000e+00 -0.0000e+00 -0.0000e+00
-1.6352e+01     0.0000e+00  0.0000e+00 -0.0000e+00 -0.0000e+00  0.0000e+00  0.0000e+00 -0.0000e+00 -0.0000e+00
-1.6313e+01     0.0000e+00  0.0000e+00 -0.0000e+00 -0.0000e+00  0.0000e+00  0.0000e+00 -0.0000e+00 -0.0000e+00
-1.6275e+01     0.0000e+00  0.0000e+00 -0.0000e+00 -0.0000e+00  0.0000e+00  0.0000e+00 -0.0000e+00 -0.0000e+00
-1.6237e+01     0.0000e+00  0.0000e+00 -0.0000e+00 -0.0000e+00  0.0000e+00  0.0000e+00 -0.0000e+00 -0.0000e+00
-1.6198e+01     0.0000e+00  0.0000e+00 -0.0000e+00 -0.0000e+00  0.0000e+00  0.0000e+00 -0.0000e+00 -0.0000e+00
-1.6160e+01     0.0000e+00  0.0000e+00 -0.0000e+00 -0.0000e+00  0.0000e+00  0.0000e+00 -0.0000e+00 -0.0000e+00
-1.6122e+01     0.0000e+00  0.0000e+00 -0.0000e+00 -0.0000e+00  0.0000e+00  0.0000e+00 -0.0000e+00 -0.0000e+00
-1.6083e+01     0.0000e+00  0.0000e+00 -0.0000e+00 -0.0000e+00  0.0000e+00  0.0000e+00 -0.0000e+00 -0.0000e+00
-1.6045e+01     0.0000e+00  0.0000e+00 -0.0000e+00 -0.0000e+00  0.0000e+00  0.0000e+00 -0.0000e+00 -0.0000e+00
-1.6007e+01     0.0000e+00  0.0000e+00 -0.0000e+00 -0.0000e+00  0.0000e+00  0.0000e+00 -0.0000e+00 -0.0000e+00
-1.5968e+01     0.0000e+00  0.0000e+00 -0.0000e+00 -0.0000e+00  0.0000e+00  0.0000e+00 -0.0000e+00 -0.0000e+00
-1.5930e+01     0.0000e+00  0.0000e+00 -0.0000e+00 -0.0000e+00  0.0000e+00  0.0000e+00 -0.0000e+00 -0.0000e+00
-1.5892e+01     0.0000e+00  0.0000e+00 -0.0000e+00 -0.0000e+00  0.0000e+00  0.0000e+00 -0.0000e+00 -0.0000e+00
-1.5853e+01     0.0000e+00  0.0000e+00 -0.0000e+00 -0.0000e+00  0.0000e+00  0.0000e+00 -0.0000e+00 -0.0000e+00
-1.5815e+01     0.0000e+00  0.0000e+00 -0.0000e+00 -0.0000e+00  0.0000e+00  0.0000e+00 -0.0000e+00 -0.0000e+00
-1.5777e+01     0.0000e+00  0.0000e+00 -0.0000e+00 -0.0000e+00  0.0000e+00  0.0000e+00 -0.0000e+00 -0.0000e+00
-1.5738e+01     0.0000e+00  0.0000e+00 -0.0000e+00 -0.0000e+00  0.0000e+00  0.0000e+00 -0.0000e+00 -0.0000e+00
-1.5700e+01     0.0000e+00  0.0000e+00 -0.0000e+00 -0.0000e+00  0.0000e+00  0.0000e+00 -0.0000e+00 -0.0000e+00
-1.5662e+01     0.0000e+00  0.0000e+00 -0.0000e+00 -0.0000e+00  0.0000e+00  0.0000e+00 -0.0000e+00 -0.0000e+00
-1.5623e+01     0.0000e+00  0.0000e+00 -0.0000e+00 -0.0000e+00  0.0000e+00  0.0000e+00 -0.0000e+00 -0.0000e+00
-1.5585e+01     0.0000e+00  0.0000e+00 -0.0000e+00 -0.0000e+00  0.0000e+00  0.0000e+00 -0.0000e+00 -0.0000e+00
-1.5547e+01     0.0000e+00  0.0000e+00 -0.0000e+00 -0.0000e+00  0.0000e+00  0.0000e+00 -0.0000e+00 -0.0000e+00
-1.5508e+01     1.3032e+01  6.0425e-03 -3.6766e+00 -1.3471e-03  2.4937e-01  1.1562e-04 -7.0352e-02 -2.5777e-05
-1.5470e+01     1.8698e+01  2.6903e-03 -1.6676e+01 -3.7634e-03  8.5651e-01  2.8272e-04 -4.5979e-01 -1.2357e-04
-1.5432e+01     0.0000e+00  0.0000e+00 -0.0000e+00 -0.0000e+00  1.2143e+00  3.3420e-04 -7.7888e-01 -1.9558e-04
-1.5393e+01     0.0000e+00  0.0000e+00 -0.0000e+00 -0.0000e+00  1.2143e+00  3.3420e-04 -7.7888e-01 -1.9558e-04
-1.5355e+01     0.0000e+00  0.0000e+00 -0.0000e+00 -0.0000e+00  1.2143e+00  3.3420e-04 -7.7888e-01 -1.9558e-04
-1.5317e+01     0.0000e+00  0.0000e+00 -0.0000e+00 -0.0000e+00  1.2143e+00  3.3420e-04 -7.7888e-01 -1.9558e-04
-1.5278e+01     4.2592e+00  9.6757e-03 -4.8809e+00 -1.9597e-02  1.2958e+00  5.1934e-04 -8.7227e-01 -5.7056e-04
-1.5240e+01     1.3285e+01  1.3263e-01 -1.1770e+01 -6.7145e-02  1.6315e+00  3.2423e-03 -1.1909e+00 -2.2303e-03
-1.5202e+01     1.5377e+01  5.8248e-02 -1.6517e+01 -7.9589e-02  2.1799e+00  6.8946e-03 -1.7321e+00 -5.0381e-03
-1.5163e+01     7.8392e+00  2.2941e-02 -1.0521e+01 -5.1277e-02  2.6242e+00  8.4482e-03 -2.2495e+00 -7.5422e-03
-1.5125e+01     1.6795e+01  9.8990e-02 -1.7144e+01 -1.4334e-01  3.0955e+00  1.0781e-02 -2.7789e+00 -1.1266e-02
-1.5087e+01     1.0512e+01  1.0367e-01 -1.0944e+01 -8.2893e-02  3.6180e+00  1.4659e-02 -3.3163e+00 -1.5595e-02
-1.5048e+01     5.3889e+00  7.3224e-02 -4.6599e+00 -5.0806e-02  3.9223e+00  1.8044e-02 -3.6149e+00 -1.8153e-02
-1.5010e+01     4.7850e+00  7.3614e-02 -4.4583e+00 -4.9757e-02  4.1170e+00  2.0854e-02 -3.7894e+00 -2.0077e-02
-1.4972e+01     2.7133e+00  3.2465e-02 -2.3922e+00 -2.0439e-02  4.2604e+00  2.2884e-02 -3.9205e+00 -2.1421e-02
-1.4933e+01     2.0756e+01  1.3708e-01 -2.0071e+01 -1.1374e-01  4.7095e+00  2.6128e-02 -4.3503e+00 -2.3988e-02
-1.4895e+01     2.6828e+00  1.1703e-02 -3.3124e+00 -8.9622e-03  5.1580e+00  2.8975e-02 -4.7977e+00 -2.6336e-02
-1.4857e+01     2.5382e+01  7.8945e-02 -2.6775e+01 -4.8197e-02  5.6950e+00  3.0709e-02 -5.3735e+00 -2.7430e-02
-1.4818e+01     3.2582e+00  7.1429e-03 -5.1058e+00 -1.6449e-02  6.2431e+00  3.2356e-02 -5.9835e+00 -2.8667e-02
-1.4780e+01     3.2088e+01  7.8606e-02 -3.2987e+01 -1.2932e-01  6.9194e+00  3.3997e-02 -6.7124e+00 -3.1456e-02
-1.4742e+01     2.4302e+00  3.2934e-03 -2.1276e+00 -5.0206e-03  7.5799e+00  3.5564e-02 -7.3843e+00 -3.4026e-02
-1.4703e+01     2.0951e+01  5.9656e-02 -1.8435e+01 -3.2421e-02  8.0273e+00  3.6769e-02 -7.7777e+00 -3.4743e-02
-1.4665e+01     1.0205e+01  2.6044e-02 -1.5440e+01 -4.1755e-02  8.6234e+00  3.8409e-02 -8.4259e+00 -3.6162e-02
-1.4627e+01     1.5813e+01  5.3488e-02 -1.5889e+01 -6.0778e-02  9.1213e+00  3.9930e-02 -9.0254e+00 -3.8124e-02
-1.4588e+01     6.7912e+00  2.2086e-02 -6.9823e+00 -2.6352e-02  9.5538e+00  4.1377e-02 -9.4630e+00 -3.9791e-02
-1.4550e+01     1.3648e+01  1.2956e-01 -1.4987e+01 -9.7190e-02  9.9449e+00  4.4278e-02 -9.8834e+00 -4.2155e-02
-1.4512e+01     7.8123e+00  1.0106e-01 -8.7719e+00 -4.8701e-02  1.0356e+01  4.8691e-02 -1.0338e+01 -4.4947e-02
-1.4473e+01     8.0452e+00  9.4484e-02 -8.0469e+00 -6.0994e-02  1.0659e+01  5.2433e-02 -1.0660e+01 -4.7046e-02
-1.4435e+01     9.3143e+00  9.0200e-02 -1.0778e+01 -8.7324e-02  1.0991e+01  5.5967e-02 -1.1020e+01 -4.9884e-02
-1.4397e+01     1.1982e+01  8.9551e-02 -1.1764e+01 -7.7559e-02  1.1399e+01  5.9406e-02 -1.1451e+01 -5.3039e-02
-1.4358e+01     1.8641e+01  1.2092e-01 -1.6214e+01 -9.8591e-02  1.1985e+01  6.3434e-02 -1.1987e+01 -5.6410e-02
-1.4320e+01     1.4900e+01  1.0369e-01 -1.7096e+01 -1.0527e-01  1.2626e+01  6.7732e-02 -1.2624e+01 -6.0310e-02
-1.4282e+01     1.3220e+01  8.5508e-02 -1.1708e+01 -7.5899e-02  1.3165e+01  7.1352e-02 -1.3175e+01 -6.3777e-02
-1.4243e+01     1.2451e+01  6.3951e-02 -1.1273e+01 -6.1892e-02  1.3656e+01  7.4212e-02 -1.3615e+01 -6.6414e-02
-1.4205e+01     2.3748e+01  9.4673e-02 -2.3677e+01 -9.4998e-02  1.4348e+01  7.7247e-02 -1.4284e+01 -6.9416e-02
-1.4167e+01     1.2247e+01  3.9969e-02 -1.3929e+01 -4.6987e-02  1.5037e+01  7.9823e-02 -1.5003e+01 -7.2133e-02
-1.4128e+01     1.1574e+01  4.6188e-02 -1.0842e+01 -3.9215e-02  1.5493e+01  8.1472e-02 -1.5477e+01 -7.3782e-02
-1.4090e+01     1.3419e+01  5.8905e-02 -1.4604e+01 -1.1977e-01  1.5971e+01  8.3483e-02 -1.5964e+01 -7.6824e-02
-1.4052e+01     1.5908e+01  1.1078e-01 -1.3080e+01 -1.1909e-01  1.6532e+01  8.6730e-02 -1.6494e+01 -8.1395e-02
-1.4013e+01     1.1206e+01  6.7920e-02 -1.0689e+01 -9.1308e-02  1.7051e+01  9.0149e-02 -1.6949e+01 -8.5420e-02
-1.3975e+01     1.2054e+01  8.8547e-02 -1.2009e+01 -1.0520e-01  1.7496e+01  9.3143e-02 -1.7383e+01 -8.9181e-02
-1.3937e+01     1.7387e+01  1.3839e-01 -1.7642e+01 -1.5011e-01  1.8060e+01  9.7485e-02 -1.7950e+01 -9.4066e-02
-1.3898e+01     1.9564e+01  3.3544e-01 -1.7328e+01 -1.6249e-01  1.8767e+01  1.0655e-01 -1.8620e+01 -1.0005e-01
-1.3860e+01     1.8311e+01  1.7502e-01 -1.4179e+01 -1.2754e-01  1.9491e+01  1.1632e-01 -1.9222e+01 -1.0560e-01
-1.3822e+01     2.2116e+01  1.2780e-01 -2.1243e+01 -1.5054e-01  2.0265e+01  1.2211e-01 -1.9900e+01 -1.1092e-01
-1.3783e+01     1.4006e+01  9.9658e-02 -1.7204e+01 -1.3670e-01  2.0956e+01  1.2647e-01 -2.0636e+01 -1.1641e-01
-1.3745e+01     2.2679e+01  1.3068e-01 -2.3377e+01 -1.7732e-01  2.1658e+01  1.3087e-01 -2.1412e+01 -1.2242e-01
-1.3707e+01     1.8021e+01  1.1158e-01 -1.4682e+01 -6.8590e-02  2.2437e+01  1.3551e-01 -2.2141e+01 -1.2713e-01
-1.3668e+01     1.3129e+01  8.4307e-02 -1.5635e+01 -1.3116e-01  2.3033e+01  1.3926e-01 -2.2721e+01 -1.3095e-01
-1.3630e+01     1.4302e+01  1.2753e-01 -1.6718e+01 -1.1383e-01  2.3558e+01  1.4331e-01 -2.3340e+01 -1.3564e-01
-1.3592e+01     1.9621e+01  1.3719e-01 -1.9533e+01 -1.4631e-01  2.4207e+01  1.4838e-01 -2.4033e+01 -1.4062e-01
-1.3553e+01     1.0174e+01  1.1419e-01 -1.3964e+01 -1.2337e-01  2.4777e+01  1.5319e-01 -2.4674e+01 -1.4578e-01
-1.3515e+01     1.1317e+01  1.0477e-01 -1.0710e+01 -9.2198e-02  2.5188e+01  1.5738e-01 -2.5147e+01 -1.4990e-01
-1.3477e+01     2.4903e+01  2.3449e-01 -2.2410e+01 -2.0432e-01  2.5881e+01  1.6387e-01 -2.5780e+01 -1.5558e-01
-1.3438e+01     1.5057e+01  1.7534e-01 -1.5166e+01 -1.9837e-01  2.6646e+01  1.7171e-01 -2.6499e+01 -1.6328e-01
-1.3400e+01     1.5111e+01  1.3308e-01 -1.5265e+01 -1.5616e-01  2.7223e+01  1.7761e-01 -2.7082e+01 -1.7006e-01
-1.3362e+01     1.1719e+01  1.4133e-01 -1.1792e+01 -1.3092e-01  2.7737e+01  1.8286e-01 -2.7599e+01 -1.7556e-01
-1.3323e+01     1.3619e+01  1.1939e-01 -1.2378e+01 -1.1824e-01  2.8221e+01  1.8785e-01 -2.8062e+01 -1.8033e-01
-1.3285e+01     1.9674e+01  2.2295e-01 -2.0683e+01 -2.4386e-01  2.8859e+01  1.9440e-01 -2.8694e+01 -1.8725e-01
-1.3247e+01     1.9942e+01  1.9046e-01 -1.8925e+01 -1.8171e-01  2.9617e+01  2.0231e-01 -2.9452e+01 -1.9540e-01
-1.3208e+01     1.5082e+01  1.5245e-01 -1.4494e+01 -1.4537e-01  3.0287e+01  2.0887e-01 -3.0092e+01 -2.0166e-01
-1.3170e+01     1.5193e+01  1.8224e-01 -1.4959e+01 -1.4788e-01  3.0866e+01  2.1528e-01 -3.0655e+01 -2.0727e-01
-1.3132e+01     1.6159e+01  2.5046e-01 -1.5710e+01 -2.4620e-01  3.1466e+01  2.2356e-01 -3.1242e+01 -2.1481e-01
-1.3093e+01     1.5831e+01  2.0295e-01 -1.6331e+01 -1.6486e-01  3.2078e+01  2.3223e-01 -3.1855e+01 -2.2267e-01
-1.3055e+01     1.7658e+01  1.6799e-01 -1.8168e+01 -1.6991e-01  3.2719e+01  2.3933e-01 -3.2515e+01 -2.2908e-01
-1.3017e+01     2.2431e+01  1.9667e-01 -2.1421e+01 -1.9659e-01  3.3486e+01  2.4631e-01 -3.3273e+01 -2.3609e-01
-1.2978e+01     2.1740e+01  1.9932e-01 -2.1199e+01 -1.9374e-01  3.4331e+01  2.5389e-01 -3.4088e+01 -2.4356e-01
-1.2940e+01     1.8313e+01  1.7962e-01 -1.8154e+01 -1.6438e-01  3.5098e+01  2.6114e-01 -3.4841e+01 -2.5041e-01
-1.2902e+01     1.9416e+01  1.6038e-01 -2.0339e+01 -1.8255e-01  3.5820e+01  2.6764e-01 -3.5578e+01 -2.5705e-01
-1.2863e+01     2.0905e+01  1.7601e-01 -1.9396e+01 -1.7611e-01  3.6591e+01  2.7408e-01 -3.6338e+01 -2.6392e-01
-1.2825e+01     2.1288e+01  2.2367e-01 -2.0872e+01 -2.0279e-01  3.7398e+01  2.8173e-01 -3.7109e+01 -2.7117e-01
-1.2787e+01     2.1519e+01  2.3912e-01 -2.0479e+01 -2.1811e-01  3.8218e+01  2.9058e-01 -3.7900e+01 -2.7922e-01
-1.2748e+01     1.9833e+01  2.0222e-01 -1.8800e+01 -1.9829e-01  3.9009e+01  2.9903e-01 -3.8652e+01 -2.8719e-01
-1.2710e+01     2.3882e+01  2.0010e-01 -2.1019e+01 -1.7466e-01  3.9845e+01  3.0673e-01 -3.9414e+01 -2.9432e-01
-1.2672e+01     2.4953e+01  1.7289e-01 -2.1483e+01 -1.5230e-01  4.0780e+01  3.1386e-01 -4.0227e+01 -3.0058e-01
-1.2633e+01     2.0324e+01  1.4655e-01 -2.0510e+01 -1.7758e-01  4.1646e+01  3.1997e-01 -4.1030e+01 -3.0689e-01
-1.2595e+01     1.8475e+01  1.3495e-01 -1.7033e+01 -1.5030e-01  4.2388e+01  3.2536e-01 -4.1749e+01 -3.1317e-01
-1.2557e+01     2.5652e+01  2.8098e-01 -2.7403e+01 -2.2680e-01  4.3233e+01  3.3332e-01 -4.2599e+01 -3.2038e-01
-1.2518e+01     2.9067e+01  2.3558e-01 -3.7733e+01 -2.1185e-01  4.4280e+01  3.4320e-01 -4.3845e+01 -3.2877e-01
-1.2480e+01     3.0980e+01  2.5004e-01 -3.1477e+01 -1.0533e-01  4.5429e+01  3.5250e-01 -4.5170e+01 -3.3484e-01
-1.2442e+01     2.7124e+01  1.7044e-01 -2.8222e+01 -1.1373e-01  4.6541e+01  3.6054e-01 -4.6312e+01 -3.3903e-01
-1.2403e+01     3.2375e+01  1.9596e-01 -3.0785e+01 -2.4933e-01  4.7679e+01  3.6755e-01 -4.7441e+01 -3.4598e-01
-1.2365e+01     2.3327e+01  1.5006e-01 -2.4779e+01 -1.6446e-01  4.8745e+01  3.7417e-01 -4.8504e+01 -3.5390e-01
-1.2327e+01     2.1583e+01  1.3660e-01 -2.4352e+01 -1.2866e-01  4.9604e+01  3.7966e-01 -4.9444e+01 -3.5951e-01
-1.2288e+01     2.5194e+01  1.3012e-01 -2.5467e+01 -1.4854e-01  5.0499e+01  3.8476e-01 -5.0398e+01 -3.6481e-01
-1.2250e+01     1.8534e+01  1.1366e-01 -1.6473e+01 -1.0117e-01  5.1336e+01  3.8943e-01 -5.1200e+01 -3.6959e-01
-1.2212e+01     1.8672e+01  1.2665e-01 -1.9736e+01 -6.9796e-02  5.2048e+01  3.9403e-01 -5.1893e+01 -3.7286e-01
-1.2173e+01     1.6637e+01  1.0431e-01 -3.1419e+01 -1.3626e-01  5.2724e+01  3.9845e-01 -5.2872e+01 -3.7680e-01
-1.2135e+01     2.9695e+01  1.9317e-01 -3.1966e+01 -2.4452e-01  5.3610e+01  4.0414e-01 -5.4085e+01 -3.8409e-01
-1.2097e+01     1.7453e+01  7.9348e-02 -1.9854e+01 -1.3419e-01  5.4512e+01  4.0935e-01 -5.5076e+01 -3.9134e-01
-1.2058e+01     2.4613e+01  1.1145e-01 -2.5321e+01 -1.2826e-01  5.5317e+01  4.1300e-01 -5.5941e+01 -3.9636e-01
-1.2020e+01     3.3202e+01  1.3241e-01 -3.2683e+01 -1.4913e-01  5.6424e+01  4.1767e-01 -5.7051e+01 -4.0167e-01
-1.1982e+01     2.8185e+01  1.2973e-01 -2.9322e+01 -1.2517e-01  5.7598e+01  4.2268e-01 -5.8237e+01 -4.0692e-01
-1.1943e+01     2.6728e+01  1.4294e-01 -2.7486e+01 -1.2914e-01  5.8649e+01  4.2790e-01 -5.9324e+01 -4.1178e-01
-1.1905e+01     2.7336e+01  9.6731e-02 -2.1324e+01 -1.0632e-01  5.9684e+01  4.3249e-01 -6.0258e+01 -4.1629e-01
-1.1867e+01     1.8298e+01  6.5867e-02 -2.2752e+01 -8.2775e-02  6.0557e+01  4.3560e-01 -6.1101e+01 -4.1991e-01
-1.1828e+01     2.2819e+01  9.3865e-02 -1.8754e+01 -7.1746e-02  6.1344e+01  4.3866e-01 -6.1896e+01 -4.2286e-01
-1.1790e+01     1.6760e+01  7.0619e-02 -1.6419e+01 -7.1028e-02  6.2101e+01  4.4180e-01 -6.2569e+01 -4.2559e-01
-1.1752e+01     3.3940e+01  1.3465e-01 -4.8706e+01 -1.8608e-01  6.3071e+01  4.4573e-01 -6.3815e+01 -4.3051e-01
-1.1713e+01     2.2652e+01  1.1711e-01 -3.0033e+01 -1.2262e-01  6.4154e+01  4.5055e-01 -6.5321e+01 -4.3642e-01
-1.1675e+01     2.3826e+01  1.0592e-01 -2.4278e+01 -8.7437e-02  6.5043e+01  4.5482e-01 -6.6361e+01 -4.4044e-01
-1.1637e+01     1.9077e+01  9.7844e-02 -1.8164e+01 -1.1059e-01  6.5864e+01  4.5872e-01 -6.7173e+01 -4.4423e-01
-1.1598e+01     2.6920e+01  1.4885e-01 -2.2146e+01 -1.3792e-01  6.6744e+01  4.6344e-01 -6.7944e+01 -4.4898e-01
-1.1560e+01     2.8423e+01  1.0155e-01 -2.8194e+01 -1.3283e-01  6.7803e+01  4.6823e-01 -6.8907e+01 -4.5417e-01
-1.1522e+01     2.3556e+01  1.2689e-01 -2.5628e+01 -1.4844e-01  6.8798e+01  4.7260e-01 -6.9937e+01 -4.5955e-01
-1.1483e+01     2.8157e+01  1.4715e-01 -2.5077e+01 -1.4647e-01  6.9787e+01  4.7784e-01 -7.0908e+01 -4.6519e-01
-1.1445e+01     1.4551e+01  8.7083e-02 -1.4785e+01 -7.3847e-02  7.0605e+01  4.8232e-01 -7.1670e+01 -4.6941e-01
-1.1407e+01     2.7339e+01  1.1944e-01 -3.1587e+01 -1.6763e-01  7.1406e+01  4.8628e-01 -7.2558e+01 -4.7403e-01
-1.1368e+01     2.4182e+01  8.7269e-02 -2.8600e+01 -1.7974e-01  7.2392e+01  4.9023e-01 -7.3709e+01 -4.8067e-01
-1.1330e+01     2.3634e+01  6.6730e-02 -2.2306e+01 -1.0198e-01  7.3307e+01  4.9318e-01 -7.4683e+01 -4.8606e-01
-1.1292e+01     1.9325e+01  6.9511e-02 -2.6230e+01 -9.3043e-02  7.4129e+01  4.9578e-01 -7.5612e+01 -4.8980e-01
-1.1253e+01     1.3012e+01  5.5878e-02 -1.5330e+01 -6.6316e-02  7.4748e+01  4.9818e-01 -7.6407e+01 -4.9285e-01
-1.1215e+01     2.5525e+01  8.0167e-02 -2.2165e+01 -7.5698e-02  7.5485e+01  5.0079e-01 -7.7125e+01 -4.9556e-01
-1.1177e+01     1.3787e+01  6.7999e-02 -1.1812e+01 -4.7186e-02  7.6237e+01  5.0362e-01 -7.7775e+01 -4.9791e-01
-1.1138e+01     3.7716e+01  1.1605e-01 -3.4510e+01 -1.1482e-01  7.7223e+01  5.0714e-01 -7.8661e+01 -5.0101e-01
-1.1100e+01     1.7156e+01  4.7926e-02 -2.1176e+01 -4.9995e-02  7.8273e+01  5.1028e-01 -7.9727e+01 -5.0417e-01
-1.1062e+01     3.4750e+00  1.2816e-02 -8.2665e+00 -2.5400e-02  7.8668e+01  5.1144e-01 -8.0290e+01 -5.0561e-01
-1.1023e+01     1.6292e+01  2.7153e-02 -1.8459e+01 -7.0572e-02  7.9046e+01  5.1221e-01 -8.0802e+01 -5.0745e-01
-1.0985e+01     2.1955e+01  8.0700e-02 -1.8914e+01 -1.0152e-01  7.9778e+01  5.1427e-01 -8.1517e+01 -5.1074e-01
-1.0947e+01     1.6177e+01  1.5906e-01 -1.3967e+01 -9.3264e-02  8.0507e+01  5.1886e-01 -8.2146e+01 -5.1447e-01
-1.0908e+01     1.7797e+01  7.7583e-02 -1.7265e+01 -9.0077e-02  8.1157e+01  5.2339e-01 -8.2744e+01 -5.1797e-01
-1.0870e+01     3.8438e+01  1.9133e-01 -1.1403e+01 -6.2020e-02  8.2233e+01  5.2853e-01 -8.3292e+01 -5.2089e-01
-1.0832e+01     1.1242e+01  7.8471e-02 -1.3535e+01 -1.1675e-01  8.3184e+01  5.3370e-01 -8.3769e+01 -5.2431e-01
-1.0793e+01     8.7321e+00  1.5434e-01 -1.0781e+01 -1.3737e-01  8.3566e+01  5.3815e-01 -8.4235e+01 -5.2917e-01
-1.0755e+01     8.7854e+00  8.1933e-02 -6.9229e+00 -6.2500e-02  8.3901e+01  5.4267e-01 -8.4573e+01 -5.3299e-01
-1.0717e+01     2.6893e+00  5.6889e-02 -2.7356e+00 -2.4892e-02  8.4121e+01  5.4533e-01 -8.4758e+01 -5.3467e-01
-1.0678e+01     2.7301e+00  5.8533e-02 -2.7340e+00 -2.4446e-02  8.4225e+01  5.4754e-01 -8.4863e+01 -5.3561e-01
-1.0640e+01     4.8681e+00  7.5085e-02 -5.6575e+00 -4.2632e-02  8.4370e+01  5.5009e-01 -8.5023e+01 -5.3689e-01
-1.0602e+01     1.7167e+01  1.6202e-01 -3.1697e+01 -3.8806e-01  8.4792e+01  5.5463e-01 -8.5738e+01 -5.4513e-01
-1.0563e+01     5.2381e+00  2.9009e-02 -4.7063e+00 -2.3014e-02  8.5220e+01  5.5829e-01 -8.6435e+01 -5.5300e-01
-1.0525e+01     1.8688e+01  1.4016e-01 -2.1403e+01 -9.0002e-02  8.5678e+01  5.6152e-01 -8.6934e+01 -5.5516e-01
-1.0487e+01     2.0380e+01  1.0005e-01 -1.5575e+01 -9.9507e-02  8.6426e+01  5.6612e-01 -8.7642e+01 -5.5879e-01
-1.0448e+01     8.0351e+00  5.6557e-02 -9.2255e+00 -4.7351e-02  8.6970e+01  5.6912e-01 -8.8116e+01 -5.6160e-01
-1.0410e+01     1.8534e+01  6.2123e-02 -1.0402e+01 -4.1805e-02  8.7478e+01  5.7139e-01 -8.8492e+01 -5.6330e-01
-1.0372e+01     9.1749e+00  4.7734e-02 -1.4881e+01 -5.9239e-02  8.8008e+01  5.7349e-01 -8.8976e+01 -5.6524e-01
-1.0333e+01     1.2266e+01  6.4751e-02 -1.1851e+01 -5.6927e-02  8.8418e+01  5.7564e-01 -8.9487e+01 -5.6746e-01
-1.0295e+01     9.9184e+00  5.0075e-02 -9.7077e+00 -4.9088e-02  8.8843e+01  5.7784e-01 -8.9900e+01 -5.6949e-01
-1.0257e+01     1.5368e+01  5.4789e-02 -2.3577e+01 -1.0528e-01  8.9327e+01  5.7984e-01 -9.0537e+01 -5.7244e-01
-1.0218e+01     1.3039e+01  6.3048e-02 -3.0918e+01 -1.2761e-01  8.9870e+01  5.8210e-01 -9.1579e+01 -5.7690e-01
-1.0180e+01     1.8506e+01  1.1933e-01 -4.8085e+01 -3.0122e-01  9.0474e+01  5.8559e-01 -9.3091e+01 -5.8510e-01
-1.0142e+01     2.1989e+01  1.3939e-01 -2.4093e+01 -1.3886e-01  9.1249e+01  5.9054e-01 -9.4472e+01 -5.9353e-01
-1.0103e+01     2.7493e+01  1.4739e-01 -2.9513e+01 -1.9341e-01  9.2196e+01  5.9603e-01 -9.5498e+01 -5.9988e-01
-1.0065e+01     3.6621e+01  2.1042e-01 -2.2583e+01 -1.4793e-01  9.3422e+01  6.0287e-01 -9.6495e+01 -6.0641e-01
-1.0027e+01     3.2527e+01  2.7364e-01 -4.1393e+01 -3.3585e-01  9.4746e+01  6.1214e-01 -9.7719e+01 -6.1567e-01
-9.9883e+00     3.1023e+01  2.2001e-01 -3.3815e+01 -3.1523e-01  9.5962e+01  6.2158e-01 -9.9158e+01 -6.2813e-01
-9.9500e+00     2.5714e+01  2.1468e-01 -2.8348e+01 -2.2484e-01  9.7047e+01  6.2990e-01 -1.0035e+02 -6.3846e-01
-9.9117e+00     2.7120e+01  2.0212e-01 -2.8215e+01 -2.3015e-01  9.8058e+01  6.3788e-01 -1.0143e+02 -6.4717e-01
-9.8733e+00     2.8209e+01  1.9370e-01 -2.6312e+01 -1.9755e-01  9.9117e+01  6.4545e-01 -1.0247e+02 -6.5535e-01
-9.8350e+00     2.4860e+01  1.8467e-01 -2.3969e+01 -1.7888e-01  1.0013e+02  6.5269e-01 -1.0344e+02 -6.6256e-01
-9.7967e+00     2.8821e+01  2.3077e-01 -3.0473e+01 -2.1857e-01  1.0116e+02  6.6064e-01 -1.0448e+02 -6.7016e-01
-9.7583e+00     3.0114e+01  2.7606e-01 -3.4885e+01 -2.6055e-01  1.0229e+02  6.7034e-01 -1.0573e+02 -6.7933e-01
-9.7200e+00     3.9902e+01  3.2588e-01 -3.5190e+01 -2.9869e-01  1.0363e+02  6.8185e-01 -1.0707e+02 -6.9003e-01
-9.6817e+00     4.1042e+01  2.9654e-01 -3.8515e+01 -3.4668e-01  1.0518e+02  6.9376e-01 -1.0848e+02 -7.0238e-01
-9.6433e+00     3.3336e+01  2.1791e-01 -4.0037e+01 -2.4355e-01  1.0660e+02  7.0361e-01 -1.0998e+02 -7.1367e-01
-9.6050e+00     4.0721e+01  2.8200e-01 -3.5801e+01 -2.2989e-01  1.0802e+02  7.1317e-01 -1.1143e+02 -7.2273e-01
-9.5667e+00     2.8575e+01  1.6150e-01 -2.6822e+01 -1.9758e-01  1.0934e+02  7.2166e-01 -1.1263e+02 -7.3091e-01
-9.5283e+00     2.6689e+01  1.6709e-01 -3.8632e+01 -3.1728e-01  1.1040e+02  7.2795e-01 -1.1388e+02 -7.4076e-01
-9.4900e+00     2.0942e+01  1.2339e-01 -4.0973e+01 -2.4448e-01  1.1131e+02  7.3351e-01 -1.1541e+02 -7.5151e-01
-9.4517e+00     1.5176e+01  8.5369e-02 -1.8515e+01 -9.5994e-02  1.1200e+02  7.3750e-01 -1.1655e+02 -7.5803e-01
-9.4133e+00     1.1820e+01  6.7876e-02 -1.0248e+01 -7.8382e-02  1.1252e+02  7.4043e-01 -1.1710e+02 -7.6136e-01
-9.3750e+00     1.2152e+01  5.0169e-02 -1.2347e+01 -6.8210e-02  1.1298e+02  7.4269e-01 -1.1753e+02 -7.6417e-01
-9.3367e+00     1.4322e+01  7.1852e-02 -1.2255e+01 -6.2516e-02  1.1348e+02  7.4503e-01 -1.1800e+02 -7.6667e-01
-9.2983e+00     2.0109e+01  8.2628e-02 -2.7382e+01 -1.0046e-01  1.1414e+02  7.4798e-01 -1.1876e+02 -7.6979e-01
-9.2600e+00     4.8162e+01  2.5675e-01 -4.5642e+01 -3.1946e-01  1.1545e+02  7.5448e-01 -1.2015e+02 -7.7782e-01
-9.2217e+00     3.7150e+01  1.7642e-01 -4.2821e+01 -1.5046e-01  1.1708e+02  7.6277e-01 -1.2185e+02 -7.8682e-01
-9.1833e+00     3.6015e+01  1.0151e-01 -3.6973e+01 -1.0678e-01  1.1848e+02  7.6808e-01 -1.2337e+02 -7.9174e-01
-9.1450e+00     3.5321e+01  1.1634e-01 -3.6314e+01 -9.4034e-02  1.1985e+02  7.7225e-01 -1.2478e+02 -7.9558e-01
-9.1067e+00     2.7250e+01  8.3645e-02 -3.0632e+01 -1.1318e-01  1.2104e+02  7.7608e-01 -1.2606e+02 -7.9955e-01
-9.0683e+00     3.6246e+01  1.0228e-01 -1.9577e+01 -5.6445e-02  1.2226e+02  7.7964e-01 -1.2702e+02 -8.0279e-01
-9.0300e+00     2.7141e+01  7.5158e-02 -3.3164e+01 -1.1872e-01  1.2347e+02  7.8303e-01 -1.2803e+02 -8.0614e-01
-8.9917e+00     4.2351e+01  1.1175e-01 -3.5465e+01 -9.9070e-02  1.2480e+02  7.8661e-01 -1.2934e+02 -8.1031e-01
-8.9533e+00     4.0751e+01  1.5019e-01 -2.2954e+01 -9.0217e-02  1.2639e+02  7.9162e-01 -1.3046e+02 -8.1393e-01
-8.9150e+00     5.0274e+01  1.7756e-01 -4.2691e+01 -1.1957e-01  1.2813e+02  7.9789e-01 -1.3171e+02 -8.1795e-01
-8.8767e+00     3.6590e+01  1.4122e-01 -1.9738e+01 -7.6404e-02  1.2980e+02  8.0399e-01 -1.3291e+02 -8.2170e-01
-8.8383e+00     3.1766e+01  1.3481e-01 -3.4403e+01 -1.4672e-01  1.3110e+02  8.0927e-01 -1.3395e+02 -8.2597e-01
-8.8000e+00     3.4775e+01  1.2335e-01 -4.7296e+01 -1.9951e-01  1.3238e+02  8.1421e-01 -1.3551e+02 -8.3259e-01
-8.7617e+00     3.1797e+01  1.1536e-01 -3.0767e+01 -1.2470e-01  1.3365e+02  8.1878e-01 -1.3700e+02 -8.3880e-01
-8.7233e+00     4.2130e+01  1.7085e-01 -4.3520e+01 -1.6582e-01  1.3506e+02  8.2426e-01 -1.3842e+02 -8.4435e-01
-8.6850e+00     2.8595e+01  1.2966e-01 -2.6724e+01 -1.0297e-01  1.3642e+02  8.3001e-01 -1.3977e+02 -8.4950e-01
-8.6467e+00     2.4722e+01  8.1229e-02 -2.1074e+01 -6.9165e-02  1.3744e+02  8.3404e-01 -1.4068e+02 -8.5279e-01
-8.6083e+00     1.6095e+01  4.6005e-02 -2.0440e+01 -6.7958e-02  1.3822e+02  8.3648e-01 -1.4148e+02 -8.5542e-01
-8.5700e+00     4.1594e+01  1.2594e-01 -2.6638e+01 -7.1495e-02  1.3932e+02  8.3977e-01 -1.4238e+02 -8.5808e-01
-8.5317e+00     3.9523e+01  9.4222e-02 -4.0221e+01 -9.8506e-02  1.4088e+02  8.4398e-01 -1.4366e+02 -8.6134e-01
-8.4933e+00     3.8756e+01  6.8548e-02 -3.5706e+01 -7.3741e-02  1.4237e+02  8.4709e-01 -1.4511e+02 -8.6463e-01
-8.4550e+00     3.1955e+01  6.6286e-02 -4.0355e+01 -8.7621e-02  1.4373e+02  8.4967e-01 -1.4657e+02 -8.6772e-01
-8.4167e+00     4.3350e+01  1.1107e-01 -4.4449e+01 -9.7677e-02  1.4517e+02  8.5307e-01 -1.4819e+02 -8.7127e-01
-8.3783e+00     9.0512e+00  1.7053e-02 -1.6419e+01 -3.7538e-02  1.4617e+02  8.5552e-01 -1.4935e+02 -8.7385e-01
-8.3400e+00     6.7226e+01  1.3475e-01 -4.9985e+01 -1.0120e-01  1.4763e+02  8.5842e-01 -1.5062e+02 -8.7651e-01
-8.3017e+00     3.2690e+01  7.7678e-02 -4.1382e+01 -9.1364e-02  1.4954e+02  8.6249e-01 -1.5237e+02 -8.8019e-01
-8.2633e+00     3.2301e+01  9.4156e-02 -2.8359e+01 -6.4513e-02  1.5079e+02  8.6578e-01 -1.5371e+02 -8.8318e-01
-8.2250e+00     2.6355e+01  6.4105e-02 -3.8439e+01 -8.7713e-02  1.5191e+02  8.6881e-01 -1.5498e+02 -8.8609e-01
-8.1867e+00     5.2985e+01  1.1592e-01 -3.3857e+01 -9.9681e-02  1.5343e+02  8.7225e-01 -1.5637e+02 -8.8967e-01
-8.1483e+00     3.9466e+01  8.2076e-02 -4.8472e+01 -1.0537e-01  1.5519e+02  8.7604e-01 -1.5794e+02 -8.9360e-01
-8.1100e+00     3.5197e+01  7.4247e-02 -2.9752e+01 -6.4123e-02  1.5662e+02  8.7903e-01 -1.5944e+02 -8.9684e-01
-8.0717e+00     4.6723e+01  1.1209e-01 -2.3525e+01 -6.3354e-02  1.5819e+02  8.8260e-01 -1.6046e+02 -8.9928e-01
-8.0333e+00     3.4497e+01  8.7033e-02 -5.9827e+01 -1.5961e-01  1.5974e+02  8.8641e-01 -1.6205e+02 -9.0355e-01
-7.9950e+00     2.9952e+01  8.3551e-02 -2.0989e+01 -5.5510e-02  1.6098e+02  8.8967e-01 -1.6360e+02 -9.0766e-01
-7.9567e+00     3.6361e+01  8.5860e-02 -4.6003e+01 -7.9904e-02  1.6225e+02  8.9291e-01 -1.6488e+02 -9.1025e-01
-7.9183e+00     1.3837e+01  3.9245e-02 -2.3588e+01 -6.2804e-02  1.6321e+02  8.9531e-01 -1.6621e+02 -9.1298e-01
-7.8800e+00     4.4379e+01  1.0847e-01 -3.6409e+01 -1.2118e-01  1.6432e+02  8.9813e-01 -1.6736e+02 -9.1650e-01
-7.8417e+00     4.2634e+01  1.2485e-01 -4.2026e+01 -1.2729e-01  1.6599e+02  9.0260e-01 -1.6886e+02 -9.2126e-01
-7.8033e+00     3.9837e+01  7.2917e-02 -3.9528e+01 -7.1466e-02  1.6756e+02  9.0638e-01 -1.7042e+02 -9.2506e-01
-7.7650e+00     4.1701e+01  9.9855e-02 -4.3346e+01 -7.9004e-02  1.6912e+02  9.0969e-01 -1.7201e+02 -9.2794e-01
-7.7267e+00     3.9464e+01  7.5085e-02 -5.2114e+01 -9.2934e-02  1.7068e+02  9.1303e-01 -1.7384e+02 -9.3123e-01
-7.6883e+00     3.5819e+01  8.4838e-02 -3.9920e+01 -8.8887e-02  1.7212e+02  9.1609e-01 -1.7560e+02 -9.3471e-01
-7.6500e+00     1.7263e+01  3.9214e-02 -2.0766e+01 -4.9675e-02  1.7313e+02  9.1847e-01 -1.7676e+02 -9.3736e-01
-7.6117e+00     6.4414e+01  1.0933e-01 -5.8816e+01 -1.0874e-01  1.7470e+02  9.2131e-01 -1.7828e+02 -9.4039e-01
-7.5733e+00     2.9230e+01  9.8697e-02 -2.8532e+01 -9.4936e-02  1.7649e+02  9.2529e-01 -1.7995e+02 -9.4429e-01
-7.5350e+00     3.1606e+01  8.1279e-02 -3.6405e+01 -9.8235e-02  1.7765e+02  9.2873e-01 -1.8119e+02 -9.4799e-01
-7.4967e+00     6.9573e+01  1.9518e-01 -5.0845e+01 -1.5515e-01  1.7959e+02  9.3402e-01 -1.8286e+02 -9.5284e-01
-7.4583e+00     4.7722e+01  1.3034e-01 -3.8979e+01 -9.0906e-02  1.8183e+02  9.4025e-01 -1.8458e+02 -9.5754e-01
-7.4200e+00     2.3122e+01  5.3273e-02 -2.5449e+01 -5.3538e-02  1.8319e+02  9.4377e-01 -1.8582e+02 -9.6031e-01
-7.3817e+00     4.1150e+01  1.0626e-01 -3.1565e+01 -8.1365e-02  1.8442e+02  9.4682e-01 -1.8691e+02 -9.6289e-01
-7.3433e+00     4.4849e+01  6.7219e-02 -4.3824e+01 -8.5988e-02  1.8606e+02  9.5014e-01 -1.8835e+02 -9.6609e-01
-7.3050e+00     5.3369e+01  1.2244e-01 -4.8724e+01 -6.9538e-02  1.8794e+02  9.5377e-01 -1.9012e+02 -9.6907e-01
-7.2667e+00     4.2325e+01  8.0492e-02 -4.3663e+01 -9.9930e-02  1.8977e+02  9.5765e-01 -1.9189e+02 -9.7231e-01
-7.2283e+00     4.3218e+01  9.4258e-02 -4.8078e+01 -1.3057e-01  1.9141e+02  9.6099e-01 -1.9364e+02 -9.7672e-01
-7.1900e+00     5.4150e+01  1.4471e-01 -4.4147e+01 -1.3450e-01  1.9327e+02  9.6557e-01 -1.9541e+02 -9.8179e-01
-7.1517e+00     3.3494e+01  9.0615e-02 -2.7229e+01 -7.7409e-02  1.9495e+02  9.7007e-01 -1.9677e+02 -9.8585e-01
-7.1133e+00     2.5895e+01  7.8108e-02 -4.2637e+01 -1.1313e-01  1.9609e+02  9.7330e-01 -1.9811e+02 -9.8949e-01
-7.0750e+00     5.9300e+01  1.4587e-01 -6.1871e+01 -1.4308e-01  1.9772e+02  9.7758e-01 -2.0011e+02 -9.9440e-01
-7.0367e+00     4.2342e+01  1.6306e-01 -4.4491e+01 -1.4572e-01  1.9966e+02  9.8350e-01 -2.0215e+02 -9.9992e-01
-6.9983e+00     4.6776e+01  2.8573e-01 -4.4538e+01 -2.8756e-01  2.0137e+02  9.9208e-01 -2.0385e+02 -1.0082e+00
-6.9600e+00     2.2503e+01  1.9072e-01 -2.1263e+01 -1.6875e-01  2.0269e+02  1.0012e+00 -2.0511e+02 -1.0169e+00
-6.9217e+00     6.4184e+01  4.3838e-01 -4.9742e+01 -3.8421e-01  2.0435e+02  1.0132e+00 -2.0647e+02 -1.0275e+00
-6.8833e+00     3.6551e+01  3.3680e-01 -3.5091e+01 -2.7518e-01  2.0628e+02  1.0281e+00 -2.0809e+02 -1.0401e+00
-6.8450e+00     3.6652e+01  3.5992e-01 -3.8040e+01 -3.7432e-01  2.0768e+02  1.0414e+00 -2.0949e+02 -1.0526e+00
-6.8067e+00     4.4629e+01  3.5604e-01 -4.2420e+01 -3.9003e-01  2.0924e+02  1.0551e+00 -2.1103e+02 -1.0672e+00
-6.7683e+00     5.1742e+01  4.6268e-01 -4.6950e+01 -3.4870e-01  2.1108e+02  1.0708e+00 -2.1274e+02 -1.0813e+00
-6.7300e+00     6.2267e+01  5.5098e-01 -7.1764e+01 -6.1829e-01  2.1326e+02  1.0902e+00 -2.1501e+02 -1.0998e+00
-6.6917e+00     4.3090e+01  3.3943e-01 -4.5101e+01 -3.7303e-01  2.1528e+02  1.1072e+00 -2.1725e+02 -1.1188e+00
-6.6533e+00     5.7715e+01  3.4762e-01 -6.1955e+01 -4.0752e-01  2.1721e+02  1.1203e+00 -2.1930e+02 -1.1337e+00
-6.6150e+00     3.4711e+01  3.0309e-01 -3.7759e+01 -2.8963e-01  2.1898e+02  1.1328e+00 -2.2120e+02 -1.1471e+00
-6.5767e+00     5.4693e+01  4.4690e-01 -5.3182e+01 -3.9250e-01  2.2069e+02  1.1472e+00 -2.2294e+02 -1.1601e+00
-6.5383e+00     4.3733e+01  3.4410e-01 -3.5350e+01 -2.5840e-01  2.2257e+02  1.1623e+00 -2.2464e+02 -1.1726e+00
-6.5000e+00     3.3452e+01  2.6287e-01 -4.7676e+01 -3.9135e-01  2.2405e+02  1.1739e+00 -2.2623e+02 -1.1850e+00
-6.4617e+00     3.5481e+01  3.9036e-01 -3.3752e+01 -3.5695e-01  2.2537e+02  1.1864e+00 -2.2778e+02 -1.1993e+00
-6.4233e+00     2.5068e+01  3.0621e-01 -2.8087e+01 -3.2632e-01  2.2652e+02  1.1997e+00 -2.2897e+02 -1.2124e+00
-6.3850e+00     2.8020e+01  3.9305e-01 -2.8667e+01 -3.7334e-01  2.2754e+02  1.2131e+00 -2.3005e+02 -1.2258e+00
-6.3467e+00     2.9454e+01  3.6894e-01 -2.7748e+01 -3.8429e-01  2.2864e+02  1.2277e+00 -2.3113e+02 -1.2403e+00
-6.3083e+00     1.9451e+01  3.0642e-01 -2.1424e+01 -3.2203e-01  2.2958e+02  1.2406e+00 -2.3207e+02 -1.2538e+00
-6.2700e+00     1.7914e+01  3.1723e-01 -1.7321e+01 -2.9454e-01  2.3029e+02  1.2525e+00 -2.3282e+02 -1.2656e+00
-6.2317e+00     2.0568e+01  3.3263e-01 -1.9904e+01 -3.2116e-01  2.3103e+02  1.2650e+00 -2.3353e+02 -1.2774e+00
-6.1933e+00     2.1680e+01  3.3306e-01 -2.0995e+01 -3.3955e-01  2.3184e+02  1.2777e+00 -2.3431e+02 -1.2900e+00
-6.1550e+00     2.3477e+01  3.1414e-01 -2.2877e+01 -3.3667e-01  2.3270e+02  1.2901e+00 -2.3515e+02 -1.3030e+00
-6.1167e+00     2.9990e+01  2.9384e-01 -3.2857e+01 -4.0408e-01  2.3372e+02  1.3017e+00 -2.3622e+02 -1.3171e+00
-6.0783e+00     2.2983e+01  3.0286e-01 -2.3397e+01 -3.0546e-01  2.3474e+02  1.3132e+00 -2.3729e+02 -1.3307e+00
-6.0400e+00     1.9412e+01  3.0822e-01 -1.9306e+01 -3.1944e-01  2.3555e+02  1.3248e+00 -2.3811e+02 -1.3427e+00
-6.0017e+00     1.9410e+01  2.8733e-01 -1.9619e+01 -3.0094e-01  2.3629e+02  1.3362e+00 -2.3885e+02 -1.3546e+00
-5.9633e+00     1.9522e+01  2.4606e-01 -1.8629e+01 -2.7631e-01  2.3703e+02  1.3464e+00 -2.3959e+02 -1.3656e+00
-5.9250e+00     2.2464e+01  2.8099e-01 -2.2966e+01 -3.2294e-01  2.3784e+02  1.3565e+00 -2.4038e+02 -1.3771e+00
-5.8867e+00     2.7925e+01  3.3771e-01 -2.6457e+01 -3.3042e-01  2.3880e+02  1.3684e+00 -2.4133e+02 -1.3896e+00
-5.8483e+00     2.4837e+01  2.6390e-01 -2.7682e+01 -2.8572e-01  2.3981e+02  1.3799e+00 -2.4236e+02 -1.4014e+00
-5.8100e+00     2.5242e+01  2.5435e-01 -2.3212e+01 -2.3785e-01  2.4077e+02  1.3898e+00 -2.4334e+02 -1.4114e+00
-5.7717e+00     3.7043e+01  3.5312e-01 -4.0535e+01 -3.6365e-01  2.4196e+02  1.4014e+00 -2.4456e+02 -1.4229e+00
-5.7333e+00     4.3953e+01  4.2612e-01 -4.1733e+01 -4.7464e-01  2.4351e+02  1.4163e+00 -2.4613e+02 -1.4389e+00
-5.6950e+00     2.6453e+01  2.7929e-01 -2.6034e+01 -2.9856e-01  2.4486e+02  1.4298e+00 -2.4743e+02 -1.4537e+00
-5.6567e+00     2.3719e+01  2.3267e-01 -2.0352e+01 -2.1539e-01  2.4582e+02  1.4396e+00 -2.4832e+02 -1.4636e+00
-5.6183e+00     2.9138e+01  2.9368e-01 -1.4612e+01 -1.6792e-01  2.4683e+02  1.4497e+00 -2.4898e+02 -1.4709e+00
-5.5800e+00     3.1705e+01  3.8778e-01 -3.2753e+01 -3.8805e-01  2.4799e+02  1.4627e+00 -2.4989e+02 -1.4815e+00
-5.5417e+00     2.4063e+01  2.9164e-01 -2.1466e+01 -2.4822e-01  2.4906e+02  1.4757e+00 -2.5093e+02 -1.4937e+00
-5.5033e+00     2.6050e+01  2.6892e-01 -3.1283e+01 -3.1152e-01  2.5002e+02  1.4865e+00 -2.5194e+02 -1.5044e+00
-5.4650e+00     5.9052e+01  5.1019e-01 -4.0731e+01 -3.8630e-01  2.5165e+02  1.5014e+00 -2.5332e+02 -1.5178e+00
-5.4267e+00     3.8565e+01  4.6731e-01 -4.2057e+01 -4.2953e-01  2.5352e+02  1.5201e+00 -2.5490e+02 -1.5334e+00
-5.3883e+00     3.1364e+01  4.2051e-01 -3.3446e+01 -4.5674e-01  2.5486e+02  1.5371e+00 -2.5634e+02 -1.5503e+00
-5.3500e+00     1.8539e+01  1.4983e-01 -2.8929e+01 -3.0118e-01  2.5581e+02  1.5480e+00 -2.5754e+02 -1.5648e+00
-5.3117e+00     2.9500e+01  2.6795e-01 -2.4412e+01 -2.4059e-01  2.5673e+02  1.5560e+00 -2.5856e+02 -1.5752e+00
-5.2733e+00     2.8600e+01  3.1315e-01 -2.6667e+01 -2.2971e-01  2.5784e+02  1.5671e+00 -2.5954e+02 -1.5842e+00
-5.2350e+00     2.4651e+01  2.7889e-01 -2.3282e+01 -2.3754e-01  2.5886e+02  1.5784e+00 -2.6049e+02 -1.5931e+00
-5.1967e+00     2.9863e+01  3.7587e-01 -2.4596e+01 -2.8940e-01  2.5990e+02  1.5910e+00 -2.6141e+02 -1.6032e+00
-5.1583e+00     1.6866e+01  2.4339e-01 -2.1147e+01 -2.9708e-01  2.6080e+02  1.6028e+00 -2.6228e+02 -1.6144e+00
-5.1200e+00     2.1881e+01  2.6625e-01 -2.1538e+01 -3.2170e-01  2.6154e+02  1.6126e+00 -2.6310e+02 -1.6263e+00
-5.0817e+00     1.5079e+01  2.3831e-01 -1.6950e+01 -2.4689e-01  2.6225e+02  1.6222e+00 -2.6384e+02 -1.6372e+00
-5.0433e+00     1.8759e+01  2.8745e-01 -1.6524e+01 -2.5607e-01  2.6289e+02  1.6323e+00 -2.6448e+02 -1.6468e+00
-5.0050e+00     1.8312e+01  2.9349e-01 -2.7854e+01 -4.8232e-01  2.6360e+02  1.6434e+00 -2.6533e+02 -1.6609e+00
-4.9667e+00     2.1563e+01  2.9690e-01 -2.0504e+01 -2.5295e-01  2.6437e+02  1.6547e+00 -2.6625e+02 -1.6750e+00
-4.9283e+00     2.8316e+01  3.7884e-01 -2.6332e+01 -3.5396e-01  2.6532e+02  1.6676e+00 -2.6715e+02 -1.6866e+00
-4.8900e+00     1.9899e+01  2.8412e-01 -2.0010e+01 -2.8827e-01  2.6624e+02  1.6803e+00 -2.6803e+02 -1.6989e+00
-4.8517e+00     2.1420e+01  3.0035e-01 -1.7736e+01 -3.0334e-01  2.6703e+02  1.6915e+00 -2.6876e+02 -1.7102e+00
-4.8133e+00     1.1757e+01  1.7844e-01 -1.2609e+01 -2.0071e-01  2.6767e+02  1.7006e+00 -2.6934e+02 -1.7199e+00
-4.7750e+00     2.5877e+01  3.6719e-01 -2.8462e+01 -4.4434e-01  2.6839e+02  1.7111e+00 -2.7012e+02 -1.7322e+00
-4.7367e+00     3.3983e+01  4.4932e-01 -2.7441e+01 -4.0044e-01  2.6953e+02  1.7267e+00 -2.7119e+02 -1.7484e+00
-4.6983e+00     2.2574e+01  2.8528e-01 -2.4720e+01 -3.8738e-01  2.7062e+02  1.7408e+00 -2.7219e+02 -1.7634e+00
-4.6600e+00     1.2946e+01  1.9057e-01 -1.2029e+01 -1.7614e-01  2.7130e+02  1.7499e+00 -2.7289e+02 -1.7742e+00
-4.6217e+00     1.2448e+01  2.0075e-01 -1.7396e+01 -2.6891e-01  2.7178e+02  1.7574e+00 -2.7346e+02 -1.7827e+00
-4.5833e+00     2.6346e+01  4.7371e-01 -2.8673e+01 -6.1133e-01  2.7252e+02  1.7703e+00 -2.7434e+02 -1.7996e+00
-4.5450e+00     2.9548e+01  5.4597e-01 -2.8024e+01 -6.5127e-01  2.7359e+02  1.7898e+00 -2.7542e+02 -1.8237e+00
-4.5067e+00     1.3615e+01  2.9763e-01 -1.5705e+01 -2.9538e-01  2.7442e+02  1.8059e+00 -2.7626e+02 -1.8419e+00
-4.4683e+00     2.0177e+01  3.3621e-01 -1.8576e+01 -3.4302e-01  2.7507e+02  1.8180e+00 -2.7692e+02 -1.8541e+00
-4.4300e+00     1.7852e+01  2.1796e-01 -1.6192e+01 -2.4058e-01  2.7579e+02  1.8286e+00 -2.7758e+02 -1.8652e+00
-4.3917e+00     1.1445e+01  1.2573e-01 -1.4168e+01 -2.0758e-01  2.7635e+02  1.8352e+00 -2.7816e+02 -1.8738e+00
-4.3533e+00     1.5089e+01  1.7654e-01 -1.5502e+01 -2.3386e-01  2.7686e+02  1.8410e+00 -2.7873e+02 -1.8823e+00
-4.3150e+00     1.2511e+01  1.7523e-01 -1.3095e+01 -2.2132e-01  2.7739e+02  1.8477e+00 -2.7928e+02 -1.8910e+00
-4.2767e+00     1.8163e+01  2.7147e-01 -1.3947e+01 -2.3317e-01  2.7798e+02  1.8563e+00 -2.7980e+02 -1.8997e+00
-4.2383e+00     1.5420e+01  2.6225e-01 -1.3994e+01 -2.3010e-01  2.7862e+02  1.8665e+00 -2.8033e+02 -1.9085e+00
-4.2000e+00     1.8758e+01  2.4808e-01 -1.9186e+01 -2.8071e-01  2.7927e+02  1.8763e+00 -2.8096e+02 -1.9183e+00
-4.1617e+00     1.1961e+01  1.5411e-01 -1.2956e+01 -1.9644e-01  2.7986e+02  1.8840e+00 -2.8158e+02 -1.9274e+00
-4.1233e+00     1.3738e+01  1.6404e-01 -9.5638e+00 -1.2458e-01  2.8035e+02  1.8900e+00 -2.8201e+02 -1.9336e+00
-4.0850e+00     1.5520e+01  1.6076e-01 -1.2256e+01 -1.4399e-01  2.8091e+02  1.8963e+00 -2.8243e+02 -1.9387e+00
-4.0467e+00     1.3144e+01  1.3860e-01 -1.6997e+01 -2.1727e-01  2.8146e+02  1.9020e+00 -2.8299e+02 -1.9456e+00
-4.0083e+00     2.2077e+01  2.4674e-01 -1.4557e+01 -1.3376e-01  2.8214e+02  1.9094e+00 -2.8359e+02 -1.9523e+00
-3.9700e+00     2.3151e+01  1.8166e-01 -2.3451e+01 -1.9509e-01  2.8300e+02  1.9176e+00 -2.8432e+02 -1.9586e+00
-3.9317e+00     1.5481e+01  1.0874e-01 -1.4546e+01 -1.0621e-01  2.8374e+02  1.9231e+00 -2.8505e+02 -1.9644e+00
-3.8933e+00     8.5593e+00  6.9088e-02 -2.1514e+01 -1.6974e-01  2.8420e+02  1.9265e+00 -2.8574e+02 -1.9697e+00
-3.8550e+00     1.0498e+01  8.0393e-02 -1.1655e+01 -1.0542e-01  2.8456e+02  1.9294e+00 -2.8637e+02 -1.9749e+00
-3.8167e+00     2.0613e+01  1.8163e-01 -2.9365e+01 -2.9698e-01  2.8516e+02  1.9344e+00 -2.8716e+02 -1.9826e+00
-3.7783e+00     1.7660e+01  1.3701e-01 -1.6944e+01 -1.4160e-01  2.8589e+02  1.9405e+00 -2.8804e+02 -1.9910e+00
-3.7400e+00     1.7397e+01  1.4917e-01 -5.9541e+00 -6.1947e-02  2.8656e+02  1.9460e+00 -2.8848e+02 -1.9949e+00
-3.7017e+00     7.2476e+00  7.3902e-02 -1.7724e+01 -2.0059e-01  2.8703e+02  1.9502e+00 -2.8893e+02 -2.0000e+00
-3.6633e+00     8.8141e+00  6.9422e-02 -5.7489e+00 -5.9951e-02  2.8734e+02  1.9530e+00 -2.8938e+02 -2.0049e+00
-3.6250e+00     1.4664e+01  1.4244e-01 -2.0685e+01 -2.2494e-01  2.8779e+02  1.9570e+00 -2.8989e+02 -2.0104e+00
-3.5867e+00     1.1882e+01  1.0623e-01 -9.8343e+00 -1.0940e-01  2.8830e+02  1.9618e+00 -2.9047e+02 -2.0168e+00
-3.5483e+00     6.3435e+00  4.1409e-02 -8.7475e+00 -9.0973e-02  2.8865e+02  1.9646e+00 -2.9083e+02 -2.0206e+00
-3.5100e+00     6.0454e+00  4.3914e-02 -7.2265e+00 -7.1396e-02  2.8888e+02  1.9662e+00 -2.9113e+02 -2.0237e+00
-3.4717e+00     4.0366e+00  3.4899e-02 -3.3343e+00 -3.6243e-02  2.8908e+02  1.9678e+00 -2.9134e+02 -2.0258e+00
-3.4333e+00     2.4797e+00  2.4973e-02 -0.0000e+00 -0.0000e+00  2.8920e+02  1.9689e+00 -2.9140e+02 -2.0265e+00
-3.3950e+00     1.7475e+01  1.6202e-01 -5.2352e+01 -3.5355e-01  2.8958e+02  1.9725e+00 -2.9240e+02 -2.0333e+00
-3.3567e+00     5.4989e+00  3.9907e-02 -2.6829e+01 -1.3887e-01  2.9002e+02  1.9763e+00 -2.9392e+02 -2.0427e+00
-3.3183e+00     2.3817e+01  1.3444e-01 -1.6863e+01 -8.7711e-02  2.9058e+02  1.9797e+00 -2.9475e+02 -2.0470e+00
-3.2800e+00     0.0000e+00  0.0000e+00 -0.0000e+00 -0.0000e+00  2.9104e+02  1.9823e+00 -2.9507e+02 -2.0487e+00
-3.2417e+00     4.1887e+00  4.1613e-02 -1.8230e+01 -1.6586e-01  2.9112e+02  1.9830e+00 -2.9542e+02 -2.0519e+00
-3.2033e+00     1.9058e+01  2.1630e-01 -0.0000e+00 -0.0000e+00  2.9157e+02  1.9880e+00 -2.9577e+02 -2.0550e+00
-3.1650e+00     0.0000e+00  0.0000e+00 -0.0000e+00 -0.0000e+00  2.9193e+02  1.9921e+00 -2.9577e+02 -2.0550e+00
-3.1267e+00     0.0000e+00  0.0000e+00 -1.4256e+00 -3.9636e-03  2.9193e+02  1.9921e+00 -2.9580e+02 -2.0551e+00
-3.0883e+00     0.0000e+00  0.0000e+00 -1.7595e+01 -5.4387e-02  2.9193e+02  1.9921e+00 -2.9616e+02 -2.0562e+00
-3.0500e+00     3.4021e+00  2.9990e-02 -6.9648e+00 -2.4865e-02  2.9200e+02  1.9927e+00 -2.9663e+02 -2.0577e+00
-3.0117e+00     1.3785e+01  7.0504e-02 -1.3633e-01 -3.2418e-04  2.9232e+02  1.9946e+00 -2.9677e+02 -2.0582e+00
-2.9733e+00     2.4387e+00  9.0818e-03 -0.0000e+00 -0.0000e+00  2.9263e+02  1.9961e+00 -2.9677e+02 -2.0582e+00
-2.9350e+00     0.0000e+00  0.0000e+00 -0.0000e+00 -0.0000e+00  2.9268e+02  1.9963e+00 -2.9677e+02 -2.0582e+00
-2.8967e+00     0.0000e+00  0.0000e+00 -0.0000e+00 -0.0000e+00  2.9268e+02  1.9963e+00 -2.9677e+02 -2.0582e+00
-2.8583e+00     0.0000e+00  0.0000e+00 -2.2093e+00 -2.8369e-02  2.9268e+02  1.9963e+00 -2.9681e+02 -2.0588e+00
-2.8200e+00     0.0000e+00  0.0000e+00 -4.0422e+00 -5.4265e-02  2.9268e+02  1.9963e+00 -2.9693e+02 -2.0604e+00
-2.7817e+00     4.0258e+00  7.6706e-02 -4.7695e+00 -5.7097e-02  2.9276e+02  1.9978e+00 -2.9710e+02 -2.0625e+00
-2.7433e+00     7.8366e+00  1.3141e-01 -4.3771e+00 -5.1896e-02  2.9299e+02  2.0018e+00 -2.9728e+02 -2.0646e+00
-2.7050e+00     2.4447e+01  3.9069e-01 -4.7077e+00 -5.9031e-02  2.9360e+02  2.0118e+00 -2.9745e+02 -2.0667e+00
-2.6667e+00     0.0000e+00  0.0000e+00 -1.1806e+01 -1.2325e-01  2.9407e+02  2.0192e+00 -2.9777e+02 -2.0702e+00
-2.6283e+00     4.4869e-01  5.3451e-03 -6.6902e+00 -2.8878e-02  2.9408e+02  2.0193e+00 -2.9812e+02 -2.0731e+00
-2.5900e+00     5.5657e+00  4.4623e-02 -5.6326e+00 -1.4727e-02  2.9419e+02  2.0203e+00 -2.9836e+02 -2.0739e+00
-2.5517e+00     3.4512e+00  2.3610e-02 -0.0000e+00 -0.0000e+00  2.9437e+02  2.0216e+00 -2.9846e+02 -2.0742e+00
-2.5133e+00     3.5902e+00  1.8961e-02 -1.1185e+01 -2.5271e-02  2.9450e+02  2.0224e+00 -2.9868e+02 -2.0747e+00
-2.4750e+00     2.9516e+00  1.4909e-02 -5.6793e+00 -1.3307e-02  2.9463e+02  2.0231e+00 -2.9900e+02 -2.0754e+00
-2.4367e+00     5.7885e+00  1.7619e-02 -5.0186e+00 -1.2176e-02  2.9479e+02  2.0237e+00 -2.9921e+02 -2.0759e+00
-2.3983e+00     1.0513e+01  1.6832e-02 -3.2118e+00 -8.0427e-03  2.9511e+02  2.0243e+00 -2.9936e+02 -2.0763e+00
-2.3600e+00     1.3096e+01  2.1448e-02 -1.7376e+00 -2.4144e-03  2.9556e+02  2.0251e+00 -2.9946e+02 -2.0765e+00
-2.3217e+00     1.0884e+01  1.7017e-02 -0.0000e+00 -0.0000e+00  2.9602e+02  2.0258e+00 -2.9949e+02 -2.0766e+00
-2.2833e+00     1.0233e+01  1.8122e-02 -0.0000e+00 -0.0000e+00  2.9642e+02  2.0265e+00 -2.9949e+02 -2.0766e+00
-2.2450e+00     2.5580e-02  4.2168e-05 -5.0390e+00 -8.5851e-03  2.9662e+02  2.0268e+00 -2.9959e+02 -2.0767e+00
-2.2067e+00     0.0000e+00  0.0000e+00 -7.8702e+00 -1.4817e-02  2.9662e+02  2.0268e+00 -2.9983e+02 -2.0772e+00
-2.1683e+00     0.0000e+00  0.0000e+00 -5.2144e+00 -9.7715e-03  2.9662e+02  2.0268e+00 -3.0009e+02 -2.0776e+00
-2.1300e+00     0.0000e+00  0.0000e+00 -8.0342e+00 -2.1616e-02  2.9662e+02  2.0268e+00 -3.0034e+02 -2.0782e+00
-2.0917e+00     1.4804e+01  3.7913e-02 -3.5559e+00 -1.6628e-02  2.9690e+02  2.0276e+00 -3.0056e+02 -2.0790e+00
-2.0533e+00     1.1614e+01  2.1441e-02 -5.7946e+00 -2.7238e-02  2.9741e+02  2.0287e+00 -3.0074e+02 -2.0798e+00
-2.0150e+00     0.0000e+00  0.0000e+00 -7.5539e+00 -2.9199e-02  2.9763e+02  2.0291e+00 -3.0099e+02 -2.0809e+00
-1.9767e+00     0.0000e+00  0.0000e+00 -2.1272e+01 -1.3354e-01  2.9763e+02  2.0291e+00 -3.0155e+02 -2.0840e+00
-1.9383e+00     8.9390e+00  2.7770e-02 -8.9140e+00 -6.8670e-02  2.9780e+02  2.0296e+00 -3.0212e+02 -2.0879e+00
-1.9000e+00     1.1688e+01  4.6377e-02 -0.0000e+00 -0.0000e+00  2.9819e+02  2.0311e+00 -3.0229e+02 -2.0892e+00
-1.8617e+00     6.8834e+00  3.4051e-02 -1.2950e+01 -8.9423e-02  2.9855e+02  2.0326e+00 -3.0254e+02 -2.0909e+00
-1.8233e+00     0.0000e+00  0.0000e+00 -1.1110e+01 -7.2671e-02  2.9868e+02  2.0332e+00 -3.0300e+02 -2.0940e+00
-1.7850e+00     3.2276e+01  1.3810e-01 -6.7089e+00 -3.2660e-02  2.9930e+02  2.0359e+00 -3.0334e+02 -2.0960e+00
-1.7467e+00     5.5455e+00  2.9104e-02 -9.2737e+00 -4.2188e-02  3.0002e+02  2.0391e+00 -3.0365e+02 -2.0974e+00
-1.7083e+00     1.1678e+01  6.5764e-02 -4.3200e+00 -1.8103e-02  3.0035e+02  2.0409e+00 -3.0391e+02 -2.0986e+00
-1.6700e+00     1.5627e+01  5.2696e-02 -4.8675e+00 -2.3774e-02  3.0087e+02  2.0432e+00 -3.0409e+02 -2.0994e+00
-1.6317e+00     0.0000e+00  0.0000e+00 -5.0814e+00 -3.3265e-02  3.0117e+02  2.0442e+00 -3.0428e+02 -2.1005e+00
-1.5933e+00     5.7906e+00  4.1230e-02 -5.5619e+00 -4.0919e-02  3.0128e+02  2.0450e+00 -3.0448e+02 -2.1019e+00
-1.5550e+00     6.1752e+00  4.7415e-02 -4.4700e+00 -3.5742e-02  3.0151e+02  2.0467e+00 -3.0467e+02 -2.1034e+00
-1.5167e+00     6.6735e+00  5.1828e-02 -3.1336e+00 -2.0942e-02  3.0176e+02  2.0486e+00 -3.0482e+02 -2.1045e+00
-1.4783e+00     4.4575e+00  2.8225e-02 -3.3254e+00 -1.7963e-02  3.0197e+02  2.0501e+00 -3.0494e+02 -2.1052e+00
-1.4400e+00     2.1557e+00  1.0127e-02 -5.0581e+00 -2.1162e-02  3.0210e+02  2.0508e+00 -3.0510e+02 -2.1060e+00
-1.4017e+00     1.5908e+01  9.0196e-02 -1.8082e+01 -7.2542e-02  3.0244e+02  2.0527e+00 -3.0554e+02 -2.1077e+00
-1.3633e+00     1.0030e+01  3.3023e-02 -2.1709e+01 -7.3088e-02  3.0294e+02  2.0551e+00 -3.0631e+02 -2.1105e+00
-1.3250e+00     1.7098e+01  1.1566e-01 -1.1024e+01 -4.2193e-02  3.0346e+02  2.0579e+00 -3.0693e+02 -2.1127e+00
-1.2867e+00     7.9366e+00  3.8550e-02 -8.1826e+00 -3.0078e-02  3.0394e+02  2.0609e+00 -3.0730e+02 -2.1141e+00
-1.2483e+00     7.3460e+00  4.4433e-02 -1.2237e+01 -8.4244e-02  3.0423e+02  2.0625e+00 -3.0769e+02 -2.1163e+00
-1.2100e+00     1.2285e+01  8.1232e-02 -9.3339e+00 -6.2841e-02  3.0461e+02  2.0649e+00 -3.0810e+02 -2.1191e+00
-1.1717e+00     1.6071e+01  1.6293e-01 -1.3054e+01 -8.8394e-02  3.0515e+02  2.0696e+00 -3.0853e+02 -2.1220e+00
-1.1333e+00     1.3324e+01  1.4092e-01 -1.6259e+01 -1.7702e-01  3.0571e+02  2.0754e+00 -3.0909e+02 -2.1271e+00
-1.0950e+00     6.4685e+00  9.3544e-02 -6.7274e+00 -7.7016e-02  3.0609e+02  2.0799e+00 -3.0953e+02 -2.1320e+00
-1.0567e+00     1.5074e+01  1.6604e-01 -1.8919e+01 -2.3257e-01  3.0650e+02  2.0848e+00 -3.1002e+02 -2.1379e+00
-1.0183e+00     1.1789e+01  1.1622e-01 -1.3252e+01 -1.4574e-01  3.0702e+02  2.0902e+00 -3.1064e+02 -2.1451e+00
-9.8000e-01     3.0016e+01  3.2984e-01 -2.6677e+01 -2.3522e-01  3.0782e+02  2.0988e+00 -3.1140e+02 -2.1524e+00
-9.4167e-01     1.1070e+01  1.4229e-01 -1.1699e+01 -1.1773e-01  3.0860e+02  2.1078e+00 -3.1214e+02 -2.1592e+00
-9.0333e-01     1.3359e+01  1.6878e-01 -1.3341e+01 -1.5092e-01  3.0907e+02  2.1138e+00 -3.1262e+02 -2.1643e+00
-8.6500e-01     1.5128e+01  1.7011e-01 -1.2750e+01 -1.2082e-01  3.0962e+02  2.1202e+00 -3.1311e+02 -2.1695e+00
-8.2667e-01     1.7312e+01  2.5553e-01 -1.8285e+01 -1.9533e-01  3.1024e+02  2.1284e+00 -3.1371e+02 -2.1756e+00
-7.8833e-01     1.7059e+01  2.3229e-01 -1.4804e+01 -1.6643e-01  3.1089e+02  2.1377e+00 -3.1434e+02 -2.1825e+00
-7.5000e-01     2.3666e+01  2.6823e-01 -2.1214e+01 -2.4215e-01  3.1167e+02  2.1473e+00 -3.1503e+02 -2.1903e+00
-7.1167e-01     1.3122e+01  1.5055e-01 -1.4403e+01 -1.6656e-01  3.1238e+02  2.1553e+00 -3.1571e+02 -2.1981e+00
-6.7333e-01     1.5576e+01  1.9348e-01 -1.8153e+01 -2.0697e-01  3.1293e+02  2.1619e+00 -3.1634e+02 -2.2053e+00
-6.3500e-01     2.1127e+01  2.6880e-01 -2.1579e+01 -2.5364e-01  3.1363e+02  2.1707e+00 -3.1710e+02 -2.2141e+00
-5.9667e-01     1.8265e+01  2.2457e-01 -1.8715e+01 -2.4279e-01  3.1438e+02  2.1802e+00 -3.1787e+02 -2.2236e+00
-5.5833e-01     1.7731e+01  2.0949e-01 -1.8840e+01 -2.4986e-01  3.1507e+02  2.1885e+00 -3.1859e+02 -2.2330e+00
-5.2000e-01     2.7801e+01  3.4172e-01 -2.4647e+01 -3.2442e-01  3.1594e+02  2.1990e+00 -3.1942e+02 -2.2440e+00
-4.8167e-01     1.5999e+01  2.3754e-01 -1.6629e+01 -2.4214e-01  3.1678e+02  2.2101e+00 -3.2021e+02 -2.2548e+00
-4.4333e-01     2.1221e+01  3.4413e-01 -3.0287e+01 -4.1072e-01  3.1749e+02  2.2212e+00 -3.2110e+02 -2.2673e+00
-4.0500e-01     2.0378e+01  3.2071e-01 -1.9559e+01 -2.9852e-01  3.1829e+02  2.2340e+00 -3.2206e+02 -2.2809e+00
-3.6667e-01     1.6799e+01  2.5136e-01 -1.7030e+01 -2.7786e-01  3.1900e+02  2.2449e+00 -3.2276e+02 -2.2919e+00
-3.2833e-01     2.1710e+01  2.9642e-01 -2.0632e+01 -3.2237e-01  3.1974e+02  2.2554e+00 -3.2348e+02 -2.3034e+00
-2.9000e-01     1.8307e+01  2.8215e-01 -2.3793e+01 -3.7985e-01  3.2050e+02  2.2665e+00 -3.2433e+02 -2.3168e+00
-2.5167e-01     1.9817e+01  2.9030e-01 -1.6268e+01 -2.6719e-01  3.2123e+02  2.2774e+00 -3.2510e+02 -2.3292e+00
-2.1333e-01     2.3984e+01  3.2840e-01 -2.2786e+01 -3.3537e-01  3.2207e+02  2.2893e+00 -3.2584e+02 -2.3408e+00
-1.7500e-01     2.2094e+01  3.2583e-01 -2.2719e+01 -3.2269e-01  3.2295e+02  2.3018e+00 -3.2671e+02 -2.3534e+00
-1.3667e-01     2.4515e+01  3.1457e-01 -1.6649e+01 -2.3133e-01  3.2384e+02  2.3140e+00 -3.2747e+02 -2.3640e+00
-9.8333e-02     2.1230e+01  2.5346e-01 -2.1286e+01 -2.7202e-01  3.2472e+02  2.3249e+00 -3.2819e+02 -2.3736e+00
-6.0000e-02     2.0835e+01  2.9486e-01 -2.3112e+01 -2.9407e-01  3.2552e+02  2.3354e+00 -3.2904e+02 -2.3844e+00
-2.1667e-02     2.1021e+01  2.9438e-01 -2.4905e+01 -3.3037e-01  3.2633e+02  2.3467e+00 -3.2996e+02 -2.3964e+00
1.6667e-02     2.0094e+01  2.4096e-01 -2.6261e+01 -2.7000e-01  3.2711e+02  2.3569e+00 -3.3094e+02 -2.4079e+00
5.5000e-02     2.5687e+01  3.1645e-01 -3.2324e+01 -3.7090e-01  3.2799e+02  2.3676e+00 -3.3206e+02 -2.4201e+00
9.3333e-02     2.1281e+01  3.0255e-01 -2.4774e+01 -3.0427e-01  3.2889e+02  2.3794e+00 -3.3315e+02 -2.4330e+00
1.3167e-01     2.2577e+01  2.9296e-01 -2.5466e+01 -3.2737e-01  3.2973e+02  2.3908e+00 -3.3412e+02 -2.4451e+00
1.7000e-01     2.4462e+01  3.2514e-01 -2.9025e+01 -3.2641e-01  3.3063e+02  2.4026e+00 -3.3516e+02 -2.4576e+00
2.0833e-01     2.8965e+01  3.9207e-01 -2.9051e+01 -3.8953e-01  3.3165e+02  2.4164e+00 -3.3627e+02 -2.4713e+00
2.4667e-01     2.6852e+01  3.4650e-01 -3.6431e+01 -5.3805e-01  3.3272e+02  2.4305e+00 -3.3752e+02 -2.4891e+00
2.8500e-01     3.1254e+01  3.6934e-01 -3.2594e+01 -4.4115e-01  3.3383e+02  2.4442e+00 -3.3884e+02 -2.5078e+00
3.2333e-01     2.8930e+01  3.5665e-01 -3.1957e+01 -4.1676e-01  3.3498e+02  2.4581e+00 -3.4008e+02 -2.5242e+00
3.6167e-01     2.2009e+01  2.7658e-01 -2.4263e+01 -3.4067e-01  3.3595e+02  2.4702e+00 -3.4115e+02 -2.5387e+00
4.0000e-01     2.9543e+01  3.6316e-01 -1.9526e+01 -2.0355e-01  3.3694e+02  2.4824e+00 -3.4199e+02 -2.5491e+00
4.3833e-01     2.1988e+01  2.6718e-01 -3.4067e+01 -3.1758e-01  3.3793e+02  2.4945e+00 -3.4302e+02 -2.5591e+00
4.7667e-01     2.6846e+01  3.7616e-01 -2.8255e+01 -3.4027e-01  3.3886e+02  2.5068e+00 -3.4421e+02 -2.5717e+00
5.1500e-01     3.3843e+01  4.4872e-01 -2.4363e+01 -3.1852e-01  3.4002e+02  2.5226e+00 -3.4522e+02 -2.5843e+00
5.5333e-01     2.8418e+01  3.6147e-01 -3.6022e+01 -4.8339e-01  3.4121e+02  2.5381e+00 -3.4637e+02 -2.5996e+00
5.9167e-01     2.4428e+01  3.2350e-01 -2.5525e+01 -2.9632e-01  3.4222e+02  2.5512e+00 -3.4755e+02 -2.6146e+00
6.3000e-01     2.0336e+01  2.8830e-01 -2.8687e+01 -3.0979e-01  3.4308e+02  2.5629e+00 -3.4859e+02 -2.6262e+00
6.6833e-01     2.3471e+01  3.3069e-01 -2.6112e+01 -2.9214e-01  3.4392e+02  2.5748e+00 -3.4964e+02 -2.6377e+00
7.0667e-01     2.5045e+01  3.1613e-01 -2.5963e+01 -3.1277e-01  3.4485e+02  2.5871e+00 -3.5063e+02 -2.6493e+00
7.4500e-01     3.9501e+01  4.9455e-01 -3.4662e+01 -3.7261e-01  3.4608e+02  2.6026e+00 -3.5179e+02 -2.6624e+00
7.8333e-01     2.6493e+01  3.5045e-01 -3.1151e+01 -3.1943e-01  3.4735e+02  2.6188e+00 -3.5305e+02 -2.6756e+00
8.2167e-01     2.6205e+01  3.1359e-01 -2.7034e+01 -2.4940e-01  3.4835e+02  2.6315e+00 -3.5416e+02 -2.6865e+00
8.6000e-01     2.1264e+01  2.2205e-01 -2.3601e+01 -2.2115e-01  3.4926e+02  2.6418e+00 -3.5513e+02 -2.6955e+00
8.9833e-01     2.8357e+01  2.7915e-01 -2.7497e+01 -2.9419e-01  3.5021e+02  2.6514e+00 -3.5611e+02 -2.7054e+00
9.3667e-01     2.6133e+01  2.5101e-01 -2.7397e+01 -2.2161e-01  3.5125e+02  2.6615e+00 -3.5716e+02 -2.7152e+00
9.7500e-01     2.4302e+01  2.2851e-01 -2.1472e+01 -1.9799e-01  3.5222e+02  2.6707e+00 -3.5810e+02 -2.7233e+00
1.0133e+00     2.5182e+01  2.5655e-01 -2.8494e+01 -3.3687e-01  3.5317e+02  2.6800e+00 -3.5905e+02 -2.7335e+00
1.0517e+00     2.2257e+01  2.5990e-01 -2.1010e+01 -2.5335e-01  3.5407e+02  2.6898e+00 -3.6000e+02 -2.7448e+00
1.0900e+00     2.5901e+01  3.7185e-01 -2.2030e+01 -3.3545e-01  3.5500e+02  2.7019e+00 -3.6082e+02 -2.7561e+00
1.1283e+00     1.7958e+01  2.5132e-01 -1.8801e+01 -2.4609e-01  3.5584e+02  2.7139e+00 -3.6161e+02 -2.7672e+00
1.1667e+00     1.8083e+01  2.4507e-01 -1.7092e+01 -1.6915e-01  3.5652e+02  2.7234e+00 -3.6229e+02 -2.7751e+00
1.2050e+00     2.6419e+01  3.2102e-01 -2.2524e+01 -1.9843e-01  3.5738e+02  2.7342e+00 -3.6305e+02 -2.7822e+00
1.2433e+00     2.3616e+01  2.9157e-01 -2.9457e+01 -2.8437e-01  3.5833e+02  2.7459e+00 -3.6404e+02 -2.7914e+00
1.2817e+00     2.5819e+01  2.6543e-01 -2.6064e+01 -2.3731e-01  3.5928e+02  2.7566e+00 -3.6511e+02 -2.8014e+00
1.3200e+00     2.6740e+01  3.2076e-01 -2.9484e+01 -3.1496e-01  3.6029e+02  2.7678e+00 -3.6617e+02 -2.8120e+00
1.3583e+00     2.3886e+01  3.1432e-01 -2.4802e+01 -3.0374e-01  3.6125e+02  2.7799e+00 -3.6721e+02 -2.8238e+00
1.3967e+00     2.9685e+01  3.8015e-01 -2.9698e+01 -3.6077e-01  3.6228e+02  2.7932e+00 -3.6825e+02 -2.8365e+00
1.4350e+00     2.6717e+01  3.1356e-01 -2.6700e+01 -2.7477e-01  3.6336e+02  2.8065e+00 -3.6933e+02 -2.8487e+00
1.4733e+00     2.1266e+01  2.3838e-01 -2.4636e+01 -2.6929e-01  3.6428e+02  2.8171e+00 -3.7031e+02 -2.8591e+00
1.5117e+00     2.4639e+01  2.7864e-01 -2.7404e+01 -3.0157e-01  3.6516e+02  2.8270e+00 -3.7131e+02 -2.8700e+00
1.5500e+00     2.7365e+01  3.1681e-01 -2.5635e+01 -3.2695e-01  3.6615e+02  2.8383e+00 -3.7232e+02 -2.8820e+00
1.5883e+00     2.6104e+01  2.8019e-01 -2.6468e+01 -2.6129e-01  3.6717e+02  2.8498e+00 -3.7332e+02 -2.8933e+00
1.6267e+00     2.5085e+01  2.6257e-01 -2.3354e+01 -2.5629e-01  3.6815e+02  2.8602e+00 -3.7427e+02 -2.9032e+00
1.6650e+00     2.3419e+01  2.2995e-01 -2.4538e+01 -2.9872e-01  3.6908e+02  2.8696e+00 -3.7519e+02 -2.9138e+00
1.7033e+00     2.8584e+01  3.0210e-01 -2.6599e+01 -3.1072e-01  3.7008e+02  2.8798e+00 -3.7617e+02 -2.9255e+00
1.7417e+00     2.6936e+01  3.0038e-01 -2.5902e+01 -3.3335e-01  3.7114e+02  2.8913e+00 -3.7717e+02 -2.9378e+00
1.7800e+00     2.8639e+01  2.8919e-01 -2.9894e+01 -3.4143e-01  3.7220e+02  2.9026e+00 -3.7824e+02 -2.9507e+00
1.8183e+00     2.8081e+01  2.9769e-01 -2.7356e+01 -2.8621e-01  3.7329e+02  2.9138e+00 -3.7934e+02 -2.9627e+00
1.8567e+00     2.6453e+01  2.7374e-01 -2.3311e+01 -2.1329e-01  3.7433e+02  2.9247e+00 -3.8031e+02 -2.9723e+00
1.8950e+00     2.5190e+01  2.5605e-01 -2.6470e+01 -2.6167e-01  3.7532e+02  2.9349e+00 -3.8126e+02 -2.9814e+00
1.9333e+00     2.9241e+01  2.8315e-01 -2.9192e+01 -3.1285e-01  3.7636e+02  2.9452e+00 -3.8232e+02 -2.9924e+00
1.9717e+00     2.9505e+01  3.0049e-01 -2.8708e+01 -2.6503e-01  3.7748e+02  2.9564e+00 -3.8343e+02 -3.0034e+00
2.0100e+00     2.8077e+01  2.6813e-01 -2.8843e+01 -2.7184e-01  3.7859e+02  2.9672e+00 -3.8453e+02 -3.0137e+00
2.0483e+00     2.7775e+01  2.8919e-01 -2.8761e+01 -2.6109e-01  3.7965e+02  2.9779e+00 -3.8564e+02 -3.0239e+00
2.0867e+00     2.9574e+01  3.1757e-01 -2.8827e+01 -2.9211e-01  3.8075e+02  2.9895e+00 -3.8674e+02 -3.0345e+00
2.1250e+00     3.0577e+01  3.3152e-01 -3.2949e+01 -3.3960e-01  3.8190e+02  3.0019e+00 -3.8792e+02 -3.0466e+00
2.1633e+00     3.1082e+01  3.2776e-01 -3.1319e+01 -2.7866e-01  3.8308e+02  3.0145e+00 -3.8915e+02 -3.0584e+00
2.2017e+00     2.7398e+01  2.7380e-01 -2.6636e+01 -2.0984e-01  3.8420e+02  3.0261e+00 -3.9026e+02 -3.0677e+00
2.2400e+00     2.6285e+01  2.5081e-01 -2.7474e+01 -2.2698e-01  3.8523e+02  3.0361e+00 -3.9129e+02 -3.0761e+00
2.2783e+00     2.8607e+01  2.5843e-01 -2.7939e+01 -2.5420e-01  3.8628e+02  3.0458e+00 -3.9235e+02 -3.0853e+00
2.3167e+00     3.0387e+01  2.9246e-01 -3.1313e+01 -2.5466e-01  3.8741e+02  3.0564e+00 -3.9349e+02 -3.0950e+00
2.3550e+00     3.0093e+01  3.0021e-01 -2.9883e+01 -2.5172e-01  3.8857e+02  3.0677e+00 -3.9466e+02 -3.1047e+00
2.3933e+00     3.1389e+01  3.1156e-01 -3.1204e+01 -2.5545e-01  3.8974e+02  3.0794e+00 -3.9583e+02 -3.1144e+00
2.4317e+00     3.0031e+01  2.9611e-01 -3.0499e+01 -2.8005e-01  3.9092e+02  3.0911e+00 -3.9701e+02 -3.1247e+00
2.4700e+00     2.9194e+01  2.7623e-01 -2.9477e+01 -2.2167e-01  3.9205e+02  3.1020e+00 -3.9816e+02 -3.1343e+00
2.5083e+00     2.9997e+01  2.6687e-01 -3.0191e+01 -1.9626e-01  3.9318e+02  3.1124e+00 -3.9930e+02 -3.1423e+00
2.5467e+00     2.9003e+01  2.4643e-01 -2.8373e+01 -2.1164e-01  3.9431e+02  3.1222e+00 -4.0042e+02 -3.1501e+00
2.5850e+00     2.8313e+01  2.4978e-01 -2.8449e+01 -2.0563e-01  3.9541e+02  3.1317e+00 -4.0151e+02 -3.1581e+00
2.6233e+00     2.7763e+01  2.3262e-01 -2.8963e+01 -1.3869e-01  3.9648e+02  3.1409e+00 -4.0260e+02 -3.1646e+00
2.6617e+00     2.8266e+01  2.4823e-01 -2.8911e+01 -1.3052e-01  3.9755e+02  3.1501e+00 -4.0371e+02 -3.1698e+00
2.7000e+00     3.0402e+01  2.6392e-01 -3.0074e+01 -1.4265e-01  3.9868e+02  3.1599e+00 -4.0484e+02 -3.1750e+00
2.7383e+00     3.2370e+01  2.6613e-01 -3.0238e+01 -1.3472e-01  3.9988e+02  3.1701e+00 -4.0599e+02 -3.1803e+00
2.7767e+00     3.1021e+01  2.5433e-01 -3.0560e+01 -1.4547e-01  4.0109e+02  3.1800e+00 -4.0716e+02 -3.1857e+00
2.8150e+00     3.0381e+01  2.4224e-01 -3.1266e+01 -1.5177e-01  4.0227e+02  3.1896e+00 -4.0834e+02 -3.1914e+00
2.8533e+00     2.9156e+01  2.2615e-01 -3.1649e+01 -1.4731e-01  4.0341e+02  3.1985e+00 -4.0954e+02 -3.1971e+00
2.8917e+00     2.8492e+01  2.1432e-01 -2.9115e+01 -1.1201e-01  4.0451e+02  3.2069e+00 -4.1071e+02 -3.2021e+00
2.9300e+00     3.0872e+01  2.4715e-01 -2.9483e+01 -9.1617e-02  4.0564e+02  3.2158e+00 -4.1183e+02 -3.2060e+00
2.9683e+00     2.7734e+01  2.2445e-01 -2.8395e+01 -9.8008e-02  4.0677e+02  3.2248e+00 -4.1294e+02 -3.2096e+00
3.0067e+00     2.8215e+01  2.4306e-01 -2.9233e+01 -9.8953e-02  4.0784e+02  3.2337e+00 -4.1404e+02 -3.2134e+00
3.0450e+00     3.0683e+01  2.6807e-01 -2.9320e+01 -1.6541e-01  4.0896e+02  3.2435e+00 -4.1516e+02 -3.2184e+00
3.0833e+00     3.0544e+01  2.5839e-01 -2.8769e+01 -1.3218e-01  4.1013e+02  3.2536e+00 -4.1627e+02 -3.2241e+00
3.1217e+00     3.0082e+01  2.6064e-01 -2.7419e+01 -8.7434e-02  4.1129e+02  3.2635e+00 -4.1735e+02 -3.2283e+00
3.1600e+00     3.0427e+01  2.7683e-01 -2.9330e+01 -9.8550e-02  4.1245e+02  3.2738e+00 -4.1843e+02 -3.2319e+00
3.1983e+00     2.7584e+01  2.6163e-01 -2.6926e+01 -1.1924e-01  4.1356e+02  3.2841e+00 -4.1951e+02 -3.2360e+00
3.2367e+00     2.7401e+01  2.2459e-01 -2.6043e+01 -6.1205e-02  4.1461e+02  3.2934e+00 -4.2052e+02 -3.2395e+00
3.2750e+00     2.6714e+01  2.0170e-01 -2.7201e+01 -8.1351e-02  4.1565e+02  3.3016e+00 -4.2154e+02 -3.2422e+00
3.3133e+00     2.8559e+01  2.0566e-01 -3.3239e+01 -1.4633e-01  4.1671e+02  3.3094e+00 -4.2270e+02 -3.2466e+00
3.3517e+00     2.9804e+01  2.1408e-01 -2.9027e+01 -1.0987e-01  4.1782e+02  3.3174e+00 -4.2389e+02 -3.2515e+00
3.3900e+00     3.1257e+01  2.2203e-01 -3.4348e+01 -9.9261e-02  4.1899e+02  3.3257e+00 -4.2510e+02 -3.2555e+00
3.4283e+00     3.2848e+01  2.5342e-01 -2.9292e+01  1.1770e-03  4.2022e+02  3.3348e+00 -4.2632e+02 -3.2574e+00
3.4667e+00     3.1476e+01  2.5027e-01 -2.9718e+01  5.2979e-02  4.2145e+02  3.3445e+00 -4.2745e+02 -3.2563e+00
3.5050e+00     3.4207e+01  2.5793e-01 -3.2746e+01 -3.4483e-02  4.2271e+02  3.3542e+00 -4.2864e+02 -3.2560e+00
3.5433e+00     2.9850e+01  2.4927e-01 -3.1992e+01 -1.4592e-01  4.2393e+02  3.3639e+00 -4.2988e+02 -3.2594e+00
3.5817e+00     3.1108e+01  3.1233e-01 -3.8772e+01 -1.0782e-01  4.2510e+02  3.3747e+00 -4.3124e+02 -3.2643e+00
3.6200e+00     3.4390e+01  3.2929e-01 -3.4396e+01 -8.4099e-02  4.2635e+02  3.3869e+00 -4.3264e+02 -3.2680e+00
3.6583e+00     2.5009e+01  1.8783e-01 -2.5048e+01 -7.8949e-02  4.2749e+02  3.3968e+00 -4.3377e+02 -3.2711e+00
3.6967e+00     3.7549e+01  3.2074e-01 -3.4088e+01 -2.3440e-02  4.2869e+02  3.4066e+00 -4.3490e+02 -3.2730e+00
3.7350e+00     3.2436e+01  2.6843e-01 -3.4958e+01 -1.0154e-01  4.3003e+02  3.4178e+00 -4.3623e+02 -3.2754e+00
3.7733e+00     3.3620e+01  2.4968e-01 -3.5553e+01 -9.8543e-02  4.3129e+02  3.4277e+00 -4.3757e+02 -3.2793e+00
3.8117e+00     3.8071e+01  3.3915e-01 -3.9075e+01 -8.3447e-02  4.3266e+02  3.4390e+00 -4.3900e+02 -3.2827e+00
3.8500e+00     3.2713e+01  2.6879e-01 -2.5918e+01 -5.3213e-02  4.3402e+02  3.4506e+00 -4.4025e+02 -3.2853e+00
3.8883e+00     2.8917e+01  2.0787e-01 -2.8812e+01 -8.1662e-02  4.3519e+02  3.4598e+00 -4.4129e+02 -3.2879e+00
3.9267e+00     2.9745e+01  1.7978e-01 -2.7537e+01 -5.1041e-02  4.3632e+02  3.4672e+00 -4.4237e+02 -3.2905e+00
3.9650e+00     2.9778e+01  2.1733e-01 -3.6759e+01 -1.8651e-01  4.3746e+02  3.4748e+00 -4.4360e+02 -3.2950e+00
4.0033e+00     3.6046e+01  2.6955e-01 -3.4068e+01 -1.0747e-01  4.3872e+02  3.4841e+00 -4.4496e+02 -3.3006e+00
4.0417e+00     2.5647e+01  2.2908e-01 -2.4778e+01 -7.4733e-02  4.3990e+02  3.4936e+00 -4.4608e+02 -3.3041e+00
4.0800e+00     1.8637e+01  1.3702e-01 -1.8645e+01 -6.0769e-02  4.4074e+02  3.5006e+00 -4.4691e+02 -3.3067e+00
4.1183e+00     3.3185e+01  2.4007e-01 -3.0496e+01 -3.9526e-02  4.4174e+02  3.5079e+00 -4.4785e+02 -3.3086e+00
4.1567e+00     3.0023e+01  2.1932e-01 -2.8334e+01 -3.2582e-02  4.4294e+02  3.5167e+00 -4.4898e+02 -3.3100e+00
4.1950e+00     2.8244e+01  2.2686e-01 -3.2042e+01 -5.6263e-03  4.4406e+02  3.5252e+00 -4.5014e+02 -3.3107e+00
4.2333e+00     2.9755e+01  2.5169e-01 -2.8295e+01 -2.2217e-02  4.4517e+02  3.5343e+00 -4.5129e+02 -3.3113e+00
4.2717e+00     2.7664e+01  2.1949e-01 -3.3455e+01 -3.6250e-02  4.4627e+02  3.5434e+00 -4.5247e+02 -3.3124e+00
4.3100e+00     3.4427e+01  2.4418e-01 -3.0936e+01 -7.0221e-02  4.4746e+02  3.5522e+00 -4.5370e+02 -3.3144e+00
4.3483e+00     3.4460e+01  2.4932e-01 -3.6961e+01 -7.7200e-02  4.4877e+02  3.5617e+00 -4.5500e+02 -3.3173e+00
4.3867e+00     3.7112e+01  2.8285e-01 -3.4207e+01 -8.7146e-02  4.5014e+02  3.5719e+00 -4.5636e+02 -3.3204e+00
4.4250e+00     3.3449e+01  2.6582e-01 -3.3194e+01 -7.3198e-02  4.5149e+02  3.5824e+00 -4.5765e+02 -3.3235e+00
4.4633e+00     3.2861e+01  2.6073e-01 -3.3003e+01 -4.5758e-02  4.5276e+02  3.5924e+00 -4.5892e+02 -3.3257e+00
4.5017e+00     3.2558e+01  2.5192e-01 -3.1365e+01 -1.0844e-01  4.5401e+02  3.6022e+00 -4.6015e+02 -3.3287e+00
4.5400e+00     3.0993e+01  2.7050e-01 -3.0250e+01 -1.8425e-01  4.5523e+02  3.6122e+00 -4.6133e+02 -3.3343e+00
4.5783e+00     3.0167e+01  2.4090e-01 -2.8311e+01 -1.2710e-01  4.5640e+02  3.6220e+00 -4.6245e+02 -3.3403e+00
4.6167e+00     3.5621e+01  2.7215e-01 -3.1685e+01 -1.2468e-01  4.5766e+02  3.6318e+00 -4.6360e+02 -3.3451e+00
4.6550e+00     3.1988e+01  2.2294e-01 -3.3040e+01 -1.1352e-01  4.5895e+02  3.6413e+00 -4.6484e+02 -3.3496e+00
4.6933e+00     2.9791e+01  2.1474e-01 -2.8959e+01 -1.0333e-01  4.6014e+02  3.6497e+00 -4.6603e+02 -3.3538e+00
4.7317e+00     3.0341e+01  2.3229e-01 -3.1091e+01 -1.1969e-01  4.6129e+02  3.6582e+00 -4.6717e+02 -3.3580e+00
4.7700e+00     3.1073e+01  2.6246e-01 -3.2648e+01 -1.4637e-01  4.6246e+02  3.6677e+00 -4.6839e+02 -3.3631e+00
4.8083e+00     3.3573e+01  2.6149e-01 -3.2404e+01 -1.2279e-01  4.6370e+02  3.6777e+00 -4.6964e+02 -3.3683e+00
4.8467e+00     3.3146e+01  2.3076e-01 -3.1770e+01 -9.8607e-02  4.6497e+02  3.6872e+00 -4.7087e+02 -3.3725e+00
4.8850e+00     3.2901e+01  2.2955e-01 -3.3807e+01 -1.3115e-01  4.6624e+02  3.6960e+00 -4.7212e+02 -3.3769e+00
4.9233e+00     3.4889e+01  2.6824e-01 -3.3125e+01 -1.2765e-01  4.6754e+02  3.7055e+00 -4.7340e+02 -3.3819e+00
4.9617e+00     3.0426e+01  2.1963e-01 -3.0789e+01 -1.4333e-01  4.6879e+02  3.7148e+00 -4.7463e+02 -3.3871e+00
