-1.8000e+01     0.0000e+00  0.0000e+00 -0.0000e+00 -0.0000e+00  0.0000e+00  0.0000e+00 -0.0000e+00 -0.0000e+00
-1.7962e+01     0.0000e+00  0.0000e+00 -0.0000e+00 -0.0000e+00  0.0000e+00  0.0000e+00 -0.0000e+00 -0.0000e+00
-1.7923e+01     0.0000e+00  0.0000e+00 -0.0000e+00 -0.0000e+00  0.0000e+00  0.0000e+00 -0.0000e+00 -0.0000e+00
-1.7885e+01     0.0000e+00  0.0000e+00 -0.0000e+00 -0.0000e+00  0.0000e+00  0.0000e+00 -0.0000e+00 -0.0000e+00
-1.7847e+01     0.0000e+00  0.0000e+00 -0.0000e+00 -0.0000e+00  0.0000e+00  0.0000e+00 -0.0000e+00 -0.0000e+00
-1.7808e+01     0.0000e+00  0.0000e+00 -0.0000e+00 -0.0000e+00  0.0000e+00  0.0000e+00 -0.0000e+00 -0.0000e+00
-1.7770e+01     0.0000e+00  0.0000e+00 -0.0000e+00 -0.0000e+00  0.0000e+00  0.0000e+00 -0.0000e+00 -0.0000e+00
-1.7732e+01     0.0000e+00  0.0000e+00 -0.0000e+00 -0.0000e+00  0.0000e+00  0.0000e+00 -0.0000e+00 -0.0000e+00
-1.7693e+01     0.0000e+00  0.0000e+00 -0.0000e+00 -0.0000e+00  0.0000e+00  0.0000e+00 -0.0000e+00 -0.0000e+00
-1.7655e+01     0.0000e+00  0.0000e+00 -0.0000e+00 -0.0000e+00  0.0000e+00  0.0000e+00 -0.0000e+00 -0.0000e+00
-1.7617e+01     0.0000e+00  0.0000e+00 -0.0000e+00 -0.0000e+00  0.0000e+00  0.0000e+00 -0.0000e+00 -0.0000e+00
-1.7578e+01     0.0000e+00  0.0000e+00 -0.0000e+00 -0.0000e+00  0.0000e+00  0.0000e+00 -0.0000e+00 -0.0000e+00
-1.7540e+01     0.0000e+00  0.0000e+00 -0.0000e+00 -0.0000e+00  0.0000e+00  0.0000e+00 -0.0000e+00 -0.0000e+00
-1.7502e+01     0.0000e+00  0.0000e+00 -0.0000e+00 -0.0000e+00  0.0000e+00  0.0000e+00 -0.0000e+00 -0.0000e+00
-1.7463e+01     0.0000e+00  0.0000e+00 -0.0000e+00 -0.0000e+00  0.0000e+00  0.0000e+00 -0.0000e+00 -0.0000e+00
-1.7425e+01     0.0000e+00  0.0000e+00 -0.0000e+00 -0.0000e+00  0.0000e+00  0.0000e+00 -0.0000e+00 -0.0000e+00
-1.7387e+01     0.0000e+00  0.0000e+00 -0.0000e+00 -0.0000e+00  0.0000e+00  0.0000e+00 -0.0000e+00 -0.0000e+00
-1.7348e+01     0.0000e+00  0.0000e+00 -0.0000e+00 -0.0000e+00  0.0000e+00  0.0000e+00 -0.0000e+00 -0.0000e+00
-1.7310e+01     0.0000e+00  0.0000e+00 -0.0000e+00 -0.0000e+00  0.0000e+00  0.0000e+00 -0.0000e+00 -0.0000e+00
-1.7272e+01     0.0000e+00  0.0000e+00 -0.0000e+00 -0.0000e+00  0.0000e+00  0.0000e+00 -0.0000e+00 -0.0000e+00
-1.7233e+01     0.0000e+00  0.0000e+00 -0.0000e+00 -0.0000e+00  0.0000e+00  0.0000e+00 -0.0000e+00 -0.0000e+00
-1.7195e+01     0.0000e+00  0.0000e+00 -0.0000e+00 -0.0000e+00  0.0000e+00  0.0000e+00 -0.0000e+00 -0.0000e+00
-1.7157e+01     0.0000e+00  0.0000e+00 -0.0000e+00 -0.0000e+00  0.0000e+00  0.0000e+00 -0.0000e+00 -0.0000e+00
-1.7118e+01     0.0000e+00  0.0000e+00 -0.0000e+00 -0.0000e+00  0.0000e+00  0.0000e+00 -0.0000e+00 -0.0000e+00
-1.7080e+01     0.0000e+00  0.0000e+00 -0.0000e+00 -0.0000e+00  0.0000e+00  0.0000e+00 -0.0000e+00 -0.0000e+00
-1.7042e+01     0.0000e+00  0.0000e+00 -0.0000e+00 -0.0000e+00  0.0000e+00  0.0000e+00 -0.0000e+00 -0.0000e+00
-1.7003e+01     0.0000e+00  0.0000e+00 -0.0000e+00 -0.0000e+00  0.0000e+00  0.0000e+00 -0.0000e+00 -0.0000e+00
-1.6965e+01     0.0000e+00  0.0000e+00 -0.0000e+00 -0.0000e+00  0.0000e+00  0.0000e+00 -0.0000e+00 -0.0000e+00
-1.6927e+01     0.0000e+00  0.0000e+00 -0.0000e+00 -0.0000e+00  0.0000e+00  0.0000e+00 -0.0000e+00 -0.0000e+00
-1.6888e+01     0.0000e+00  0.0000e+00 -0.0000e+00 -0.0000e+00  0.0000e+00  0.0000e+00 -0.0000e+00 -0.0000e+00
-1.6850e+01     0.0000e+00  0.0000e+00 -0.0000e+00 -0.0000e+00  0.0000e+00  0.0000e+00 -0.0000e+00 -0.0000e+00
-1.6812e+01     0.0000e+00  0.0000e+00 -0.0000e+00 -0.0000e+00  0.0000e+00  0.0000e+00 -0.0000e+00 -0.0000e+00
-1.6773e+01     0.0000e+00  0.0000e+00 -0.0000e+00 -0.0000e+00  0.0000e+00  0.0000e+00 -0.0000e+00 -0.0000e+00
-1.6735e+01     0.0000e+00  0.0000e+00 -0.0000e+00 -0.0000e+00  0.0000e+00  0.0000e+00 -0.0000e+00 -0.0000e+00
-1.6697e+01     0.0000e+00  0.0000e+00 -0.0000e+00 -0.0000e+00  0.0000e+00  0.0000e+00 -0.0000e+00 -0.0000e+00
-1.6658e+01     0.0000e+00  0.0000e+00 -0.0000e+00 -0.0000e+00  0.0000e+00  0.0000e+00 -0.0000e+00 -0.0000e+00
-1.6620e+01     0.0000e+00  0.0000e+00 -0.0000e+00 -0.0000e+00  0.0000e+00  0.0000e+00 -0.0000e+00 -0.0000e+00
-1.6582e+01     0.0000e+00  0.0000e+00 -0.0000e+00 -0.0000e+00  0.0000e+00  0.0000e+00 -0.0000e+00 -0.0000e+00
-1.6543e+01     0.0000e+00  0.0000e+00 -0.0000e+00 -0.0000e+00  0.0000e+00  0.0000e+00 -0.0000e+00 -0.0000e+00
-1.6505e+01     0.0000e+00  0.0000e+00 -0.0000e+00 -0.0000e+00  0.0000e+00  0.0000e+00 -0.0000e+00 -0.0000e+00
-1.6467e+01     0.0000e+00  0.0000e+00 -0.0000e+00 -0.0000e+00  0.0000e+00  0.0000e+00 -0.0000e+00 -0.0000e+00
-1.6428e+01     0.0000e+00  0.0000e+00 -0.0000e+00 -0.0000e+00  0.0000e+00  0.0000e+00 -0.0000e+00 -0.0000e+00
-1.6390e+01     0.0000e+00  0.0000e+00 -0.0000e+00 -0.0000e+00  0.0000e+00  0.0000e+00 -0.0000e+00 -0.0000e+00
-1.6352e+01     0.0000e+00  0.0000e+00 -0.0000e+00 -0.0000e+00  0.0000e+00  0.0000e+00 -0.0000e+00 -0.0000e+00
-1.6313e+01     0.0000e+00  0.0000e+00 -0.0000e+00 -0.0000e+00  0.0000e+00  0.0000e+00 -0.0000e+00 -0.0000e+00
-1.6275e+01     0.0000e+00  0.0000e+00 -0.0000e+00 -0.0000e+00  0.0000e+00  0.0000e+00 -0.0000e+00 -0.0000e+00
-1.6237e+01     0.0000e+00  0.0000e+00 -0.0000e+00 -0.0000e+00  0.0000e+00  0.0000e+00 -0.0000e+00 -0.0000e+00
-1.6198e+01     0.0000e+00  0.0000e+00 -0.0000e+00 -0.0000e+00  0.0000e+00  0.0000e+00 -0.0000e+00 -0.0000e+00
-1.6160e+01     0.0000e+00  0.0000e+00 -0.0000e+00 -0.0000e+00  0.0000e+00  0.0000e+00 -0.0000e+00 -0.0000e+00
-1.6122e+01     0.0000e+00  0.0000e+00 -0.0000e+00 -0.0000e+00  0.0000e+00  0.0000e+00 -0.0000e+00 -0.0000e+00
-1.6083e+01     0.0000e+00  0.0000e+00 -0.0000e+00 -0.0000e+00  0.0000e+00  0.0000e+00 -0.0000e+00 -0.0000e+00
-1.6045e+01     0.0000e+00  0.0000e+00 -0.0000e+00 -0.0000e+00  0.0000e+00  0.0000e+00 -0.0000e+00 -0.0000e+00
-1.6007e+01     0.0000e+00  0.0000e+00 -0.0000e+00 -0.0000e+00  0.0000e+00  0.0000e+00 -0.0000e+00 -0.0000e+00
-1.5968e+01     0.0000e+00  0.0000e+00 -0.0000e+00 -0.0000e+00  0.0000e+00  0.0000e+00 -0.0000e+00 -0.0000e+00
-1.5930e+01     0.0000e+00  0.0000e+00 -0.0000e+00 -0.0000e+00  0.0000e+00  0.0000e+00 -0.0000e+00 -0.0000e+00
-1.5892e+01     0.0000e+00  0.0000e+00 -0.0000e+00 -0.0000e+00  0.0000e+00  0.0000e+00 -0.0000e+00 -0.0000e+00
-1.5853e+01     0.0000e+00  0.0000e+00 -0.0000e+00 -0.0000e+00  0.0000e+00  0.0000e+00 -0.0000e+00 -0.0000e+00
-1.5815e+01     0.0000e+00  0.0000e+00 -0.0000e+00 -0.0000e+00  0.0000e+00  0.0000e+00 -0.0000e+00 -0.0000e+00
-1.5777e+01     0.0000e+00  0.0000e+00 -0.0000e+00 -0.0000e+00  0.0000e+00  0.0000e+00 -0.0000e+00 -0.0000e+00
-1.5738e+01     0.0000e+00  0.0000e+00 -0.0000e+00 -0.0000e+00  0.0000e+00  0.0000e+00 -0.0000e+00 -0.0000e+00
-1.5700e+01     0.0000e+00  0.0000e+00 -0.0000e+00 -0.0000e+00  0.0000e+00  0.0000e+00 -0.0000e+00 -0.0000e+00
-1.5662e+01     0.0000e+00  0.0000e+00 -0.0000e+00 -0.0000e+00  0.0000e+00  0.0000e+00 -0.0000e+00 -0.0000e+00
-1.5623e+01     0.0000e+00  0.0000e+00 -0.0000e+00 -0.0000e+00  0.0000e+00  0.0000e+00 -0.0000e+00 -0.0000e+00
-1.5585e+01     0.0000e+00  0.0000e+00 -0.0000e+00 -0.0000e+00  0.0000e+00  0.0000e+00 -0.0000e+00 -0.0000e+00
-1.5547e+01     0.0000e+00  0.0000e+00 -0.0000e+00 -0.0000e+00  0.0000e+00  0.0000e+00 -0.0000e+00 -0.0000e+00
-1.5508e+01     0.0000e+00  0.0000e+00 -0.0000e+00 -0.0000e+00  0.0000e+00  0.0000e+00 -0.0000e+00 -0.0000e+00
-1.5470e+01     0.0000e+00  0.0000e+00 -0.0000e+00 -0.0000e+00  0.0000e+00  0.0000e+00 -0.0000e+00 -0.0000e+00
-1.5432e+01     0.0000e+00  0.0000e+00 -0.0000e+00 -0.0000e+00  0.0000e+00  0.0000e+00 -0.0000e+00 -0.0000e+00
-1.5393e+01     0.0000e+00  0.0000e+00 -0.0000e+00 -0.0000e+00  0.0000e+00  0.0000e+00 -0.0000e+00 -0.0000e+00
-1.5355e+01     4.9683e+00  6.4765e-02 -3.6837e+00 -2.9089e-02  9.5068e-02  1.2393e-03 -7.0486e-02 -5.5661e-04
-1.5317e+01     8.4125e+00  5.9194e-02 -8.1258e+00 -5.4765e-02  3.5111e-01  3.6112e-03 -2.9646e-01 -2.1611e-03
-1.5278e+01     1.0503e+01  3.9604e-02 -1.6915e+01 -9.2766e-02  7.1305e-01  5.5017e-03 -7.7560e-01 -4.9841e-03
-1.5240e+01     9.0435e+00  3.6237e-02 -7.2070e+00 -3.3426e-02  1.0871e+00  6.9529e-03 -1.2372e+00 -7.3987e-03
-1.5202e+01     8.3177e+00  4.9433e-02 -7.6035e+00 -3.8179e-02  1.4193e+00  8.5922e-03 -1.5206e+00 -8.7689e-03
-1.5163e+01     1.3825e+01  3.9464e-02 -2.9985e+01 -2.1914e-01  1.8430e+00  1.0293e-02 -2.2398e+00 -1.3693e-02
-1.5125e+01     1.2343e+01  1.3642e-01 -8.4120e+00 -8.3396e-02  2.3437e+00  1.3659e-02 -2.9745e+00 -1.9482e-02
-1.5087e+01     3.9512e+00  3.8833e-02 -3.8504e+00 -3.8597e-02  2.6555e+00  1.7012e-02 -3.2092e+00 -2.1816e-02
-1.5048e+01     2.2339e+00  1.4768e-02 -3.1545e+00 -1.2862e-02  2.7738e+00  1.8038e-02 -3.3432e+00 -2.2800e-02
-1.5010e+01     3.2055e+00  2.0738e-02 -4.0975e+00 -8.5547e-03  2.8779e+00  1.8717e-02 -3.4820e+00 -2.3210e-02
-1.4972e+01     1.3345e+01  4.9401e-02 -1.4765e+01 -2.0852e-02  3.1946e+00  2.0059e-02 -3.8429e+00 -2.3773e-02
-1.4933e+01     4.0448e+00  1.6557e-02 -4.5961e+00 -1.8323e-02  3.5274e+00  2.1321e-02 -4.2133e+00 -2.4523e-02
-1.4895e+01     1.3381e+01  4.2866e-02 -1.7475e+01 -6.0618e-02  3.8608e+00  2.2458e-02 -4.6357e+00 -2.6033e-02
-1.4857e+01     1.9664e+01  1.0486e-01 -1.7662e+01 -4.9648e-02  4.4931e+00  2.5285e-02 -5.3080e+00 -2.8143e-02
-1.4818e+01     1.4534e+01  9.3676e-02 -1.6795e+01 -5.4704e-02  5.1475e+00  2.9084e-02 -5.9673e+00 -3.0140e-02
-1.4780e+01     1.0333e+01  7.5985e-02 -1.0531e+01 -9.9966e-02  5.6233e+00  3.2331e-02 -6.4902e+00 -3.3099e-02
-1.4742e+01     7.4754e+00  4.7829e-02 -7.1137e+00 -4.2469e-02  5.9641e+00  3.4700e-02 -6.8278e+00 -3.5825e-02
-1.4703e+01     1.9280e+01  1.3942e-01 -1.9492e+01 -7.9428e-02  6.4760e+00  3.8283e-02 -7.3369e+00 -3.8157e-02
-1.4665e+01     7.2183e+00  3.2495e-02 -7.7567e+00 -3.1274e-02  6.9830e+00  4.1572e-02 -7.8583e+00 -4.0276e-02
-1.4627e+01     1.7660e+01  6.1945e-02 -1.8582e+01 -6.7001e-02  7.4591e+00  4.3379e-02 -8.3623e+00 -4.2156e-02
-1.4588e+01     1.1417e+01  3.6673e-02 -1.1738e+01 -5.6075e-02  8.0155e+00  4.5266e-02 -8.9425e+00 -4.4511e-02
-1.4550e+01     6.0171e+00  4.1911e-02 -6.0307e+00 -3.0901e-02  8.3491e+00  4.6770e-02 -9.2825e+00 -4.6175e-02
-1.4512e+01     1.8285e+01  1.3542e-01 -1.5358e+01 -1.1161e-01  8.8141e+00  5.0163e-02 -9.6918e+00 -4.8902e-02
-1.4473e+01     1.1421e+01  9.9996e-02 -1.1599e+01 -1.1261e-01  9.3825e+00  5.4668e-02 -1.0208e+01 -5.3193e-02
-1.4435e+01     1.3518e+01  1.1387e-01 -1.5615e+01 -1.3229e-01  9.8597e+00  5.8760e-02 -1.0728e+01 -5.7879e-02
-1.4397e+01     1.2437e+01  8.8308e-02 -1.1762e+01 -8.3394e-02  1.0356e+01  6.2629e-02 -1.1252e+01 -6.2006e-02
-1.4358e+01     1.6507e+01  1.0660e-01 -1.3712e+01 -8.2280e-02  1.0910e+01  6.6358e-02 -1.1740e+01 -6.5176e-02
-1.4320e+01     1.0343e+01  8.7405e-02 -1.1883e+01 -7.5424e-02  1.1424e+01  7.0070e-02 -1.2229e+01 -6.8193e-02
-1.4282e+01     2.5445e+01  1.9894e-01 -1.8709e+01 -1.0529e-01  1.2109e+01  7.5549e-02 -1.2815e+01 -7.1651e-02
-1.4243e+01     1.1866e+01  6.8289e-02 -1.1846e+01 -9.1925e-02  1.2823e+01  8.0663e-02 -1.3399e+01 -7.5425e-02
-1.4205e+01     1.6798e+01  1.1177e-01 -1.6701e+01 -1.1695e-01  1.3371e+01  8.4108e-02 -1.3946e+01 -7.9422e-02
-1.4167e+01     1.3792e+01  7.6337e-02 -1.6117e+01 -1.2403e-01  1.3956e+01  8.7708e-02 -1.4574e+01 -8.4033e-02
-1.4128e+01     7.9372e+00  6.0694e-02 -6.8482e+00 -6.3388e-02  1.4372e+01  9.0330e-02 -1.5013e+01 -8.7619e-02
-1.4090e+01     2.1532e+01  2.4724e-01 -2.2684e+01 -2.5664e-01  1.4936e+01  9.6222e-02 -1.5578e+01 -9.3743e-02
-1.4052e+01     1.0677e+01  9.7968e-02 -9.9554e+00 -9.9451e-02  1.5552e+01  1.0283e-01 -1.6203e+01 -1.0056e-01
-1.4013e+01     1.6334e+01  1.6881e-01 -1.5409e+01 -1.7073e-01  1.6069e+01  1.0793e-01 -1.6688e+01 -1.0573e-01
-1.3975e+01     2.3253e+01  2.0615e-01 -2.0455e+01 -2.2171e-01  1.6827e+01  1.1511e-01 -1.7374e+01 -1.1324e-01
-1.3937e+01     9.6756e+00  6.1570e-02 -9.7722e+00 -8.5248e-02  1.7457e+01  1.2023e-01 -1.7953e+01 -1.1911e-01
-1.3898e+01     9.8785e+00  6.1589e-02 -1.7859e+01 -1.1832e-01  1.7831e+01  1.2259e-01 -1.8481e+01 -1.2300e-01
-1.3860e+01     2.8307e+01  2.6872e-01 -1.3439e+01 -1.3052e-01  1.8562e+01  1.2891e-01 -1.9080e+01 -1.2777e-01
-1.3822e+01     6.2521e+00  6.3854e-02 -5.9656e+00 -4.8990e-02  1.9223e+01  1.3527e-01 -1.9452e+01 -1.3120e-01
-1.3783e+01     1.7150e+01  1.4387e-01 -1.8381e+01 -1.6652e-01  1.9671e+01  1.3924e-01 -1.9917e+01 -1.3532e-01
-1.3745e+01     1.6987e+01  1.3027e-01 -1.6250e+01 -1.3007e-01  2.0324e+01  1.4449e-01 -2.0580e+01 -1.4100e-01
-1.3707e+01     7.9717e+00  7.3753e-02 -7.4399e+00 -6.1409e-02  2.0802e+01  1.4839e-01 -2.1033e+01 -1.4466e-01
-1.3668e+01     1.4608e+01  1.6484e-01 -1.4097e+01 -1.6086e-01  2.1234e+01  1.5296e-01 -2.1446e+01 -1.4892e-01
-1.3630e+01     1.2301e+01  1.2138e-01 -1.0990e+01 -1.3796e-01  2.1749e+01  1.5844e-01 -2.1926e+01 -1.5463e-01
-1.3592e+01     1.8002e+01  1.9261e-01 -1.7773e+01 -1.6956e-01  2.2328e+01  1.6444e-01 -2.2476e+01 -1.6052e-01
-1.3553e+01     1.6049e+01  2.0022e-01 -1.5472e+01 -1.9417e-01  2.2980e+01  1.7196e-01 -2.3112e+01 -1.6748e-01
-1.3515e+01     1.2937e+01  1.6729e-01 -1.4010e+01 -1.6554e-01  2.3535e+01  1.7899e-01 -2.3676e+01 -1.7436e-01
-1.3477e+01     1.6820e+01  2.3329e-01 -1.3888e+01 -2.1915e-01  2.4104e+01  1.8666e-01 -2.4210e+01 -1.8172e-01
-1.3438e+01     1.7099e+01  2.0747e-01 -2.7368e+01 -2.8729e-01  2.4753e+01  1.9509e-01 -2.4999e+01 -1.9141e-01
-1.3400e+01     1.1164e+01  1.3618e-01 -1.5882e+01 -2.1154e-01  2.5294e+01  2.0167e-01 -2.5827e+01 -2.0096e-01
-1.3362e+01     1.8173e+01  2.0160e-01 -1.4101e+01 -1.4360e-01  2.5855e+01  2.0813e-01 -2.6401e+01 -2.0775e-01
-1.3323e+01     1.7161e+01  1.9315e-01 -1.3507e+01 -1.5295e-01  2.6531e+01  2.1569e-01 -2.6929e+01 -2.1343e-01
-1.3285e+01     2.1975e+01  2.6697e-01 -1.9950e+01 -2.2895e-01  2.7280e+01  2.2449e-01 -2.7569e+01 -2.2074e-01
-1.3247e+01     1.8109e+01  1.9395e-01 -1.9191e+01 -1.7496e-01  2.8047e+01  2.3331e-01 -2.8318e+01 -2.2847e-01
-1.3208e+01     1.9102e+01  1.7579e-01 -2.0184e+01 -1.9729e-01  2.8759e+01  2.4038e-01 -2.9071e+01 -2.3559e-01
-1.3170e+01     2.0595e+01  1.4368e-01 -2.0011e+01 -1.7466e-01  2.9519e+01  2.4650e-01 -2.9841e+01 -2.4271e-01
-1.3132e+01     1.8009e+01  1.3885e-01 -1.7722e+01 -1.5493e-01  3.0257e+01  2.5190e-01 -3.0563e+01 -2.4901e-01
-1.3093e+01     1.9686e+01  1.3277e-01 -1.9212e+01 -1.7116e-01  3.0979e+01  2.5710e-01 -3.1269e+01 -2.5525e-01
-1.3055e+01     2.3002e+01  1.8163e-01 -2.1903e+01 -1.8441e-01  3.1796e+01  2.6312e-01 -3.2056e+01 -2.6206e-01
-1.3017e+01     2.1065e+01  1.5343e-01 -2.0032e+01 -1.7072e-01  3.2639e+01  2.6953e-01 -3.2858e+01 -2.6885e-01
-1.2978e+01     2.1465e+01  1.7235e-01 -2.1661e+01 -1.7818e-01  3.3453e+01  2.7576e-01 -3.3656e+01 -2.7553e-01
-1.2940e+01     2.5257e+01  2.0815e-01 -2.4315e+01 -1.7736e-01  3.4347e+01  2.8304e-01 -3.4536e+01 -2.8233e-01
-1.2902e+01     2.1489e+01  2.0008e-01 -2.1396e+01 -1.4596e-01  3.5241e+01  2.9085e-01 -3.5411e+01 -2.8852e-01
-1.2863e+01     1.8293e+01  1.8079e-01 -1.8993e+01 -1.4387e-01  3.6002e+01  2.9814e-01 -3.6183e+01 -2.9406e-01
-1.2825e+01     1.7838e+01  2.2078e-01 -1.7271e+01 -1.4237e-01  3.6694e+01  3.0583e-01 -3.6877e+01 -2.9954e-01
-1.2787e+01     1.8846e+01  2.0021e-01 -1.7635e+01 -1.7772e-01  3.7396e+01  3.1388e-01 -3.7545e+01 -3.0566e-01
-1.2748e+01     6.1186e+00  3.1617e-02 -8.3760e+00 -8.5653e-02  3.7873e+01  3.1832e-01 -3.8043e+01 -3.1070e-01
-1.2710e+01     2.1645e+01  2.1329e-01 -3.7574e+01 -1.9505e-01  3.8404e+01  3.2300e-01 -3.8922e+01 -3.1608e-01
-1.2672e+01     1.7352e+01  1.1625e-01 -1.5765e+01 -1.3177e-01  3.9151e+01  3.2931e-01 -3.9943e+01 -3.2233e-01
-1.2633e+01     1.6120e+01  1.1797e-01 -2.0163e+01 -1.6763e-01  3.9791e+01  3.3379e-01 -4.0630e+01 -3.2806e-01
-1.2595e+01     1.9753e+01  1.3373e-01 -1.9020e+01 -1.4336e-01  4.0478e+01  3.3861e-01 -4.1380e+01 -3.3401e-01
-1.2557e+01     1.0063e+01  8.2021e-02 -9.5180e+00 -5.1435e-02  4.1048e+01  3.4274e-01 -4.1926e+01 -3.3774e-01
-1.2518e+01     2.7546e+01  1.9338e-01 -2.6890e+01 -1.4976e-01  4.1768e+01  3.4800e-01 -4.2623e+01 -3.4159e-01
-1.2480e+01     3.1156e+01  1.8836e-01 -2.7941e+01 -1.6507e-01  4.2891e+01  3.5531e-01 -4.3672e+01 -3.4761e-01
-1.2442e+01     2.5668e+01  1.2977e-01 -2.4121e+01 -1.2986e-01  4.3978e+01  3.6140e-01 -4.4668e+01 -3.5325e-01
-1.2403e+01     2.2768e+01  1.4934e-01 -2.1410e+01 -1.3092e-01  4.4905e+01  3.6674e-01 -4.5539e+01 -3.5824e-01
-1.2365e+01     2.0124e+01  1.7665e-01 -2.1137e+01 -1.4836e-01  4.5726e+01  3.7298e-01 -4.6354e+01 -3.6359e-01
-1.2327e+01     1.6236e+01  1.3547e-01 -1.5369e+01 -1.2771e-01  4.6422e+01  3.7895e-01 -4.7052e+01 -3.6887e-01
-1.2288e+01     3.4082e+01  2.5042e-01 -2.7501e+01 -2.1338e-01  4.7384e+01  3.8633e-01 -4.7872e+01 -3.7540e-01
-1.2250e+01     2.1917e+01  1.7571e-01 -2.3963e+01 -1.3377e-01  4.8456e+01  3.9449e-01 -4.8857e+01 -3.8204e-01
-1.2212e+01     2.7406e+01  1.6460e-01 -2.4170e+01 -2.0147e-01  4.9400e+01  4.0100e-01 -4.9778e+01 -3.8845e-01
-1.2173e+01     2.9926e+01  2.3556e-01 -2.5843e+01 -2.1444e-01  5.0497e+01  4.0865e-01 -5.0735e+01 -3.9641e-01
-1.2135e+01     1.9463e+01  8.6737e-02 -2.3825e+01 -1.2658e-01  5.1442e+01  4.1482e-01 -5.1686e+01 -4.0294e-01
-1.2097e+01     1.8800e+01  7.8468e-02 -1.8862e+01 -1.1880e-01  5.2174e+01  4.1798e-01 -5.2502e+01 -4.0763e-01
-1.2058e+01     2.2544e+01  8.4657e-02 -2.4034e+01 -1.7853e-01  5.2965e+01  4.2110e-01 -5.3323e+01 -4.1332e-01
-1.2020e+01     2.3298e+01  1.0119e-01 -2.0092e+01 -1.0738e-01  5.3842e+01  4.2466e-01 -5.4168e+01 -4.1879e-01
-1.1982e+01     1.8085e+01  1.2245e-01 -1.4678e+01 -8.1848e-02  5.4634e+01  4.2894e-01 -5.4833e+01 -4.2241e-01
-1.1943e+01     2.6296e+01  1.4733e-01 -2.4136e+01 -1.5974e-01  5.5483e+01  4.3410e-01 -5.5576e+01 -4.2704e-01
-1.1905e+01     2.0959e+01  1.2683e-01 -2.2292e+01 -1.5355e-01  5.6387e+01  4.3935e-01 -5.6464e+01 -4.3303e-01
-1.1867e+01     2.0414e+01  1.2211e-01 -2.1790e+01 -1.3634e-01  5.7179e+01  4.4411e-01 -5.7307e+01 -4.3858e-01
-1.1828e+01     2.4015e+01  1.3708e-01 -2.4619e+01 -1.3077e-01  5.8029e+01  4.4907e-01 -5.8195e+01 -4.4369e-01
-1.1790e+01     3.5311e+01  1.3789e-01 -2.6689e+01 -1.5143e-01  5.9164e+01  4.5433e-01 -5.9177e+01 -4.4909e-01
-1.1752e+01     3.0343e+01  1.1421e-01 -2.3895e+01 -1.1411e-01  6.0421e+01  4.5916e-01 -6.0145e+01 -4.5417e-01
-1.1713e+01     1.2903e+01  5.2042e-02 -1.6413e+01 -5.4666e-02  6.1248e+01  4.6234e-01 -6.0916e+01 -4.5740e-01
-1.1675e+01     2.6724e+01  7.1053e-02 -2.4582e+01 -5.9374e-02  6.2007e+01  4.6469e-01 -6.1701e+01 -4.5958e-01
-1.1637e+01     1.8801e+01  4.9457e-02 -2.0285e+01 -3.8857e-02  6.2878e+01  4.6700e-01 -6.2559e+01 -4.6146e-01
-1.1598e+01     2.5079e+01  6.6617e-02 -2.1704e+01 -5.0629e-02  6.3717e+01  4.6922e-01 -6.3363e+01 -4.6317e-01
-1.1560e+01     2.6518e+01  8.4335e-02 -2.5252e+01 -5.8857e-02  6.4705e+01  4.7211e-01 -6.4261e+01 -4.6527e-01
-1.1522e+01     1.7511e+01  3.7869e-02 -1.6794e+01 -4.3350e-02  6.5547e+01  4.7445e-01 -6.5066e+01 -4.6722e-01
-1.1483e+01     1.6005e+01  4.1498e-02 -1.4500e+01 -4.1503e-02  6.6188e+01  4.7596e-01 -6.5665e+01 -4.6885e-01
-1.1445e+01     2.3153e+01  6.8176e-02 -2.3811e+01 -6.4968e-02  6.6938e+01  4.7806e-01 -6.6398e+01 -4.7089e-01
-1.1407e+01     1.7892e+01  8.4848e-02 -1.8059e+01 -8.4968e-02  6.7723e+01  4.8099e-01 -6.7199e+01 -4.7375e-01
-1.1368e+01     9.8694e+00  4.9594e-02 -1.1173e+01 -4.8252e-02  6.8254e+01  4.8356e-01 -6.7758e+01 -4.7630e-01
-1.1330e+01     2.7615e+01  8.2473e-02 -2.3508e+01 -7.7150e-02  6.8971e+01  4.8609e-01 -6.8422e+01 -4.7870e-01
-1.1292e+01     3.0536e+01  1.0547e-01 -2.8521e+01 -9.4607e-02  7.0084e+01  4.8969e-01 -6.9417e+01 -4.8199e-01
-1.1253e+01     1.8451e+01  4.8886e-02 -1.9546e+01 -6.9647e-02  7.1022e+01  4.9264e-01 -7.0337e+01 -4.8513e-01
-1.1215e+01     1.6681e+01  7.4414e-02 -9.4591e+00 -2.7032e-02  7.1694e+01  4.9500e-01 -7.0892e+01 -4.8698e-01
-1.1177e+01     2.3989e+01  7.7500e-02 -1.8566e+01 -7.1094e-02  7.2472e+01  4.9791e-01 -7.1428e+01 -4.8886e-01
-1.1138e+01     1.9076e+01  2.7757e-02 -1.4017e+01 -2.0181e-02  7.3296e+01  4.9992e-01 -7.2052e+01 -4.9061e-01
-1.1100e+01     1.0342e+01  2.8660e-02 -9.5551e+00 -2.7788e-02  7.3859e+01  5.0100e-01 -7.2503e+01 -4.9152e-01
-1.1062e+01     1.8736e+01  4.1672e-02 -2.0704e+01 -4.4195e-02  7.4415e+01  5.0235e-01 -7.3082e+01 -4.9290e-01
-1.1023e+01     1.9783e+01  5.1491e-02 -1.3851e+01 -3.8880e-02  7.5152e+01  5.0413e-01 -7.3743e+01 -4.9449e-01
-1.0985e+01     1.3939e+01  3.9312e-02 -1.8652e+01 -4.2763e-02  7.5798e+01  5.0587e-01 -7.4365e+01 -4.9605e-01
-1.0947e+01     2.9466e+00  9.9705e-03 -2.6835e+00 -1.3626e-02  7.6121e+01  5.0681e-01 -7.4773e+01 -4.9713e-01
-1.0908e+01     1.3235e+01  6.5241e-02 -1.0017e+01 -5.0835e-02  7.6430e+01  5.0825e-01 -7.5016e+01 -4.9837e-01
-1.0870e+01     1.0439e+01  5.4342e-02 -2.5337e+01 -1.1459e-01  7.6883e+01  5.1054e-01 -7.5693e+01 -5.0153e-01
-1.0832e+01     1.8258e+01  9.8344e-02 -2.1892e+01 -1.1907e-01  7.7432e+01  5.1346e-01 -7.6597e+01 -5.0600e-01
-1.0793e+01     1.1121e+01  5.0317e-02 -1.1717e+01 -5.0537e-02  7.7995e+01  5.1630e-01 -7.7240e+01 -5.0925e-01
-1.0755e+01     7.7317e+00  4.1554e-02 -1.0394e+01 -6.3589e-02  7.8355e+01  5.1806e-01 -7.7663e+01 -5.1143e-01
-1.0717e+01     2.2515e+01  2.1940e-01 -1.8242e+01 -1.3564e-01  7.8934e+01  5.2305e-01 -7.8211e+01 -5.1524e-01
-1.0678e+01     9.5809e+00  9.5317e-02 -1.1421e+01 -1.3246e-01  7.9548e+01  5.2908e-01 -7.8778e+01 -5.2037e-01
-1.0640e+01     2.6492e+01  2.0868e-01 -2.3957e+01 -2.5590e-01  8.0239e+01  5.3489e-01 -7.9455e+01 -5.2781e-01
-1.0602e+01     1.9331e+01  1.8856e-01 -2.8235e+01 -2.2336e-01  8.1115e+01  5.4249e-01 -8.0454e+01 -5.3698e-01
-1.0563e+01     1.8258e+01  1.6740e-01 -2.0242e+01 -2.1845e-01  8.1835e+01  5.4931e-01 -8.1381e+01 -5.4543e-01
-1.0525e+01     2.3708e+01  2.1442e-01 -9.7358e+00 -1.2595e-01  8.2638e+01  5.5661e-01 -8.1955e+01 -5.5202e-01
-1.0487e+01     2.0465e+01  2.2006e-01 -1.2065e+01 -1.8159e-01  8.3483e+01  5.6493e-01 -8.2372e+01 -5.5791e-01
-1.0448e+01     9.6406e+00  1.4172e-01 -8.9809e+00 -1.2743e-01  8.4059e+01  5.7185e-01 -8.2775e+01 -5.6382e-01
-1.0410e+01     1.4601e+01  2.5913e-01 -1.3030e+01 -1.9413e-01  8.4523e+01  5.7952e-01 -8.3196e+01 -5.6997e-01
-1.0372e+01     1.5238e+01  1.8849e-01 -1.4143e+01 -2.1899e-01  8.5094e+01  5.8808e-01 -8.3716e+01 -5.7788e-01
-1.0333e+01     1.3401e+01  2.1469e-01 -1.3510e+01 -1.8648e-01  8.5642e+01  5.9580e-01 -8.4245e+01 -5.8563e-01
-1.0295e+01     1.7057e+01  2.6827e-01 -1.7701e+01 -2.1567e-01  8.6225e+01  6.0504e-01 -8.4842e+01 -5.9333e-01
-1.0257e+01     2.9028e+01  2.7844e-01 -2.9363e+01 -3.1176e-01  8.7106e+01  6.1550e-01 -8.5743e+01 -6.0342e-01
-1.0218e+01     1.9343e+01  1.3958e-01 -1.8929e+01 -1.6240e-01  8.8032e+01  6.2350e-01 -8.6667e+01 -6.1249e-01
-1.0180e+01     1.6930e+01  1.2520e-01 -1.6547e+01 -1.1402e-01  8.8726e+01  6.2857e-01 -8.7346e+01 -6.1778e-01
-1.0142e+01     2.2506e+01  2.0349e-01 -1.9134e+01 -2.3133e-01  8.9481e+01  6.3486e-01 -8.8029e+01 -6.2439e-01
-1.0103e+01     1.9826e+01  2.4266e-01 -1.7395e+01 -1.9299e-01  9.0291e+01  6.4339e-01 -8.8728e+01 -6.3251e-01
-1.0065e+01     4.7840e+01  4.4791e-01 -3.3124e+01 -2.9289e-01  9.1585e+01  6.5661e-01 -8.9694e+01 -6.4181e-01
-1.0027e+01     2.4190e+01  1.8230e-01 -2.7361e+01 -1.9305e-01  9.2964e+01  6.6867e-01 -9.0852e+01 -6.5111e-01
-9.9883e+00     2.0835e+01  1.6177e-01 -1.9510e+01 -1.4268e-01  9.3825e+01  6.7525e-01 -9.1748e+01 -6.5753e-01
-9.9500e+00     1.7193e+01  1.2798e-01 -1.6918e+01 -1.3265e-01  9.4553e+01  6.8079e-01 -9.2446e+01 -6.6280e-01
-9.9117e+00     2.9283e+01  2.1298e-01 -2.6174e+01 -1.9532e-01  9.5442e+01  6.8732e-01 -9.3270e+01 -6.6908e-01
-9.8733e+00     1.8774e+01  1.3687e-01 -2.2360e+01 -1.5373e-01  9.6362e+01  6.9401e-01 -9.4199e+01 -6.7575e-01
-9.8350e+00     1.2234e+01  7.5302e-02 -2.9966e+01 -1.9397e-01  9.6955e+01  6.9807e-01 -9.5200e+01 -6.8241e-01
-9.7967e+00     2.3837e+01  1.6484e-01 -3.9752e+01 -2.3827e-01  9.7645e+01  7.0267e-01 -9.6534e+01 -6.9068e-01
-9.7583e+00     3.6119e+01  2.9459e-01 -3.9549e+01 -3.0032e-01  9.8792e+01  7.1146e-01 -9.8051e+01 -7.0098e-01
-9.7200e+00     9.5207e+00  8.5413e-02 -2.2474e+01 -1.3854e-01  9.9666e+01  7.1873e-01 -9.9238e+01 -7.0938e-01
-9.6817e+00     3.3290e+01  2.0143e-01 -2.2367e+01 -1.2285e-01  1.0048e+02  7.2422e-01 -1.0010e+02 -7.1438e-01
-9.6433e+00     3.5914e+01  1.9139e-01 -2.5095e+01 -1.3271e-01  1.0181e+02  7.3173e-01 -1.0100e+02 -7.1927e-01
-9.6050e+00     2.2379e+01  1.3236e-01 -1.8546e+01 -1.1099e-01  1.0292e+02  7.3793e-01 -1.0184e+02 -7.2394e-01
-9.5667e+00     2.5143e+01  1.5574e-01 -3.0245e+01 -1.5065e-01  1.0383e+02  7.4344e-01 -1.0277e+02 -7.2894e-01
-9.5283e+00     2.0832e+01  1.0432e-01 -3.4784e+01 -1.7394e-01  1.0471e+02  7.4842e-01 -1.0402e+02 -7.3515e-01
-9.4900e+00     3.8212e+01  1.5590e-01 -3.8033e+01 -1.6999e-01  1.0584e+02  7.5340e-01 -1.0541e+02 -7.4173e-01
-9.4517e+00     3.0997e+01  1.3205e-01 -5.2827e+01 -2.0542e-01  1.0717e+02  7.5891e-01 -1.0715e+02 -7.4892e-01
-9.4133e+00     2.9113e+01  1.0662e-01 -3.5570e+01 -1.1353e-01  1.0832e+02  7.6347e-01 -1.0884e+02 -7.5502e-01
-9.3750e+00     4.1334e+01  1.3529e-01 -3.6072e+01 -1.1339e-01  1.0967e+02  7.6810e-01 -1.1021e+02 -7.5936e-01
-9.3367e+00     4.1767e+01  1.3603e-01 -3.6874e+01 -1.2711e-01  1.1126e+02  7.7329e-01 -1.1161e+02 -7.6396e-01
-9.2983e+00     2.6742e+01  1.0368e-01 -2.5808e+01 -1.0237e-01  1.1257e+02  7.7788e-01 -1.1281e+02 -7.6836e-01
-9.2600e+00     1.9115e+01  8.7487e-02 -2.0163e+01 -9.8952e-02  1.1344e+02  7.8154e-01 -1.1369e+02 -7.7221e-01
-9.2217e+00     1.8936e+01  9.4265e-02 -4.0271e+01 -2.1970e-01  1.1417e+02  7.8502e-01 -1.1484e+02 -7.7831e-01
-9.1833e+00     4.0690e+01  1.6299e-01 -5.2689e+01 -1.9666e-01  1.1531e+02  7.8994e-01 -1.1662e+02 -7.8627e-01
-9.1450e+00     3.4724e+01  1.2977e-01 -2.5289e+01 -1.1063e-01  1.1676e+02  7.9554e-01 -1.1811e+02 -7.9215e-01
-9.1067e+00     7.5247e+00  2.0267e-02 -2.6299e+01 -1.0786e-01  1.1756e+02  7.9841e-01 -1.1910e+02 -7.9633e-01
-9.0683e+00     2.2963e+01  6.5669e-02 -6.5777e+01 -2.5267e-01  1.1815e+02  8.0006e-01 -1.2086e+02 -8.0323e-01
-9.0300e+00     5.1891e+01  1.3080e-01 -4.4585e+01 -1.2507e-01  1.1958e+02  8.0382e-01 -1.2297e+02 -8.1046e-01
-8.9917e+00     4.6864e+01  1.4008e-01 -2.0236e+01 -6.0533e-02  1.2147e+02  8.0900e-01 -1.2421e+02 -8.1401e-01
-8.9533e+00     3.1570e+01  8.6537e-02 -3.1878e+01 -8.9698e-02  1.2297e+02  8.1333e-01 -1.2521e+02 -8.1689e-01
-8.9150e+00     3.6993e+01  1.1820e-01 -3.2429e+01 -1.0400e-01  1.2428e+02  8.1725e-01 -1.2644e+02 -8.2059e-01
-8.8767e+00     4.4022e+01  1.3597e-01 -2.6535e+01 -8.7556e-02  1.2583e+02  8.2212e-01 -1.2757e+02 -8.2426e-01
-8.8383e+00     1.5379e+01  6.2412e-02 -1.5027e+01 -6.8983e-02  1.2697e+02  8.2591e-01 -1.2837e+02 -8.2725e-01
-8.8000e+00     2.6804e+01  9.5443e-02 -2.2467e+01 -7.9568e-02  1.2778e+02  8.2893e-01 -1.2908e+02 -8.3010e-01
-8.7617e+00     2.3526e+01  4.5192e-02 -1.6021e+01 -4.0746e-02  1.2874e+02  8.3162e-01 -1.2982e+02 -8.3240e-01
-8.7233e+00     3.4857e+01  8.7410e-02 -3.5474e+01 -1.0541e-01  1.2986e+02  8.3416e-01 -1.3081e+02 -8.3519e-01
-8.6850e+00     3.9187e+01  1.2992e-01 -4.3316e+01 -1.4550e-01  1.3127e+02  8.3832e-01 -1.3231e+02 -8.4000e-01
-8.6467e+00     5.3725e+01  1.9913e-01 -3.0345e+01 -1.0984e-01  1.3305e+02  8.4462e-01 -1.3372e+02 -8.4488e-01
-8.6083e+00     4.0926e+01  1.2161e-01 -2.3737e+01 -7.4763e-02  1.3486e+02  8.5075e-01 -1.3476e+02 -8.4841e-01
-8.5700e+00     2.6814e+01  5.2339e-02 -3.3291e+01 -9.0725e-02  1.3616e+02  8.5408e-01 -1.3585e+02 -8.5158e-01
-8.5317e+00     3.3305e+01  7.5265e-02 -3.8997e+01 -8.8715e-02  1.3731e+02  8.5652e-01 -1.3723e+02 -8.5501e-01
-8.4933e+00     3.9961e+01  7.1155e-02 -3.1317e+01 -5.8629e-02  1.3871e+02  8.5932e-01 -1.3858e+02 -8.5783e-01
-8.4550e+00     4.9803e+01  9.5190e-02 -3.2116e+01 -6.9576e-02  1.4043e+02  8.6251e-01 -1.3979e+02 -8.6029e-01
-8.4167e+00     3.8535e+01  6.4687e-02 -2.3127e+01 -4.0719e-02  1.4212e+02  8.6557e-01 -1.4085e+02 -8.6240e-01
-8.3783e+00     5.0175e+01  8.6653e-02 -4.0744e+01 -7.0063e-02  1.4382e+02  8.6846e-01 -1.4207e+02 -8.6452e-01
-8.3400e+00     2.3263e+01  4.4643e-02 -2.4045e+01 -4.3046e-02  1.4522e+02  8.7097e-01 -1.4331e+02 -8.6668e-01
-8.3017e+00     5.2781e+01  9.6101e-02 -4.9108e+01 -8.7421e-02  1.4668e+02  8.7367e-01 -1.4471e+02 -8.6918e-01
-8.2633e+00     3.3522e+01  5.8571e-02 -3.2745e+01 -5.6337e-02  1.4833e+02  8.7663e-01 -1.4628e+02 -8.7193e-01
-8.2250e+00     4.6213e+01  8.0552e-02 -4.2372e+01 -6.6397e-02  1.4985e+02  8.7929e-01 -1.4771e+02 -8.7428e-01
-8.1867e+00     2.4042e+01  4.8343e-02 -3.0414e+01 -5.7697e-02  1.5120e+02  8.8176e-01 -1.4911e+02 -8.7665e-01
-8.1483e+00     3.6801e+01  6.7039e-02 -4.1377e+01 -7.9487e-02  1.5236e+02  8.8396e-01 -1.5048e+02 -8.7928e-01
-8.1100e+00     5.1109e+01  1.0170e-01 -2.8053e+01 -6.8896e-02  1.5404e+02  8.8719e-01 -1.5181e+02 -8.8212e-01
-8.0717e+00     3.9291e+01  8.1712e-02 -4.6408e+01 -1.0631e-01  1.5577e+02  8.9070e-01 -1.5323e+02 -8.8547e-01
-8.0333e+00     4.5161e+01  9.4340e-02 -6.6066e+01 -1.4855e-01  1.5739e+02  8.9407e-01 -1.5539e+02 -8.9034e-01
-7.9950e+00     2.8003e+01  6.7071e-02 -2.6369e+01 -5.9080e-02  1.5879e+02  8.9716e-01 -1.5715e+02 -8.9432e-01
-7.9567e+00     5.3242e+01  1.2550e-01 -4.6404e+01 -1.0096e-01  1.6035e+02  9.0084e-01 -1.5855e+02 -8.9738e-01
-7.9183e+00     3.2256e+01  8.2896e-02 -3.4230e+01 -8.7404e-02  1.6198e+02  9.0483e-01 -1.6009e+02 -9.0098e-01
-7.8800e+00     4.7946e+01  1.2042e-01 -4.1362e+01 -9.2482e-02  1.6352e+02  9.0872e-01 -1.6154e+02 -9.0443e-01
-7.8417e+00     3.7616e+01  7.4365e-02 -3.5947e+01 -6.5651e-02  1.6515e+02  9.1245e-01 -1.6301e+02 -9.0745e-01
-7.8033e+00     5.6340e+01  1.3281e-01 -5.8405e+01 -1.2619e-01  1.6695e+02  9.1641e-01 -1.6482e+02 -9.1112e-01
-7.7650e+00     2.3630e+01  5.2755e-02 -2.8126e+01 -5.7851e-02  1.6848e+02  9.1996e-01 -1.6648e+02 -9.1464e-01
-7.7267e+00     5.4264e+01  1.1951e-01 -4.5534e+01 -1.0868e-01  1.6997e+02  9.2326e-01 -1.6789e+02 -9.1783e-01
-7.6883e+00     4.1700e+01  7.6723e-02 -3.5482e+01 -7.1768e-02  1.7181e+02  9.2702e-01 -1.6944e+02 -9.2128e-01
-7.6500e+00     3.3104e+01  7.9470e-02 -4.1279e+01 -1.0488e-01  1.7324e+02  9.3000e-01 -1.7090e+02 -9.2466e-01
-7.6117e+00     6.7781e+01  1.7944e-01 -6.3686e+01 -1.4072e-01  1.7517e+02  9.3496e-01 -1.7291e+02 -9.2936e-01
-7.5733e+00     4.9918e+01  1.7017e-01 -2.2672e+01 -7.7819e-02  1.7742e+02  9.4165e-01 -1.7457e+02 -9.3354e-01
-7.5350e+00     2.3300e+01  5.7566e-02 -3.1022e+01 -5.9559e-02  1.7882e+02  9.4601e-01 -1.7559e+02 -9.3617e-01
-7.4967e+00     3.8006e+01  8.8750e-02 -2.0905e+01 -4.0355e-02  1.8000e+02  9.4881e-01 -1.7659e+02 -9.3809e-01
-7.4583e+00     5.5784e+01  1.2953e-01 -4.6656e+01 -1.1397e-01  1.8179e+02  9.5298e-01 -1.7788e+02 -9.4104e-01
-7.4200e+00     7.7924e+01  2.6898e-01 -7.8518e+01 -2.5655e-01  1.8435e+02  9.6061e-01 -1.8027e+02 -9.4813e-01
-7.3817e+00     2.1768e+01  1.0430e-01 -3.0867e+01 -1.1676e-01  1.8626e+02  9.6775e-01 -1.8237e+02 -9.5527e-01
-7.3433e+00     3.6471e+01  1.5792e-01 -3.3510e+01 -1.8500e-01  1.8737e+02  9.7277e-01 -1.8360e+02 -9.6105e-01
-7.3050e+00     4.4937e+01  2.1364e-01 -5.6374e+01 -2.4703e-01  1.8893e+02  9.7988e-01 -1.8532e+02 -9.6931e-01
-7.2667e+00     4.3972e+01  2.6532e-01 -4.2297e+01 -1.9714e-01  1.9063e+02  9.8904e-01 -1.8721e+02 -9.7781e-01
-7.2283e+00     3.4760e+01  2.4217e-01 -3.2533e+01 -2.1947e-01  1.9214e+02  9.9875e-01 -1.8864e+02 -9.8578e-01
-7.1900e+00     3.0967e+01  2.4061e-01 -3.3072e+01 -3.0442e-01  1.9339e+02  1.0080e+00 -1.8989e+02 -9.9581e-01
-7.1517e+00     5.3917e+01  4.0577e-01 -6.3765e+01 -5.1073e-01  1.9502e+02  1.0204e+00 -1.9175e+02 -1.0114e+00
-7.1133e+00     3.4976e+01  2.8754e-01 -3.8491e+01 -3.1991e-01  1.9672e+02  1.0336e+00 -1.9370e+02 -1.0273e+00
-7.0750e+00     4.8023e+01  2.4402e-01 -4.3793e+01 -2.4560e-01  1.9831e+02  1.0438e+00 -1.9528e+02 -1.0381e+00
-7.0367e+00     4.0243e+01  2.5684e-01 -4.2244e+01 -2.7665e-01  2.0000e+02  1.0534e+00 -1.9692e+02 -1.0481e+00
-6.9983e+00     3.4199e+01  2.5303e-01 -3.5408e+01 -2.4160e-01  2.0142e+02  1.0631e+00 -1.9841e+02 -1.0580e+00
-6.9600e+00     3.5258e+01  2.8264e-01 -3.3142e+01 -2.6362e-01  2.0275e+02  1.0734e+00 -1.9972e+02 -1.0677e+00
-6.9217e+00     3.7054e+01  2.9306e-01 -3.9603e+01 -3.0409e-01  2.0413e+02  1.0844e+00 -2.0111e+02 -1.0786e+00
-6.8833e+00     5.9286e+01  6.4803e-01 -5.2424e+01 -4.3159e-01  2.0598e+02  1.1024e+00 -2.0288e+02 -1.0926e+00
-6.8450e+00     5.3030e+01  5.1698e-01 -4.8365e+01 -4.2998e-01  2.0813e+02  1.1247e+00 -2.0480e+02 -1.1091e+00
-6.8067e+00     3.1642e+01  2.7684e-01 -2.9834e+01 -2.9650e-01  2.0975e+02  1.1399e+00 -2.0630e+02 -1.1230e+00
-6.7683e+00     4.7342e+01  3.6042e-01 -4.4805e+01 -3.4798e-01  2.1126e+02  1.1521e+00 -2.0773e+02 -1.1354e+00
-6.7300e+00     3.3211e+01  2.4641e-01 -3.5844e+01 -2.6741e-01  2.1280e+02  1.1637e+00 -2.0927e+02 -1.1471e+00
-6.6917e+00     4.0438e+01  2.8167e-01 -4.1739e+01 -2.3731e-01  2.1421e+02  1.1738e+00 -2.1076e+02 -1.1568e+00
-6.6533e+00     4.8249e+01  3.1266e-01 -4.2235e+01 -2.9622e-01  2.1591e+02  1.1852e+00 -2.1236e+02 -1.1670e+00
-6.6150e+00     3.1413e+01  2.4817e-01 -2.9359e+01 -2.4768e-01  2.1743e+02  1.1959e+00 -2.1373e+02 -1.1774e+00
-6.5767e+00     3.0857e+01  2.3313e-01 -3.4221e+01 -3.0317e-01  2.1862e+02  1.2051e+00 -2.1495e+02 -1.1879e+00
-6.5383e+00     2.6248e+01  2.4069e-01 -2.8869e+01 -3.1528e-01  2.1971e+02  1.2142e+00 -2.1616e+02 -1.1998e+00
-6.5000e+00     3.5811e+01  3.9972e-01 -3.5785e+01 -3.7605e-01  2.2090e+02  1.2264e+00 -2.1739e+02 -1.2130e+00
-6.4617e+00     3.1651e+01  4.2897e-01 -2.9498e+01 -3.7902e-01  2.2219e+02  1.2423e+00 -2.1864e+02 -1.2275e+00
-6.4233e+00     4.0481e+01  4.6160e-01 -3.2181e+01 -3.8691e-01  2.2357e+02  1.2593e+00 -2.1982e+02 -1.2421e+00
-6.3850e+00     3.5045e+01  3.5489e-01 -3.3578e+01 -3.7518e-01  2.2502e+02  1.2750e+00 -2.2108e+02 -1.2567e+00
-6.3467e+00     3.3364e+01  3.6863e-01 -3.5116e+01 -4.6706e-01  2.2633e+02  1.2888e+00 -2.2240e+02 -1.2728e+00
-6.3083e+00     2.8726e+01  2.4206e-01 -2.9279e+01 -2.9803e-01  2.2751e+02  1.3005e+00 -2.2363e+02 -1.2874e+00
-6.2700e+00     3.5797e+01  3.3597e-01 -3.1154e+01 -2.8225e-01  2.2875e+02  1.3115e+00 -2.2478e+02 -1.2986e+00
-6.2317e+00     4.2348e+01  4.3310e-01 -4.5337e+01 -3.9714e-01  2.3024e+02  1.3263e+00 -2.2625e+02 -1.3116e+00
-6.1933e+00     3.6010e+01  5.0290e-01 -3.4913e+01 -4.1616e-01  2.3174e+02  1.3442e+00 -2.2778e+02 -1.3271e+00
-6.1550e+00     3.5717e+01  3.0588e-01 -7.2976e+01 -7.5628e-01  2.3312e+02  1.3596e+00 -2.2985e+02 -1.3495e+00
-6.1167e+00     3.1251e+01  3.4699e-01 -2.3953e+01 -2.3183e-01  2.3440e+02  1.3721e+00 -2.3170e+02 -1.3685e+00
-6.0783e+00     3.5472e+01  3.8326e-01 -2.4578e+01 -2.6299e-01  2.3567e+02  1.3861e+00 -2.3263e+02 -1.3779e+00
-6.0400e+00     3.8382e+01  4.0782e-01 -3.8835e+01 -4.3123e-01  2.3709e+02  1.4013e+00 -2.3384e+02 -1.3912e+00
-6.0017e+00     2.3333e+01  2.2059e-01 -4.1275e+01 -3.8020e-01  2.3827e+02  1.4133e+00 -2.3538e+02 -1.4067e+00
-5.9633e+00     2.0910e+01  1.7740e-01 -3.3625e+01 -3.1218e-01  2.3912e+02  1.4209e+00 -2.3681e+02 -1.4200e+00
-5.9250e+00     3.5018e+01  3.4620e-01 -3.9959e+01 -4.0513e-01  2.4019e+02  1.4309e+00 -2.3822e+02 -1.4337e+00
-5.8867e+00     2.2812e+01  3.0153e-01 -2.2550e+01 -2.6594e-01  2.4129e+02  1.4433e+00 -2.3941e+02 -1.4465e+00
-5.8483e+00     3.2665e+01  4.5329e-01 -2.4926e+01 -3.9875e-01  2.4235e+02  1.4577e+00 -2.4032e+02 -1.4593e+00
-5.8100e+00     2.4521e+01  2.7305e-01 -3.8231e+01 -4.4923e-01  2.4345e+02  1.4716e+00 -2.4153e+02 -1.4755e+00
-5.7717e+00     1.3436e+01  1.4434e-01 -1.7800e+01 -1.7786e-01  2.4417e+02  1.4796e+00 -2.4260e+02 -1.4875e+00
-5.7333e+00     2.4906e+01  2.3502e-01 -3.8245e+01 -3.6759e-01  2.4491e+02  1.4869e+00 -2.4368e+02 -1.4979e+00
-5.6950e+00     2.4445e+01  2.0403e-01 -3.2494e+01 -3.5429e-01  2.4585e+02  1.4953e+00 -2.4503e+02 -1.5117e+00
-5.6567e+00     2.3322e+01  3.0438e-01 -1.5951e+01 -1.5586e-01  2.4677e+02  1.5050e+00 -2.4596e+02 -1.5215e+00
-5.6183e+00     2.3909e+01  3.1566e-01 -2.7476e+01 -4.0983e-01  2.4767e+02  1.5169e+00 -2.4679e+02 -1.5323e+00
-5.5800e+00     2.7088e+01  3.3314e-01 -2.7931e+01 -3.5619e-01  2.4865e+02  1.5293e+00 -2.4785e+02 -1.5470e+00
-5.5417e+00     2.9676e+01  3.8081e-01 -2.8523e+01 -3.3297e-01  2.4973e+02  1.5430e+00 -2.4893e+02 -1.5602e+00
-5.5033e+00     3.1272e+01  3.1329e-01 -2.9260e+01 -3.3353e-01  2.5090e+02  1.5562e+00 -2.5003e+02 -1.5729e+00
-5.4650e+00     3.2511e+01  2.6685e-01 -4.3549e+01 -4.1933e-01  2.5212e+02  1.5673e+00 -2.5143e+02 -1.5873e+00
-5.4267e+00     3.7168e+01  2.3248e-01 -3.0144e+01 -2.4836e-01  2.5345e+02  1.5769e+00 -2.5284e+02 -1.6001e+00
-5.3883e+00     3.4476e+01  2.5208e-01 -3.4457e+01 -2.2678e-01  2.5482e+02  1.5862e+00 -2.5407e+02 -1.6092e+00
-5.3500e+00     3.1798e+01  3.1989e-01 -3.0446e+01 -2.4380e-01  2.5609e+02  1.5971e+00 -2.5532e+02 -1.6182e+00
-5.3117e+00     2.4280e+01  2.0702e-01 -2.5578e+01 -2.4041e-01  2.5716e+02  1.6072e+00 -2.5639e+02 -1.6275e+00
-5.2733e+00     4.8122e+01  3.8526e-01 -2.8840e+01 -2.7643e-01  2.5855e+02  1.6185e+00 -2.5743e+02 -1.6374e+00
-5.2350e+00     3.1316e+01  2.2670e-01 -3.3912e+01 -3.5167e-01  2.6007e+02  1.6302e+00 -2.5863e+02 -1.6494e+00
-5.1967e+00     2.6226e+01  1.9786e-01 -6.3551e+01 -4.8378e-01  2.6117e+02  1.6384e+00 -2.6049e+02 -1.6654e+00
-5.1583e+00     2.8006e+01  1.7422e-01 -5.4292e+01 -2.4929e-01  2.6221e+02  1.6455e+00 -2.6275e+02 -1.6794e+00
-5.1200e+00     1.8704e+01  1.8594e-01 -2.2357e+01 -1.6538e-01  2.6310e+02  1.6524e+00 -2.6422e+02 -1.6873e+00
-5.0817e+00     2.2591e+01  1.8135e-01 -2.4141e+01 -2.4055e-01  2.6389e+02  1.6594e+00 -2.6511e+02 -1.6951e+00
-5.0433e+00     2.8379e+01  2.5333e-01 -3.7107e+01 -3.0621e-01  2.6487e+02  1.6677e+00 -2.6628e+02 -1.7056e+00
-5.0050e+00     2.9527e+01  2.2315e-01 -3.6710e+01 -4.0296e-01  2.6598e+02  1.6768e+00 -2.6769e+02 -1.7191e+00
-4.9667e+00     3.9203e+01  2.7230e-01 -3.5705e+01 -3.8469e-01  2.6729e+02  1.6863e+00 -2.6908e+02 -1.7342e+00
-4.9283e+00     2.3508e+01  2.9485e-01 -2.7781e+01 -3.7733e-01  2.6849e+02  1.6972e+00 -2.7029e+02 -1.7488e+00
-4.8900e+00     2.4261e+01  3.4308e-01 -1.7808e+01 -2.9187e-01  2.6940e+02  1.7094e+00 -2.7116e+02 -1.7616e+00
-4.8517e+00     1.7820e+01  2.3513e-01 -1.5144e+01 -2.2539e-01  2.7021e+02  1.7204e+00 -2.7179e+02 -1.7715e+00
-4.8133e+00     2.7230e+01  2.5424e-01 -3.4337e+01 -4.4296e-01  2.7107e+02  1.7298e+00 -2.7274e+02 -1.7843e+00
-4.7750e+00     2.8400e+01  2.7117e-01 -2.2609e+01 -2.4797e-01  2.7214e+02  1.7399e+00 -2.7383e+02 -1.7975e+00
-4.7367e+00     1.4057e+01  1.7602e-01 -1.8675e+01 -2.0227e-01  2.7295e+02  1.7484e+00 -2.7462e+02 -1.8061e+00
-4.6983e+00     2.2530e+01  3.2107e-01 -1.4699e+01 -2.0731e-01  2.7365e+02  1.7579e+00 -2.7526e+02 -1.8139e+00
-4.6600e+00     1.1586e+01  1.7899e-01 -1.2087e+01 -1.9316e-01  2.7430e+02  1.7675e+00 -2.7577e+02 -1.8216e+00
-4.6217e+00     1.2285e+01  2.0444e-01 -1.8337e+01 -3.3111e-01  2.7476e+02  1.7748e+00 -2.7635e+02 -1.8316e+00
-4.5833e+00     1.4379e+01  1.6838e-01 -1.8157e+01 -2.2684e-01  2.7527e+02  1.7820e+00 -2.7705e+02 -1.8423e+00
-4.5450e+00     1.2418e+01  1.9058e-01 -1.9221e+01 -3.1430e-01  2.7578e+02  1.7888e+00 -2.7777e+02 -1.8527e+00
-4.5067e+00     1.0706e+01  2.3761e-01 -1.0019e+01 -1.9640e-01  2.7622e+02  1.7970e+00 -2.7833e+02 -1.8624e+00
-4.4683e+00     1.5629e+01  2.0043e-01 -1.4896e+01 -1.4837e-01  2.7673e+02  1.8054e+00 -2.7880e+02 -1.8690e+00
-4.4300e+00     1.1663e+01  1.3179e-01 -1.7107e+01 -2.0199e-01  2.7725e+02  1.8118e+00 -2.7942e+02 -1.8757e+00
-4.3917e+00     1.3686e+01  1.5933e-01 -1.2734e+01 -1.6808e-01  2.7773e+02  1.8173e+00 -2.7999e+02 -1.8828e+00
-4.3533e+00     1.1688e+01  1.6141e-01 -1.1961e+01 -1.7126e-01  2.7822e+02  1.8235e+00 -2.8046e+02 -1.8893e+00
-4.3150e+00     2.1858e+01  3.3233e-01 -1.6236e+01 -2.4005e-01  2.7886e+02  1.8329e+00 -2.8100e+02 -1.8972e+00
-4.2767e+00     1.1094e+01  1.5370e-01 -1.0755e+01 -1.6477e-01  2.7949e+02  1.8422e+00 -2.8151e+02 -1.9049e+00
-4.2383e+00     1.4340e+01  1.8108e-01 -1.4363e+01 -2.1506e-01  2.7998e+02  1.8486e+00 -2.8200e+02 -1.9122e+00
-4.2000e+00     1.0025e+01  1.2868e-01 -9.0242e+00 -1.3717e-01  2.8045e+02  1.8546e+00 -2.8244e+02 -1.9189e+00
-4.1617e+00     1.6501e+01  2.3930e-01 -1.7043e+01 -2.8225e-01  2.8095e+02  1.8616e+00 -2.8294e+02 -1.9270e+00
-4.1233e+00     9.1315e+00  1.6433e-01 -1.2580e+01 -1.9862e-01  2.8144e+02  1.8693e+00 -2.8351e+02 -1.9362e+00
-4.0850e+00     1.4739e+01  3.4680e-01 -1.0458e+01 -1.7487e-01  2.8190e+02  1.8791e+00 -2.8395e+02 -1.9433e+00
-4.0467e+00     1.3799e+01  2.6751e-01 -1.2801e+01 -2.7945e-01  2.8245e+02  1.8909e+00 -2.8439e+02 -1.9520e+00
-4.0083e+00     9.9828e+00  1.7981e-01 -9.9918e+00 -2.0121e-01  2.8290e+02  1.8994e+00 -2.8483e+02 -1.9612e+00
-3.9700e+00     5.9036e+00  6.7213e-02 -8.0782e+00 -1.5426e-01  2.8321e+02  1.9041e+00 -2.8518e+02 -1.9680e+00
-3.9317e+00     2.0508e-01  2.4823e-03 -4.9214e-01 -1.1799e-02  2.8332e+02  1.9055e+00 -2.8534e+02 -1.9712e+00
-3.8933e+00     0.0000e+00  0.0000e+00 -0.0000e+00 -0.0000e+00  2.8333e+02  1.9055e+00 -2.8535e+02 -1.9714e+00
-3.8550e+00     2.2361e+00  2.0107e-02 -8.4986e+00 -1.0779e-01  2.8337e+02  1.9059e+00 -2.8551e+02 -1.9735e+00
-3.8167e+00     1.1268e+01  1.7254e-01 -1.5202e+01 -1.9476e-01  2.8363e+02  1.9096e+00 -2.8597e+02 -1.9793e+00
-3.7783e+00     1.2003e+01  2.2963e-01 -1.6980e+01 -2.1298e-01  2.8407e+02  1.9173e+00 -2.8658e+02 -1.9871e+00
-3.7400e+00     0.0000e+00  0.0000e+00 -0.0000e+00 -0.0000e+00  2.8430e+02  1.9217e+00 -2.8691e+02 -1.9911e+00
-3.7017e+00     0.0000e+00  0.0000e+00 -0.0000e+00 -0.0000e+00  2.8430e+02  1.9217e+00 -2.8691e+02 -1.9911e+00
-3.6633e+00     0.0000e+00  0.0000e+00 -0.0000e+00 -0.0000e+00  2.8430e+02  1.9217e+00 -2.8691e+02 -1.9911e+00
-3.6250e+00     5.3285e+00  4.8967e-02 -1.1395e+01 -1.0785e-01  2.8440e+02  1.9226e+00 -2.8712e+02 -1.9932e+00
-3.5867e+00     9.7724e+00  6.6979e-02 -1.0020e+01 -9.4709e-02  2.8469e+02  1.9248e+00 -2.8753e+02 -1.9971e+00
-3.5483e+00     1.9536e+01  1.0496e-01 -7.7701e+00 -6.5448e-02  2.8525e+02  1.9281e+00 -2.8787e+02 -2.0001e+00
-3.5100e+00     0.0000e+00  0.0000e+00 -0.0000e+00 -0.0000e+00  2.8563e+02  1.9301e+00 -2.8802e+02 -2.0014e+00
-3.4717e+00     2.6248e+00  3.6867e-02 -4.2554e+00 -2.4151e-02  2.8568e+02  1.9308e+00 -2.8810e+02 -2.0019e+00
-3.4333e+00     8.6669e+00  7.7258e-02 -7.4623e+00 -3.8159e-02  2.8589e+02  1.9330e+00 -2.8833e+02 -2.0030e+00
-3.3950e+00     5.1912e+00  4.7902e-02 -6.7687e+00 -3.5819e-02  2.8616e+02  1.9354e+00 -2.8860e+02 -2.0045e+00
-3.3567e+00     1.1290e+01  7.2775e-02 -7.1095e+00 -3.3694e-02  2.8647e+02  1.9377e+00 -2.8887e+02 -2.0058e+00
-3.3183e+00     1.2397e+01  3.6706e-02 -2.4620e+01 -9.2828e-02  2.8693e+02  1.9398e+00 -2.8947e+02 -2.0082e+00
-3.2800e+00     2.2007e+01  5.1921e-02 -8.6999e+00 -2.5650e-02  2.8759e+02  1.9415e+00 -2.9011e+02 -2.0105e+00
-3.2417e+00     2.0304e+01  1.2603e-01 -8.1837e+00 -3.3836e-02  2.8840e+02  1.9449e+00 -2.9043e+02 -2.0116e+00
-3.2033e+00     9.5149e-01  7.3204e-03 -1.2836e+01 -2.4929e-02  2.8880e+02  1.9475e+00 -2.9084e+02 -2.0127e+00
-3.1650e+00     0.0000e+00  0.0000e+00 -0.0000e+00 -0.0000e+00  2.8882e+02  1.9476e+00 -2.9108e+02 -2.0132e+00
-3.1267e+00     2.5099e+01  8.6117e-02 -0.0000e+00 -0.0000e+00  2.8930e+02  1.9493e+00 -2.9108e+02 -2.0132e+00
-3.0883e+00     0.0000e+00  0.0000e+00 -0.0000e+00 -0.0000e+00  2.8978e+02  1.9509e+00 -2.9108e+02 -2.0132e+00
-3.0500e+00     0.0000e+00  0.0000e+00 -0.0000e+00 -0.0000e+00  2.8978e+02  1.9509e+00 -2.9108e+02 -2.0132e+00
-3.0117e+00     0.0000e+00  0.0000e+00 -0.0000e+00 -0.0000e+00  2.8978e+02  1.9509e+00 -2.9108e+02 -2.0132e+00
-2.9733e+00     5.8761e+00  2.5881e-02 -1.7577e+01 -9.8849e-02  2.8989e+02  1.9514e+00 -2.9142e+02 -2.0151e+00
-2.9350e+00     1.2871e+01  6.9020e-02 -0.0000e+00 -0.0000e+00  2.9025e+02  1.9532e+00 -2.9176e+02 -2.0170e+00
-2.8967e+00     2.8923e+00  1.3717e-02 -0.0000e+00 -0.0000e+00  2.9055e+02  1.9548e+00 -2.9176e+02 -2.0170e+00
-2.8583e+00     5.4436e+01  2.7645e-01 -0.0000e+00 -0.0000e+00  2.9165e+02  1.9604e+00 -2.9176e+02 -2.0170e+00
-2.8200e+00     0.0000e+00  0.0000e+00 -0.0000e+00 -0.0000e+00  2.9269e+02  1.9657e+00 -2.9176e+02 -2.0170e+00
-2.7817e+00     0.0000e+00  0.0000e+00 -0.0000e+00 -0.0000e+00  2.9269e+02  1.9657e+00 -2.9176e+02 -2.0170e+00
-2.7433e+00     0.0000e+00  0.0000e+00 -0.0000e+00 -0.0000e+00  2.9269e+02  1.9657e+00 -2.9176e+02 -2.0170e+00
-2.7050e+00     0.0000e+00  0.0000e+00 -0.0000e+00 -0.0000e+00  2.9269e+02  1.9657e+00 -2.9176e+02 -2.0170e+00
-2.6667e+00     0.0000e+00  0.0000e+00 -0.0000e+00 -0.0000e+00  2.9269e+02  1.9657e+00 -2.9176e+02 -2.0170e+00
-2.6283e+00     0.0000e+00  0.0000e+00 -1.5920e+01 -4.8833e-02  2.9269e+02  1.9657e+00 -2.9206e+02 -2.0179e+00
-2.5900e+00     0.0000e+00  0.0000e+00 -1.8681e+00 -5.6382e-03  2.9269e+02  1.9657e+00 -2.9240e+02 -2.0190e+00
-2.5517e+00     0.0000e+00  0.0000e+00 -1.7651e+01 -8.6781e-02  2.9269e+02  1.9657e+00 -2.9277e+02 -2.0208e+00
-2.5133e+00     0.0000e+00  0.0000e+00 -5.3807e+00 -2.3724e-02  2.9269e+02  1.9657e+00 -2.9321e+02 -2.0229e+00
-2.4750e+00     0.0000e+00  0.0000e+00 -3.3267e+00 -1.6070e-02  2.9269e+02  1.9657e+00 -2.9338e+02 -2.0236e+00
-2.4367e+00     0.0000e+00  0.0000e+00 -1.3924e-01 -8.9457e-04  2.9269e+02  1.9657e+00 -2.9345e+02 -2.0240e+00
-2.3983e+00     1.3183e+01  8.0952e-02 -1.2275e+01 -1.1226e-01  2.9294e+02  1.9672e+00 -2.9368e+02 -2.0261e+00
-2.3600e+00     1.0295e+01  5.4948e-02 -6.3879e+00 -4.7602e-02  2.9339e+02  1.9698e+00 -2.9404e+02 -2.0292e+00
-2.3217e+00     2.0512e-01  1.1508e-03 -4.1409e+00 -4.1701e-02  2.9360e+02  1.9709e+00 -2.9424e+02 -2.0309e+00
-2.2833e+00     6.6915e+00  8.8500e-02 -1.9974e+01 -1.1366e-01  2.9373e+02  1.9726e+00 -2.9471e+02 -2.0339e+00
-2.2450e+00     1.2052e+01  1.4783e-01 -4.2535e+00 -3.6225e-02  2.9409e+02  1.9771e+00 -2.9517e+02 -2.0367e+00
-2.2067e+00     1.0090e+01  5.7612e-02 -8.4501e+00 -8.0436e-02  2.9451e+02  1.9810e+00 -2.9541e+02 -2.0390e+00
-2.1683e+00     1.1802e+01  5.6965e-02 -8.0267e+00 -7.1576e-02  2.9493e+02  1.9832e+00 -2.9573e+02 -2.0419e+00
-2.1300e+00     7.0897e+00  8.1620e-02 -6.3937e+00 -5.0021e-02  2.9529e+02  1.9859e+00 -2.9600e+02 -2.0442e+00
-2.0917e+00     0.0000e+00  0.0000e+00 -0.0000e+00 -0.0000e+00  2.9543e+02  1.9874e+00 -2.9613e+02 -2.0452e+00
-2.0533e+00     0.0000e+00  0.0000e+00 -0.0000e+00 -0.0000e+00  2.9543e+02  1.9874e+00 -2.9613e+02 -2.0452e+00
-2.0150e+00     0.0000e+00  0.0000e+00 -0.0000e+00 -0.0000e+00  2.9543e+02  1.9874e+00 -2.9613e+02 -2.0452e+00
-1.9767e+00     3.1747e+01  2.6649e-01 -5.9090e+00 -1.9825e-02  2.9603e+02  1.9925e+00 -2.9624e+02 -2.0455e+00
-1.9383e+00     5.2193e+00  1.9219e-02 -1.0430e+01 -4.4807e-02  2.9674e+02  1.9980e+00 -2.9655e+02 -2.0468e+00
-1.9000e+00     1.5061e+01  5.2214e-02 -9.5683e+00 -6.0446e-02  2.9713e+02  1.9994e+00 -2.9693e+02 -2.0488e+00
-1.8617e+00     4.8782e+00  6.4226e-02 -7.2408e+00 -9.2526e-02  2.9751e+02  2.0016e+00 -2.9726e+02 -2.0517e+00
-1.8233e+00     2.5286e+01  2.3750e-01 -2.9977e+01 -4.4678e-01  2.9809e+02  2.0074e+00 -2.9797e+02 -2.0620e+00
-1.7850e+00     1.5843e+01  1.4723e-01 -1.8856e+01 -1.5063e-01  2.9887e+02  2.0147e+00 -2.9890e+02 -2.0735e+00
-1.7467e+00     1.1016e+01  6.5111e-02 -1.2261e+01 -9.5825e-02  2.9939e+02  2.0188e+00 -2.9950e+02 -2.0782e+00
-1.7083e+00     3.0202e+01  2.2149e-01 -2.8228e+01 -2.0268e-01  3.0018e+02  2.0243e+00 -3.0027e+02 -2.0839e+00
-1.6700e+00     5.7975e+00  6.0995e-02 -4.5833e+00 -3.9441e-02  3.0087e+02  2.0297e+00 -3.0090e+02 -2.0885e+00
-1.6317e+00     2.3016e+01  1.9143e-01 -1.2681e+01 -1.2262e-01  3.0142e+02  2.0345e+00 -3.0123e+02 -2.0916e+00
-1.5933e+00     1.2429e+01  8.7866e-02 -1.6051e+01 -1.2236e-01  3.0210e+02  2.0399e+00 -3.0178e+02 -2.0963e+00
-1.5550e+00     8.8553e+00  6.8441e-02 -1.2032e+01 -7.3011e-02  3.0250e+02  2.0429e+00 -3.0232e+02 -2.1000e+00
-1.5167e+00     4.4149e+00  4.6179e-02 -5.4278e+00 -4.6103e-02  3.0276e+02  2.0451e+00 -3.0265e+02 -2.1023e+00
-1.4783e+00     7.7977e+00  6.7352e-02 -5.2537e+00 -4.4405e-02  3.0299e+02  2.0472e+00 -3.0286e+02 -2.1041e+00
-1.4400e+00     1.5334e+01  1.3000e-01 -1.2348e+01 -7.6917e-02  3.0343e+02  2.0510e+00 -3.0319e+02 -2.1064e+00
-1.4017e+00     5.9541e+00  6.0231e-02 -8.2817e+00 -6.5931e-02  3.0384e+02  2.0546e+00 -3.0359e+02 -2.1091e+00
-1.3633e+00     1.2613e+01  1.2181e-01 -7.6119e+00 -6.0348e-02  3.0420e+02  2.0581e+00 -3.0389e+02 -2.1115e+00
-1.3250e+00     1.9962e+01  2.1028e-01 -2.0195e+01 -1.6376e-01  3.0482e+02  2.0645e+00 -3.0442e+02 -2.1158e+00
-1.2867e+00     1.8431e+01  1.9715e-01 -1.6351e+01 -1.5745e-01  3.0555e+02  2.0723e+00 -3.0512e+02 -2.1220e+00
-1.2483e+00     1.9753e+01  2.3498e-01 -1.5385e+01 -1.3892e-01  3.0628e+02  2.0805e+00 -3.0573e+02 -2.1276e+00
-1.2100e+00     1.2247e+01  1.3763e-01 -1.4342e+01 -1.3679e-01  3.0690e+02  2.0877e+00 -3.0630e+02 -2.1329e+00
-1.1717e+00     2.1024e+01  2.5117e-01 -2.0925e+01 -1.9072e-01  3.0753e+02  2.0951e+00 -3.0697e+02 -2.1392e+00
-1.1333e+00     1.8876e+01  2.5000e-01 -1.5805e+01 -1.6904e-01  3.0830e+02  2.1047e+00 -3.0768e+02 -2.1461e+00
-1.0950e+00     1.2286e+01  1.6170e-01 -1.2847e+01 -1.3900e-01  3.0889e+02  2.1126e+00 -3.0822e+02 -2.1520e+00
-1.0567e+00     1.9268e+01  2.7611e-01 -1.5785e+01 -1.8646e-01  3.0950e+02  2.1210e+00 -3.0877e+02 -2.1582e+00
-1.0183e+00     1.8956e+01  2.7360e-01 -1.8007e+01 -2.2954e-01  3.1023e+02  2.1315e+00 -3.0942e+02 -2.1661e+00
-9.8000e-01     2.3533e+01  3.4261e-01 -2.1696e+01 -2.6839e-01  3.1104e+02  2.1433e+00 -3.1018e+02 -2.1757e+00
-9.4167e-01     1.8527e+01  2.5479e-01 -1.8563e+01 -2.2518e-01  3.1185e+02  2.1547e+00 -3.1095e+02 -2.1851e+00
-9.0333e-01     1.8185e+01  2.2177e-01 -1.9636e+01 -2.1983e-01  3.1255e+02  2.1638e+00 -3.1168e+02 -2.1936e+00
-8.6500e-01     2.2978e+01  2.5885e-01 -2.1710e+01 -2.8601e-01  3.1334e+02  2.1730e+00 -3.1247e+02 -2.2033e+00
-8.2667e-01     2.1978e+01  2.6188e-01 -1.9869e+01 -2.5953e-01  3.1420e+02  2.1830e+00 -3.1327e+02 -2.2137e+00
-7.8833e-01     1.7835e+01  2.2662e-01 -1.6481e+01 -2.2090e-01  3.1496e+02  2.1923e+00 -3.1396e+02 -2.2229e+00
-7.5000e-01     1.6685e+01  2.4075e-01 -2.0125e+01 -2.5572e-01  3.1562e+02  2.2013e+00 -3.1466e+02 -2.2321e+00
-7.1167e-01     2.2631e+01  3.2875e-01 -1.9527e+01 -2.5023e-01  3.1637e+02  2.2122e+00 -3.1542e+02 -2.2417e+00
-6.7333e-01     2.0429e+01  3.0037e-01 -1.6800e+01 -1.9497e-01  3.1719e+02  2.2242e+00 -3.1612e+02 -2.2503e+00
-6.3500e-01     2.1824e+01  2.9009e-01 -2.2949e+01 -2.6487e-01  3.1800e+02  2.2355e+00 -3.1688e+02 -2.2591e+00
-5.9667e-01     2.1498e+01  2.8282e-01 -2.2114e+01 -2.4903e-01  3.1883e+02  2.2465e+00 -3.1774e+02 -2.2689e+00
-5.5833e-01     2.3612e+01  3.1670e-01 -1.9021e+01 -2.0926e-01  3.1970e+02  2.2579e+00 -3.1853e+02 -2.2777e+00
-5.2000e-01     1.9259e+01  2.6622e-01 -2.4835e+01 -2.7587e-01  3.2052e+02  2.2691e+00 -3.1937e+02 -2.2869e+00
-4.8167e-01     2.3045e+01  3.1333e-01 -2.5771e+01 -3.0824e-01  3.2132e+02  2.2802e+00 -3.2033e+02 -2.2981e+00
-4.4333e-01     2.3483e+01  2.9782e-01 -2.3601e+01 -2.6916e-01  3.2222e+02  2.2919e+00 -3.2128e+02 -2.3092e+00
-4.0500e-01     2.4008e+01  2.9634e-01 -2.5486e+01 -2.5878e-01  3.2312e+02  2.3032e+00 -3.2222e+02 -2.3193e+00
-3.6667e-01     1.9940e+01  2.2937e-01 -2.3936e+01 -2.4506e-01  3.2396e+02  2.3133e+00 -3.2316e+02 -2.3289e+00
-3.2833e-01     2.7546e+01  3.1901e-01 -2.3958e+01 -2.5897e-01  3.2487e+02  2.3238e+00 -3.2408e+02 -2.3386e+00
-2.9000e-01     2.4257e+01  2.7029e-01 -2.3325e+01 -2.8839e-01  3.2586e+02  2.3351e+00 -3.2499e+02 -2.3490e+00
-2.5167e-01     2.3769e+01  2.8942e-01 -2.5426e+01 -3.4591e-01  3.2678e+02  2.3458e+00 -3.2592e+02 -2.3612e+00
-2.1333e-01     3.0625e+01  3.7139e-01 -3.3673e+01 -3.8957e-01  3.2782e+02  2.3584e+00 -3.2705e+02 -2.3752e+00
-1.7500e-01     3.3626e+01  4.7050e-01 -2.4896e+01 -3.4198e-01  3.2905e+02  2.3745e+00 -3.2817e+02 -2.3892e+00
-1.3667e-01     2.4807e+01  3.1565e-01 -2.7779e+01 -4.0320e-01  3.3017e+02  2.3896e+00 -3.2918e+02 -2.4035e+00
-9.8333e-02     1.9298e+01  2.3102e-01 -2.2843e+01 -3.0350e-01  3.3102e+02  2.4000e+00 -3.3015e+02 -2.4170e+00
-6.0000e-02     2.2825e+01  3.1087e-01 -2.4565e+01 -3.4250e-01  3.3182e+02  2.4104e+00 -3.3105e+02 -2.4294e+00
-2.1667e-02     2.2707e+01  3.2071e-01 -2.4269e+01 -3.4014e-01  3.3269e+02  2.4225e+00 -3.3199e+02 -2.4424e+00
1.6667e-02     2.4421e+01  3.3106e-01 -2.4028e+01 -3.2995e-01  3.3360e+02  2.4350e+00 -3.3291e+02 -2.4553e+00
5.5000e-02     2.6587e+01  3.5302e-01 -2.8656e+01 -3.2717e-01  3.3457e+02  2.4481e+00 -3.3392e+02 -2.4678e+00
9.3333e-02     2.4907e+01  3.5061e-01 -2.1589e+01 -2.6240e-01  3.3556e+02  2.4615e+00 -3.3488e+02 -2.4791e+00
1.3167e-01     2.5387e+01  3.2042e-01 -2.3993e+01 -3.0419e-01  3.3652e+02  2.4744e+00 -3.3575e+02 -2.4900e+00
1.7000e-01     2.2907e+01  2.7689e-01 -2.8745e+01 -3.6049e-01  3.3744e+02  2.4858e+00 -3.3676e+02 -2.5027e+00
2.0833e-01     2.8137e+01  3.4327e-01 -2.5986e+01 -3.2813e-01  3.3842e+02  2.4977e+00 -3.3781e+02 -2.5159e+00
2.4667e-01     1.9888e+01  2.5995e-01 -2.6876e+01 -2.8829e-01  3.3934e+02  2.5092e+00 -3.3882e+02 -2.5277e+00
2.8500e-01     2.0209e+01  2.5700e-01 -2.4480e+01 -3.0241e-01  3.4011e+02  2.5191e+00 -3.3980e+02 -2.5390e+00
3.2333e-01     2.4166e+01  2.8783e-01 -2.6468e+01 -3.0765e-01  3.4095e+02  2.5295e+00 -3.4078e+02 -2.5506e+00
3.6167e-01     2.2108e+01  2.1647e-01 -2.2994e+01 -2.2573e-01  3.4184e+02  2.5392e+00 -3.4173e+02 -2.5608e+00
4.0000e-01     2.4021e+01  2.3361e-01 -2.2111e+01 -1.9652e-01  3.4272e+02  2.5478e+00 -3.4259e+02 -2.5689e+00
4.3833e-01     3.3186e+01  3.8601e-01 -3.1996e+01 -3.2720e-01  3.4382e+02  2.5596e+00 -3.4362e+02 -2.5789e+00
4.7667e-01     2.1187e+01  2.7686e-01 -2.3490e+01 -2.5068e-01  3.4486e+02  2.5723e+00 -3.4469e+02 -2.5900e+00
5.1500e-01     1.7957e+01  2.0617e-01 -2.1055e+01 -2.5958e-01  3.4561e+02  2.5816e+00 -3.4554e+02 -2.5998e+00
5.5333e-01     2.1473e+01  2.6425e-01 -2.5585e+01 -3.5080e-01  3.4636e+02  2.5906e+00 -3.4643e+02 -2.6114e+00
5.9167e-01     2.3585e+01  2.9171e-01 -2.2494e+01 -3.2918e-01  3.4722e+02  2.6012e+00 -3.4735e+02 -2.6244e+00
6.3000e-01     2.4780e+01  3.4152e-01 -2.7590e+01 -3.3217e-01  3.4815e+02  2.6133e+00 -3.4831e+02 -2.6371e+00
6.6833e-01     2.2504e+01  3.2197e-01 -2.6236e+01 -3.4299e-01  3.4905e+02  2.6260e+00 -3.4934e+02 -2.6500e+00
7.0667e-01     2.6412e+01  3.3278e-01 -2.4602e+01 -2.7438e-01  3.4999e+02  2.6385e+00 -3.5031e+02 -2.6618e+00
7.4500e-01     2.6097e+01  2.8702e-01 -2.2371e+01 -2.3993e-01  3.5099e+02  2.6504e+00 -3.5121e+02 -2.6717e+00
7.8333e-01     3.3963e+01  3.1258e-01 -3.0468e+01 -2.5677e-01  3.5214e+02  2.6619e+00 -3.5222e+02 -2.6812e+00
8.2167e-01     2.8064e+01  2.6720e-01 -2.6949e+01 -3.2003e-01  3.5333e+02  2.6730e+00 -3.5332e+02 -2.6922e+00
8.6000e-01     3.2950e+01  4.0340e-01 -2.8451e+01 -3.5187e-01  3.5450e+02  2.6858e+00 -3.5438e+02 -2.7051e+00
8.9833e-01     2.7303e+01  3.4058e-01 -2.9215e+01 -3.9791e-01  3.5565e+02  2.7000e+00 -3.5548e+02 -2.7194e+00
9.3667e-01     2.9174e+01  3.0880e-01 -2.8631e+01 -3.4078e-01  3.5673e+02  2.7125e+00 -3.5659e+02 -2.7336e+00
9.7500e-01     2.2153e+01  2.4645e-01 -2.1328e+01 -2.2387e-01  3.5771e+02  2.7231e+00 -3.5755e+02 -2.7444e+00
1.0133e+00     2.6493e+01  2.9887e-01 -2.6809e+01 -2.7844e-01  3.5865e+02  2.7335e+00 -3.5847e+02 -2.7540e+00
1.0517e+00     2.8323e+01  2.9525e-01 -2.5231e+01 -2.9798e-01  3.5969e+02  2.7449e+00 -3.5946e+02 -2.7650e+00
1.0900e+00     2.6005e+01  2.7000e-01 -2.4212e+01 -2.8435e-01  3.6073e+02  2.7557e+00 -3.6041e+02 -2.7761e+00
1.1283e+00     3.1742e+01  3.6636e-01 -2.6324e+01 -3.2420e-01  3.6184e+02  2.7679e+00 -3.6138e+02 -2.7878e+00
1.1667e+00     2.4958e+01  2.8026e-01 -2.5364e+01 -3.4412e-01  3.6292e+02  2.7803e+00 -3.6237e+02 -2.8006e+00
1.2050e+00     2.7223e+01  3.0990e-01 -3.0637e+01 -3.8352e-01  3.6392e+02  2.7915e+00 -3.6344e+02 -2.8145e+00
1.2433e+00     2.7851e+01  3.3753e-01 -3.0361e+01 -3.7906e-01  3.6498e+02  2.8039e+00 -3.6460e+02 -2.8291e+00
1.2817e+00     2.8759e+01  3.6936e-01 -2.8702e+01 -3.3388e-01  3.6606e+02  2.8175e+00 -3.6573e+02 -2.8427e+00
1.3200e+00     2.6403e+01  2.8450e-01 -2.8223e+01 -3.4028e-01  3.6711e+02  2.8300e+00 -3.6682e+02 -2.8556e+00
1.3583e+00     2.7347e+01  3.0626e-01 -2.8457e+01 -3.2972e-01  3.6814e+02  2.8413e+00 -3.6791e+02 -2.8685e+00
1.3967e+00     2.9808e+01  3.3918e-01 -2.8275e+01 -3.6904e-01  3.6924e+02  2.8536e+00 -3.6899e+02 -2.8818e+00
1.4350e+00     3.0506e+01  3.6037e-01 -2.8393e+01 -3.5814e-01  3.7039e+02  2.8670e+00 -3.7008e+02 -2.8957e+00
1.4733e+00     2.6107e+01  3.0052e-01 -2.9826e+01 -3.6331e-01  3.7147e+02  2.8797e+00 -3.7119e+02 -2.9095e+00
1.5117e+00     2.6537e+01  3.2036e-01 -2.7998e+01 -3.2751e-01  3.7248e+02  2.8915e+00 -3.7230e+02 -2.9228e+00
1.5500e+00     2.6359e+01  3.0299e-01 -2.6174e+01 -3.5143e-01  3.7349e+02  2.9035e+00 -3.7333e+02 -2.9358e+00
1.5883e+00     2.9905e+01  3.3111e-01 -3.1017e+01 -3.8139e-01  3.7457e+02  2.9156e+00 -3.7443e+02 -2.9498e+00
1.6267e+00     2.7719e+01  3.2365e-01 -2.7697e+01 -3.8117e-01  3.7567e+02  2.9281e+00 -3.7555e+02 -2.9644e+00
1.6650e+00     2.8004e+01  3.3697e-01 -2.5506e+01 -3.1986e-01  3.7674e+02  2.9408e+00 -3.7657e+02 -2.9778e+00
1.7033e+00     2.6627e+01  3.2840e-01 -2.4908e+01 -3.1100e-01  3.7778e+02  2.9535e+00 -3.7754e+02 -2.9899e+00
1.7417e+00     2.5687e+01  3.3035e-01 -2.6471e+01 -3.1950e-01  3.7879e+02  2.9661e+00 -3.7852e+02 -3.0019e+00
1.7800e+00     2.5539e+01  3.2967e-01 -2.6042e+01 -3.4556e-01  3.7977e+02  2.9787e+00 -3.7952e+02 -3.0146e+00
1.8183e+00     2.7389e+01  3.5718e-01 -2.7266e+01 -2.8852e-01  3.8078e+02  2.9919e+00 -3.8054e+02 -3.0268e+00
1.8567e+00     2.6511e+01  3.5250e-01 -2.7850e+01 -3.1573e-01  3.8181e+02  3.0055e+00 -3.8160e+02 -3.0383e+00
1.8950e+00     2.5653e+01  3.0048e-01 -2.7540e+01 -3.0681e-01  3.8281e+02  3.0180e+00 -3.8266e+02 -3.0503e+00
1.9333e+00     2.6873e+01  3.1772e-01 -2.9486e+01 -2.5374e-01  3.8381e+02  3.0298e+00 -3.8375e+02 -3.0610e+00
1.9717e+00     2.5631e+01  2.9835e-01 -2.5722e+01 -2.1673e-01  3.8482e+02  3.0416e+00 -3.8481e+02 -3.0700e+00
2.0100e+00     2.4696e+01  2.7046e-01 -2.6236e+01 -2.2570e-01  3.8578e+02  3.0525e+00 -3.8580e+02 -3.0784e+00
2.0483e+00     2.5305e+01  2.7590e-01 -2.5905e+01 -1.9812e-01  3.8674e+02  3.0629e+00 -3.8680e+02 -3.0866e+00
2.0867e+00     2.6213e+01  2.5737e-01 -2.8084e+01 -1.8467e-01  3.8772e+02  3.0731e+00 -3.8783e+02 -3.0939e+00
2.1250e+00     2.9885e+01  2.9084e-01 -3.0622e+01 -2.1842e-01  3.8880e+02  3.0836e+00 -3.8895e+02 -3.1016e+00
2.1633e+00     2.9589e+01  3.0696e-01 -2.9567e+01 -2.5692e-01  3.8993e+02  3.0950e+00 -3.9011e+02 -3.1107e+00
2.2017e+00     2.9071e+01  2.9250e-01 -2.8782e+01 -2.4659e-01  3.9106e+02  3.1065e+00 -3.9122e+02 -3.1203e+00
2.2400e+00     2.4427e+01  2.3294e-01 -2.5600e+01 -1.9784e-01  3.9208e+02  3.1166e+00 -3.9226e+02 -3.1288e+00
2.2783e+00     2.7908e+01  2.9033e-01 -2.6813e+01 -2.0230e-01  3.9308e+02  3.1266e+00 -3.9327e+02 -3.1365e+00
2.3167e+00     2.6449e+01  2.7471e-01 -3.1538e+01 -2.2153e-01  3.9412e+02  3.1374e+00 -3.9438e+02 -3.1446e+00
2.3550e+00     2.7435e+01  2.8294e-01 -2.4895e+01 -1.7550e-01  3.9515e+02  3.1481e+00 -3.9546e+02 -3.1522e+00
2.3933e+00     3.0579e+01  3.0346e-01 -2.7511e+01 -2.2817e-01  3.9626e+02  3.1593e+00 -3.9646e+02 -3.1599e+00
2.4317e+00     2.3166e+01  2.3351e-01 -2.5560e+01 -1.9085e-01  3.9729e+02  3.1696e+00 -3.9748e+02 -3.1679e+00
2.4700e+00     2.2586e+01  2.2689e-01 -2.4067e+01 -1.7260e-01  3.9817e+02  3.1784e+00 -3.9843e+02 -3.1749e+00
2.5083e+00     2.8797e+01  2.9564e-01 -2.9569e+01 -1.6699e-01  3.9915e+02  3.1884e+00 -3.9946e+02 -3.1814e+00
2.5467e+00     2.6861e+01  2.4909e-01 -2.8155e+01 -1.5894e-01  4.0022e+02  3.1988e+00 -4.0056e+02 -3.1876e+00
2.5850e+00     2.3920e+01  2.2237e-01 -3.0293e+01 -1.6930e-01  4.0119e+02  3.2078e+00 -4.0168e+02 -3.1939e+00
2.6233e+00     2.3570e+01  2.3091e-01 -2.8132e+01 -9.9530e-02  4.0210e+02  3.2165e+00 -4.0280e+02 -3.1990e+00
2.6617e+00     2.1837e+01  2.0716e-01 -3.0769e+01 -1.3005e-01  4.0296e+02  3.2249e+00 -4.0392e+02 -3.2034e+00
2.7000e+00     2.6319e+01  2.5964e-01 -3.0560e+01 -1.4692e-01  4.0389e+02  3.2338e+00 -4.0510e+02 -3.2087e+00
2.7383e+00     2.7540e+01  2.6960e-01 -2.8778e+01 -1.3915e-01  4.0492e+02  3.2439e+00 -4.0623e+02 -3.2142e+00
2.7767e+00     2.9630e+01  3.1016e-01 -2.8823e+01 -1.5820e-01  4.0601e+02  3.2550e+00 -4.0733e+02 -3.2199e+00
2.8150e+00     2.5033e+01  2.2524e-01 -3.0658e+01 -1.3105e-01  4.0706e+02  3.2653e+00 -4.0847e+02 -3.2254e+00
2.8533e+00     2.5799e+01  2.2577e-01 -2.6218e+01 -1.4780e-01  4.0803e+02  3.2739e+00 -4.0956e+02 -3.2308e+00
2.8917e+00     2.8504e+01  2.7220e-01 -3.1108e+01 -1.7954e-01  4.0907e+02  3.2834e+00 -4.1066e+02 -3.2370e+00
2.9300e+00     2.5334e+01  2.1252e-01 -3.2510e+01 -1.3163e-01  4.1010e+02  3.2927e+00 -4.1188e+02 -3.2430e+00
2.9683e+00     2.6062e+01  2.1899e-01 -2.9440e+01 -1.4006e-01  4.1108e+02  3.3010e+00 -4.1306e+02 -3.2482e+00
3.0067e+00     3.1083e+01  3.0746e-01 -3.4018e+01 -1.1102e-01  4.1218e+02  3.3110e+00 -4.1428e+02 -3.2530e+00
3.0450e+00     3.6287e+01  3.2340e-01 -3.8290e+01 -1.4919e-01  4.1346e+02  3.3231e+00 -4.1566e+02 -3.2580e+00
3.0833e+00     3.6917e+01  3.2592e-01 -3.0417e+01 -1.1004e-01  4.1487e+02  3.3355e+00 -4.1697e+02 -3.2629e+00
3.1217e+00     3.0368e+01  2.6819e-01 -2.7750e+01 -1.0369e-01  4.1615e+02  3.3469e+00 -4.1809e+02 -3.2670e+00
3.1600e+00     3.1147e+01  2.6450e-01 -3.1585e+01 -1.7938e-01  4.1733e+02  3.3571e+00 -4.1922e+02 -3.2724e+00
3.1983e+00     2.5485e+01  2.3547e-01 -3.4222e+01 -1.9300e-01  4.1841e+02  3.3667e+00 -4.2048e+02 -3.2796e+00
3.2367e+00     2.7649e+01  2.4238e-01 -2.9417e+01 -1.1360e-01  4.1943e+02  3.3758e+00 -4.2170e+02 -3.2854e+00
3.2750e+00     2.6091e+01  2.4894e-01 -3.1645e+01 -1.1405e-01  4.2046e+02  3.3852e+00 -4.2287e+02 -3.2898e+00
3.3133e+00     2.5208e+01  2.0665e-01 -3.0264e+01 -9.0691e-02  4.2144e+02  3.3939e+00 -4.2405e+02 -3.2937e+00
3.3517e+00     2.6855e+01  2.0798e-01 -2.9592e+01 -8.6813e-02  4.2244e+02  3.4019e+00 -4.2520e+02 -3.2971e+00
3.3900e+00     2.7537e+01  2.0433e-01 -2.9317e+01 -6.3127e-02  4.2348e+02  3.4097e+00 -4.2632e+02 -3.3000e+00
3.4283e+00     3.1622e+01  2.4010e-01 -2.8642e+01 -9.7627e-02  4.2461e+02  3.4182e+00 -4.2743e+02 -3.3030e+00
3.4667e+00     3.1671e+01  2.4950e-01 -2.9701e+01 -7.3399e-02  4.2582e+02  3.4276e+00 -4.2855e+02 -3.3063e+00
3.5050e+00     2.4930e+01  2.1017e-01 -2.7275e+01 -1.2582e-01  4.2690e+02  3.4364e+00 -4.2964e+02 -3.3101e+00
3.5433e+00     2.7019e+01  1.9754e-01 -3.5788e+01 -1.6903e-01  4.2790e+02  3.4442e+00 -4.3085e+02 -3.3158e+00
3.5817e+00     3.7123e+01  3.1673e-01 -3.4800e+01 -1.6495e-01  4.2912e+02  3.4540e+00 -4.3220e+02 -3.3222e+00
3.6200e+00     3.2489e+01  2.5861e-01 -2.6874e+01 -9.6875e-02  4.3046e+02  3.4651e+00 -4.3338e+02 -3.3272e+00
3.6583e+00     2.7341e+01  2.6000e-01 -2.5293e+01 -1.3896e-01  4.3160e+02  3.4750e+00 -4.3438e+02 -3.3317e+00
3.6967e+00     2.8379e+01  2.5082e-01 -3.0830e+01 -1.4624e-01  4.3267e+02  3.4848e+00 -4.3545e+02 -3.3371e+00
3.7350e+00     3.0606e+01  2.8049e-01 -3.1500e+01 -9.9223e-02  4.3380e+02  3.4949e+00 -4.3664e+02 -3.3418e+00
3.7733e+00     3.3291e+01  3.0029e-01 -3.0323e+01 -1.2489e-01  4.3502e+02  3.5060e+00 -4.3783e+02 -3.3461e+00
3.8117e+00     3.1136e+01  2.7090e-01 -3.1619e+01 -8.8864e-02  4.3625e+02  3.5170e+00 -4.3901e+02 -3.3502e+00
3.8500e+00     3.0175e+01  2.5712e-01 -2.9359e+01 -8.2847e-02  4.3742e+02  3.5271e+00 -4.4018e+02 -3.3535e+00
3.8883e+00     2.9429e+01  2.4343e-01 -2.6130e+01 -5.9396e-02  4.3857e+02  3.5366e+00 -4.4124e+02 -3.3562e+00
3.9267e+00     2.7167e+01  2.4290e-01 -2.7698e+01 -5.4079e-02  4.3965e+02  3.5460e+00 -4.4227e+02 -3.3584e+00
3.9650e+00     2.8584e+01  2.3295e-01 -3.0269e+01 -3.0236e-02  4.4072e+02  3.5551e+00 -4.4338e+02 -3.3600e+00
4.0033e+00     2.6554e+01  2.0194e-01 -2.8357e+01 -2.1385e-02  4.4177e+02  3.5634e+00 -4.4450e+02 -3.3610e+00
4.0417e+00     2.8181e+01  2.2064e-01 -2.8686e+01 -4.1279e-02  4.4282e+02  3.5715e+00 -4.4559e+02 -3.3622e+00
4.0800e+00     3.0640e+01  2.5568e-01 -3.1275e+01 -2.8765e-02  4.4394e+02  3.5806e+00 -4.4674e+02 -3.3635e+00
4.1183e+00     2.7878e+01  2.2647e-01 -2.8869e+01 -2.4300e-02  4.4506e+02  3.5898e+00 -4.4789e+02 -3.3646e+00
4.1567e+00     2.7474e+01  2.0152e-01 -2.7039e+01  9.4205e-03  4.4612e+02  3.5980e+00 -4.4896e+02 -3.3648e+00
4.1950e+00     2.8574e+01  1.9181e-01 -2.6036e+01  2.8893e-03  4.4719e+02  3.6055e+00 -4.4998e+02 -3.3646e+00
4.2333e+00     2.9443e+01  1.9114e-01 -2.9208e+01  4.1664e-02  4.4830e+02  3.6128e+00 -4.5103e+02 -3.3637e+00
4.2717e+00     2.9077e+01  1.9828e-01 -2.8332e+01  3.6599e-02  4.4942e+02  3.6203e+00 -4.5213e+02 -3.3623e+00
4.3100e+00     3.1310e+01  2.1834e-01 -3.1296e+01 -1.5972e-02  4.5058e+02  3.6283e+00 -4.5327e+02 -3.3619e+00
4.3483e+00     2.9530e+01  1.9768e-01 -3.0485e+01 -3.5375e-02  4.5174e+02  3.6362e+00 -4.5446e+02 -3.3628e+00
4.3867e+00     3.1336e+01  2.2295e-01 -3.0936e+01 -4.9155e-02  4.5291e+02  3.6443e+00 -4.5563e+02 -3.3645e+00
4.4250e+00     2.9982e+01  2.3598e-01 -2.9643e+01 -6.5946e-02  4.5408e+02  3.6531e+00 -4.5679e+02 -3.3667e+00
4.4633e+00     3.1280e+01  2.4057e-01 -3.2962e+01 -1.1875e-01  4.5525e+02  3.6622e+00 -4.5799e+02 -3.3702e+00
4.5017e+00     3.4701e+01  2.2845e-01 -3.3901e+01 -8.2673e-02  4.5652e+02  3.6712e+00 -4.5927e+02 -3.3740e+00
4.5400e+00     3.1858e+01  2.0968e-01 -3.0879e+01 -6.6937e-02  4.5779e+02  3.6795e+00 -4.6051e+02 -3.3769e+00
4.5783e+00     3.0862e+01  2.0753e-01 -3.0063e+01 -6.2998e-02  4.5899e+02  3.6875e+00 -4.6167e+02 -3.3794e+00
4.6167e+00     2.7111e+01  1.9380e-01 -2.6957e+01 -1.9641e-02  4.6010e+02  3.6952e+00 -4.6276e+02 -3.3810e+00
4.6550e+00     3.1504e+01  2.1542e-01 -3.2395e+01 -5.2502e-02  4.6122e+02  3.7030e+00 -4.6390e+02 -3.3824e+00
4.6933e+00     2.6076e+01  1.7596e-01 -2.6535e+01  2.8986e-02  4.6232e+02  3.7105e+00 -4.6503e+02 -3.3828e+00
4.7317e+00     2.7969e+01  1.8772e-01 -2.7902e+01  5.4914e-02  4.6336e+02  3.7175e+00 -4.6607e+02 -3.3812e+00
4.7700e+00     2.8716e+01  1.9810e-01 -2.9352e+01  3.6780e-02  4.6444e+02  3.7249e+00 -4.6717e+02 -3.3794e+00
4.8083e+00     2.9603e+01  1.9285e-01 -3.3546e+01  1.2348e-02  4.6556e+02  3.7323e+00 -4.6837e+02 -3.3785e+00
4.8467e+00     2.5864e+01  1.6440e-01 -2.4639e+01  4.3634e-02  4.6662e+02  3.7392e+00 -4.6948e+02 -3.3774e+00
4.8850e+00     2.7310e+01  1.6743e-01 -2.5919e+01  7.2312e-02  4.6764e+02  3.7455e+00 -4.7045e+02 -3.3752e+00
4.9233e+00     2.9115e+01  2.0395e-01 -3.0971e+01  5.1049e-02  4.6872e+02  3.7526e+00 -4.7154e+02 -3.3729e+00
4.9617e+00     2.9969e+01  2.0750e-01 -2.8308e+01  3.8719e-02  4.6985e+02  3.7605e+00 -4.7267e+02 -3.3711e+00
