-1.8000e+01     0.0000e+00  0.0000e+00 -0.0000e+00 -0.0000e+00  0.0000e+00  0.0000e+00 -0.0000e+00 -0.0000e+00
-1.7962e+01     0.0000e+00  0.0000e+00 -0.0000e+00 -0.0000e+00  0.0000e+00  0.0000e+00 -0.0000e+00 -0.0000e+00
-1.7923e+01     0.0000e+00  0.0000e+00 -0.0000e+00 -0.0000e+00  0.0000e+00  0.0000e+00 -0.0000e+00 -0.0000e+00
-1.7885e+01     0.0000e+00  0.0000e+00 -0.0000e+00 -0.0000e+00  0.0000e+00  0.0000e+00 -0.0000e+00 -0.0000e+00
-1.7847e+01     0.0000e+00  0.0000e+00 -0.0000e+00 -0.0000e+00  0.0000e+00  0.0000e+00 -0.0000e+00 -0.0000e+00
-1.7808e+01     0.0000e+00  0.0000e+00 -0.0000e+00 -0.0000e+00  0.0000e+00  0.0000e+00 -0.0000e+00 -0.0000e+00
-1.7770e+01     0.0000e+00  0.0000e+00 -0.0000e+00 -0.0000e+00  0.0000e+00  0.0000e+00 -0.0000e+00 -0.0000e+00
-1.7732e+01     0.0000e+00  0.0000e+00 -0.0000e+00 -0.0000e+00  0.0000e+00  0.0000e+00 -0.0000e+00 -0.0000e+00
-1.7693e+01     0.0000e+00  0.0000e+00 -0.0000e+00 -0.0000e+00  0.0000e+00  0.0000e+00 -0.0000e+00 -0.0000e+00
-1.7655e+01     0.0000e+00  0.0000e+00 -0.0000e+00 -0.0000e+00  0.0000e+00  0.0000e+00 -0.0000e+00 -0.0000e+00
-1.7617e+01     0.0000e+00  0.0000e+00 -0.0000e+00 -0.0000e+00  0.0000e+00  0.0000e+00 -0.0000e+00 -0.0000e+00
-1.7578e+01     0.0000e+00  0.0000e+00 -0.0000e+00 -0.0000e+00  0.0000e+00  0.0000e+00 -0.0000e+00 -0.0000e+00
-1.7540e+01     0.0000e+00  0.0000e+00 -0.0000e+00 -0.0000e+00  0.0000e+00  0.0000e+00 -0.0000e+00 -0.0000e+00
-1.7502e+01     0.0000e+00  0.0000e+00 -0.0000e+00 -0.0000e+00  0.0000e+00  0.0000e+00 -0.0000e+00 -0.0000e+00
-1.7463e+01     0.0000e+00  0.0000e+00 -0.0000e+00 -0.0000e+00  0.0000e+00  0.0000e+00 -0.0000e+00 -0.0000e+00
-1.7425e+01     0.0000e+00  0.0000e+00 -0.0000e+00 -0.0000e+00  0.0000e+00  0.0000e+00 -0.0000e+00 -0.0000e+00
-1.7387e+01     0.0000e+00  0.0000e+00 -0.0000e+00 -0.0000e+00  0.0000e+00  0.0000e+00 -0.0000e+00 -0.0000e+00
-1.7348e+01     0.0000e+00  0.0000e+00 -0.0000e+00 -0.0000e+00  0.0000e+00  0.0000e+00 -0.0000e+00 -0.0000e+00
-1.7310e+01     0.0000e+00  0.0000e+00 -0.0000e+00 -0.0000e+00  0.0000e+00  0.0000e+00 -0.0000e+00 -0.0000e+00
-1.7272e+01     0.0000e+00  0.0000e+00 -0.0000e+00 -0.0000e+00  0.0000e+00  0.0000e+00 -0.0000e+00 -0.0000e+00
-1.7233e+01     0.0000e+00  0.0000e+00 -0.0000e+00 -0.0000e+00  0.0000e+00  0.0000e+00 -0.0000e+00 -0.0000e+00
-1.7195e+01     0.0000e+00  0.0000e+00 -0.0000e+00 -0.0000e+00  0.0000e+00  0.0000e+00 -0.0000e+00 -0.0000e+00
-1.7157e+01     0.0000e+00  0.0000e+00 -0.0000e+00 -0.0000e+00  0.0000e+00  0.0000e+00 -0.0000e+00 -0.0000e+00
-1.7118e+01     0.0000e+00  0.0000e+00 -0.0000e+00 -0.0000e+00  0.0000e+00  0.0000e+00 -0.0000e+00 -0.0000e+00
-1.7080e+01     0.0000e+00  0.0000e+00 -0.0000e+00 -0.0000e+00  0.0000e+00  0.0000e+00 -0.0000e+00 -0.0000e+00
-1.7042e+01     0.0000e+00  0.0000e+00 -0.0000e+00 -0.0000e+00  0.0000e+00  0.0000e+00 -0.0000e+00 -0.0000e+00
-1.7003e+01     0.0000e+00  0.0000e+00 -0.0000e+00 -0.0000e+00  0.0000e+00  0.0000e+00 -0.0000e+00 -0.0000e+00
-1.6965e+01     0.0000e+00  0.0000e+00 -0.0000e+00 -0.0000e+00  0.0000e+00  0.0000e+00 -0.0000e+00 -0.0000e+00
-1.6927e+01     0.0000e+00  0.0000e+00 -0.0000e+00 -0.0000e+00  0.0000e+00  0.0000e+00 -0.0000e+00 -0.0000e+00
-1.6888e+01     0.0000e+00  0.0000e+00 -0.0000e+00 -0.0000e+00  0.0000e+00  0.0000e+00 -0.0000e+00 -0.0000e+00
-1.6850e+01     0.0000e+00  0.0000e+00 -0.0000e+00 -0.0000e+00  0.0000e+00  0.0000e+00 -0.0000e+00 -0.0000e+00
-1.6812e+01     0.0000e+00  0.0000e+00 -0.0000e+00 -0.0000e+00  0.0000e+00  0.0000e+00 -0.0000e+00 -0.0000e+00
-1.6773e+01     0.0000e+00  0.0000e+00 -0.0000e+00 -0.0000e+00  0.0000e+00  0.0000e+00 -0.0000e+00 -0.0000e+00
-1.6735e+01     0.0000e+00  0.0000e+00 -0.0000e+00 -0.0000e+00  0.0000e+00  0.0000e+00 -0.0000e+00 -0.0000e+00
-1.6697e+01     0.0000e+00  0.0000e+00 -0.0000e+00 -0.0000e+00  0.0000e+00  0.0000e+00 -0.0000e+00 -0.0000e+00
-1.6658e+01     0.0000e+00  0.0000e+00 -0.0000e+00 -0.0000e+00  0.0000e+00  0.0000e+00 -0.0000e+00 -0.0000e+00
-1.6620e+01     0.0000e+00  0.0000e+00 -0.0000e+00 -0.0000e+00  0.0000e+00  0.0000e+00 -0.0000e+00 -0.0000e+00
-1.6582e+01     0.0000e+00  0.0000e+00 -0.0000e+00 -0.0000e+00  0.0000e+00  0.0000e+00 -0.0000e+00 -0.0000e+00
-1.6543e+01     0.0000e+00  0.0000e+00 -0.0000e+00 -0.0000e+00  0.0000e+00  0.0000e+00 -0.0000e+00 -0.0000e+00
-1.6505e+01     0.0000e+00  0.0000e+00 -0.0000e+00 -0.0000e+00  0.0000e+00  0.0000e+00 -0.0000e+00 -0.0000e+00
-1.6467e+01     0.0000e+00  0.0000e+00 -0.0000e+00 -0.0000e+00  0.0000e+00  0.0000e+00 -0.0000e+00 -0.0000e+00
-1.6428e+01     0.0000e+00  0.0000e+00 -0.0000e+00 -0.0000e+00  0.0000e+00  0.0000e+00 -0.0000e+00 -0.0000e+00
-1.6390e+01     0.0000e+00  0.0000e+00 -0.0000e+00 -0.0000e+00  0.0000e+00  0.0000e+00 -0.0000e+00 -0.0000e+00
-1.6352e+01     0.0000e+00  0.0000e+00 -0.0000e+00 -0.0000e+00  0.0000e+00  0.0000e+00 -0.0000e+00 -0.0000e+00
-1.6313e+01     0.0000e+00  0.0000e+00 -0.0000e+00 -0.0000e+00  0.0000e+00  0.0000e+00 -0.0000e+00 -0.0000e+00
-1.6275e+01     0.0000e+00  0.0000e+00 -0.0000e+00 -0.0000e+00  0.0000e+00  0.0000e+00 -0.0000e+00 -0.0000e+00
-1.6237e+01     0.0000e+00  0.0000e+00 -0.0000e+00 -0.0000e+00  0.0000e+00  0.0000e+00 -0.0000e+00 -0.0000e+00
-1.6198e+01     0.0000e+00  0.0000e+00 -0.0000e+00 -0.0000e+00  0.0000e+00  0.0000e+00 -0.0000e+00 -0.0000e+00
-1.6160e+01     0.0000e+00  0.0000e+00 -0.0000e+00 -0.0000e+00  0.0000e+00  0.0000e+00 -0.0000e+00 -0.0000e+00
-1.6122e+01     0.0000e+00  0.0000e+00 -0.0000e+00 -0.0000e+00  0.0000e+00  0.0000e+00 -0.0000e+00 -0.0000e+00
-1.6083e+01     0.0000e+00  0.0000e+00 -0.0000e+00 -0.0000e+00  0.0000e+00  0.0000e+00 -0.0000e+00 -0.0000e+00
-1.6045e+01     0.0000e+00  0.0000e+00 -0.0000e+00 -0.0000e+00  0.0000e+00  0.0000e+00 -0.0000e+00 -0.0000e+00
-1.6007e+01     0.0000e+00  0.0000e+00 -0.0000e+00 -0.0000e+00  0.0000e+00  0.0000e+00 -0.0000e+00 -0.0000e+00
-1.5968e+01     0.0000e+00  0.0000e+00 -0.0000e+00 -0.0000e+00  0.0000e+00  0.0000e+00 -0.0000e+00 -0.0000e+00
-1.5930e+01     0.0000e+00  0.0000e+00 -0.0000e+00 -0.0000e+00  0.0000e+00  0.0000e+00 -0.0000e+00 -0.0000e+00
-1.5892e+01     0.0000e+00  0.0000e+00 -0.0000e+00 -0.0000e+00  0.0000e+00  0.0000e+00 -0.0000e+00 -0.0000e+00
-1.5853e+01     0.0000e+00  0.0000e+00 -0.0000e+00 -0.0000e+00  0.0000e+00  0.0000e+00 -0.0000e+00 -0.0000e+00
-1.5815e+01     0.0000e+00  0.0000e+00 -0.0000e+00 -0.0000e+00  0.0000e+00  0.0000e+00 -0.0000e+00 -0.0000e+00
-1.5777e+01     0.0000e+00  0.0000e+00 -0.0000e+00 -0.0000e+00  0.0000e+00  0.0000e+00 -0.0000e+00 -0.0000e+00
-1.5738e+01     0.0000e+00  0.0000e+00 -0.0000e+00 -0.0000e+00  0.0000e+00  0.0000e+00 -0.0000e+00 -0.0000e+00
-1.5700e+01     0.0000e+00  0.0000e+00 -0.0000e+00 -0.0000e+00  0.0000e+00  0.0000e+00 -0.0000e+00 -0.0000e+00
-1.5662e+01     0.0000e+00  0.0000e+00 -0.0000e+00 -0.0000e+00  0.0000e+00  0.0000e+00 -0.0000e+00 -0.0000e+00
-1.5623e+01     0.0000e+00  0.0000e+00 -0.0000e+00 -0.0000e+00  0.0000e+00  0.0000e+00 -0.0000e+00 -0.0000e+00
-1.5585e+01     0.0000e+00  0.0000e+00 -0.0000e+00 -0.0000e+00  0.0000e+00  0.0000e+00 -0.0000e+00 -0.0000e+00
-1.5547e+01     0.0000e+00  0.0000e+00 -0.0000e+00 -0.0000e+00  0.0000e+00  0.0000e+00 -0.0000e+00 -0.0000e+00
-1.5508e+01     0.0000e+00  0.0000e+00 -0.0000e+00 -0.0000e+00  0.0000e+00  0.0000e+00 -0.0000e+00 -0.0000e+00
-1.5470e+01     0.0000e+00  0.0000e+00 -0.0000e+00 -0.0000e+00  0.0000e+00  0.0000e+00 -0.0000e+00 -0.0000e+00
-1.5432e+01     0.0000e+00  0.0000e+00 -0.0000e+00 -0.0000e+00  0.0000e+00  0.0000e+00 -0.0000e+00 -0.0000e+00
-1.5393e+01     0.0000e+00  0.0000e+00 -0.0000e+00 -0.0000e+00  0.0000e+00  0.0000e+00 -0.0000e+00 -0.0000e+00
-1.5355e+01     1.2449e+01  4.9792e-04 -1.2449e+01 -5.5739e-04  2.3822e-01  9.5276e-06 -2.3822e-01 -1.0666e-05
-1.5317e+01     7.8775e+00  8.1879e-04 -7.8775e+00 -1.9641e-04  6.2717e-01  3.4723e-05 -6.2717e-01 -2.5089e-05
-1.5278e+01     1.0051e+01  3.2455e-03 -1.0051e+01 -4.0355e-04  9.7024e-01  1.1249e-04 -9.7024e-01 -3.6569e-05
-1.5240e+01     0.0000e+00  0.0000e+00 -0.0000e+00 -0.0000e+00  1.1626e+00  1.7459e-04 -1.1626e+00 -4.4291e-05
-1.5202e+01     2.1748e+00  1.5211e-02 -2.1748e+00 -6.4610e-03  1.2042e+00  4.6566e-04 -1.2042e+00 -1.6792e-04
-1.5163e+01     3.7838e+00  2.5702e-02 -3.7838e+00 -1.6276e-02  1.3182e+00  1.2485e-03 -1.3182e+00 -6.0299e-04
-1.5125e+01     8.3281e+00  5.6660e-02 -8.3281e+00 -5.8333e-02  1.5500e+00  2.8245e-03 -1.5500e+00 -2.0306e-03
-1.5087e+01     7.8188e+00  5.4173e-02 -7.8188e+00 -4.3907e-02  1.8589e+00  4.9453e-03 -1.8589e+00 -3.9870e-03
-1.5048e+01     1.0837e+01  6.4268e-02 -1.0837e+01 -5.4929e-02  2.2159e+00  7.2116e-03 -2.2159e+00 -5.8782e-03
-1.5010e+01     8.5909e+00  3.9321e-02 -8.5909e+00 -5.7887e-02  2.5876e+00  9.1938e-03 -2.5876e+00 -8.0369e-03
-1.4972e+01     5.4903e+00  1.8834e-02 -5.4903e+00 -3.2044e-02  2.8571e+00  1.0307e-02 -2.8571e+00 -9.7577e-03
-1.4933e+01     4.7185e+00  1.3759e-02 -4.7185e+00 -2.4967e-02  3.0524e+00  1.0930e-02 -3.0524e+00 -1.0849e-02
-1.4895e+01     2.0727e+01  4.3895e-02 -2.0727e+01 -6.9753e-02  3.5393e+00  1.2033e-02 -3.5393e+00 -1.2661e-02
-1.4857e+01     4.7329e+00  1.9393e-02 -4.7329e+00 -1.7843e-02  4.0265e+00  1.3244e-02 -4.0265e+00 -1.4337e-02
-1.4818e+01     1.5580e+01  7.7353e-02 -1.5580e+01 -7.0715e-02  4.4152e+00  1.5096e-02 -4.4152e+00 -1.6032e-02
-1.4780e+01     1.4171e+01  4.0565e-02 -1.4171e+01 -3.6279e-02  4.9845e+00  1.7352e-02 -4.9845e+00 -1.8079e-02
-1.4742e+01     3.0528e+01  1.0690e-01 -3.0528e+01 -1.1107e-01  5.8398e+00  2.0174e-02 -5.8398e+00 -2.0898e-02
-1.4703e+01     7.9659e+00  6.1649e-02 -7.9659e+00 -3.1374e-02  6.5764e+00  2.3399e-02 -6.5764e+00 -2.3624e-02
-1.4665e+01     1.1424e+01  7.6056e-02 -1.1424e+01 -7.0576e-02  6.9474e+00  2.6034e-02 -6.9474e+00 -2.5575e-02
-1.4627e+01     1.0675e+01  5.5681e-02 -1.0675e+01 -5.5029e-02  7.3702e+00  2.8555e-02 -7.3702e+00 -2.7978e-02
-1.4588e+01     1.4391e+01  4.0949e-02 -1.4391e+01 -6.1494e-02  7.8499e+00  3.0404e-02 -7.8499e+00 -3.0208e-02
-1.4550e+01     1.1476e+01  6.0732e-02 -1.1476e+01 -5.3029e-02  8.3448e+00  3.2349e-02 -8.3448e+00 -3.2399e-02
-1.4512e+01     1.4796e+01  8.5226e-02 -1.4796e+01 -6.7745e-02  8.8475e+00  3.5142e-02 -8.8475e+00 -3.4710e-02
-1.4473e+01     8.8542e+00  6.5598e-02 -8.8542e+00 -5.4967e-02  9.3001e+00  3.8028e-02 -9.3001e+00 -3.7058e-02
-1.4435e+01     1.0701e+01  8.1551e-02 -1.0701e+01 -9.2486e-02  9.6743e+00  4.0844e-02 -9.6743e+00 -3.9880e-02
-1.4397e+01     1.4278e+01  1.0096e-01 -1.4278e+01 -1.1690e-01  1.0152e+01  4.4336e-02 -1.0152e+01 -4.3886e-02
-1.4358e+01     1.0932e+01  1.1484e-01 -1.0932e+01 -8.0476e-02  1.0635e+01  4.8465e-02 -1.0635e+01 -4.7663e-02
-1.4320e+01     1.9094e+01  1.5817e-01 -1.9094e+01 -1.1806e-01  1.1209e+01  5.3689e-02 -1.1209e+01 -5.1462e-02
-1.4282e+01     1.2076e+01  9.7049e-02 -1.2076e+01 -1.0125e-01  1.1806e+01  5.8573e-02 -1.1806e+01 -5.5658e-02
-1.4243e+01     1.7974e+01  1.3183e-01 -1.7974e+01 -1.6537e-01  1.2381e+01  6.2952e-02 -1.2381e+01 -6.0760e-02
-1.4205e+01     1.5477e+01  1.1411e-01 -1.5477e+01 -1.0702e-01  1.3021e+01  6.7658e-02 -1.3021e+01 -6.5972e-02
-1.4167e+01     1.4033e+01  9.7565e-02 -1.4033e+01 -8.9592e-02  1.3585e+01  7.1709e-02 -1.3585e+01 -6.9734e-02
-1.4128e+01     1.4776e+01  9.0607e-02 -1.4776e+01 -8.7002e-02  1.4137e+01  7.5309e-02 -1.4137e+01 -7.3113e-02
-1.4090e+01     1.4564e+01  9.4466e-02 -1.4564e+01 -9.2415e-02  1.4698e+01  7.8851e-02 -1.4698e+01 -7.6546e-02
-1.4052e+01     1.8297e+01  1.0760e-01 -1.8297e+01 -1.0050e-01  1.5327e+01  8.2717e-02 -1.5327e+01 -8.0238e-02
-1.4013e+01     1.6292e+01  8.7685e-02 -1.6292e+01 -8.0551e-02  1.5989e+01  8.6454e-02 -1.5989e+01 -8.3702e-02
-1.3975e+01     2.0484e+01  1.2736e-01 -2.0484e+01 -1.2054e-01  1.6692e+01  9.0569e-02 -1.6692e+01 -8.7550e-02
-1.3937e+01     1.6657e+01  1.0517e-01 -1.6657e+01 -9.1506e-02  1.7403e+01  9.5018e-02 -1.7403e+01 -9.1607e-02
-1.3898e+01     1.1466e+01  6.5286e-02 -1.1466e+01 -6.2771e-02  1.7941e+01  9.8280e-02 -1.7941e+01 -9.4559e-02
-1.3860e+01     1.9062e+01  9.2814e-02 -1.9062e+01 -9.8282e-02  1.8525e+01  1.0131e-01 -1.8525e+01 -9.7641e-02
-1.3822e+01     1.8970e+01  1.2705e-01 -1.8970e+01 -1.4265e-01  1.9253e+01  1.0551e-01 -1.9253e+01 -1.0225e-01
-1.3783e+01     9.6611e+00  7.2993e-02 -9.6611e+00 -8.8161e-02  1.9801e+01  1.0934e-01 -1.9801e+01 -1.0667e-01
-1.3745e+01     1.1030e+01  1.0936e-01 -1.1030e+01 -9.4195e-02  2.0197e+01  1.1283e-01 -2.0197e+01 -1.1016e-01
-1.3707e+01     1.7667e+01  1.0828e-01 -1.7667e+01 -1.2044e-01  2.0746e+01  1.1699e-01 -2.0746e+01 -1.1426e-01
-1.3668e+01     8.9545e+00  7.0918e-02 -8.9545e+00 -6.3405e-02  2.1255e+01  1.2042e-01 -2.1255e+01 -1.1778e-01
-1.3630e+01     2.6813e+01  1.6099e-01 -2.6813e+01 -1.9600e-01  2.1940e+01  1.2486e-01 -2.1940e+01 -1.2275e-01
-1.3592e+01     1.5182e+01  1.1515e-01 -1.5182e+01 -1.0512e-01  2.2743e+01  1.3014e-01 -2.2743e+01 -1.2851e-01
-1.3553e+01     1.6357e+01  1.0532e-01 -1.6357e+01 -1.3212e-01  2.3347e+01  1.3436e-01 -2.3347e+01 -1.3305e-01
-1.3515e+01     9.5298e+00  9.1882e-02 -9.5298e+00 -7.7019e-02  2.3842e+01  1.3814e-01 -2.3842e+01 -1.3705e-01
-1.3477e+01     2.0834e+01  1.8876e-01 -2.0834e+01 -1.4865e-01  2.4423e+01  1.4351e-01 -2.4423e+01 -1.4137e-01
-1.3438e+01     1.1298e+01  9.3420e-02 -1.1298e+01 -1.1484e-01  2.5038e+01  1.4891e-01 -2.5038e+01 -1.4641e-01
-1.3400e+01     1.8817e+01  1.5719e-01 -1.8817e+01 -1.6547e-01  2.5614e+01  1.5370e-01 -2.5614e+01 -1.5177e-01
-1.3362e+01     1.6132e+01  1.1958e-01 -1.6132e+01 -1.2036e-01  2.6283e+01  1.5900e-01 -2.6283e+01 -1.5724e-01
-1.3323e+01     1.5526e+01  1.2060e-01 -1.5526e+01 -9.2590e-02  2.6889e+01  1.6359e-01 -2.6889e+01 -1.6132e-01
-1.3285e+01     2.2075e+01  1.9697e-01 -2.2075e+01 -2.1893e-01  2.7608e+01  1.6967e-01 -2.7608e+01 -1.6728e-01
-1.3247e+01     1.9773e+01  1.3499e-01 -1.9773e+01 -1.3246e-01  2.8409e+01  1.7602e-01 -2.8409e+01 -1.7400e-01
-1.3208e+01     1.9834e+01  1.2004e-01 -1.9834e+01 -1.2534e-01  2.9167e+01  1.8090e-01 -2.9167e+01 -1.7893e-01
-1.3170e+01     1.7681e+01  1.2147e-01 -1.7681e+01 -1.1831e-01  2.9885e+01  1.8552e-01 -2.9885e+01 -1.8360e-01
-1.3132e+01     2.2896e+01  1.7859e-01 -2.2896e+01 -1.4572e-01  3.0661e+01  1.9126e-01 -3.0661e+01 -1.8865e-01
-1.3093e+01     1.6106e+01  1.0833e-01 -1.6106e+01 -1.0281e-01  3.1407e+01  1.9675e-01 -3.1407e+01 -1.9340e-01
-1.3055e+01     2.5772e+01  3.5653e-01 -2.5772e+01 -2.3593e-01  3.2209e+01  2.0565e-01 -3.2209e+01 -1.9989e-01
-1.3017e+01     1.8027e+01  1.9590e-01 -1.8027e+01 -2.3413e-01  3.3047e+01  2.1622e-01 -3.3047e+01 -2.0888e-01
-1.2978e+01     1.9447e+01  2.4237e-01 -1.9447e+01 -2.4109e-01  3.3764e+01  2.2461e-01 -3.3764e+01 -2.1797e-01
-1.2940e+01     1.9989e+01  2.6692e-01 -1.9989e+01 -2.8021e-01  3.4518e+01  2.3435e-01 -3.4518e+01 -2.2795e-01
-1.2902e+01     2.1704e+01  2.7131e-01 -2.1704e+01 -2.9536e-01  3.5316e+01  2.4465e-01 -3.5316e+01 -2.3896e-01
-1.2863e+01     1.9363e+01  2.2987e-01 -1.9363e+01 -2.3705e-01  3.6102e+01  2.5424e-01 -3.6102e+01 -2.4915e-01
-1.2825e+01     2.1116e+01  2.1971e-01 -2.1116e+01 -2.8899e-01  3.6877e+01  2.6284e-01 -3.6877e+01 -2.5922e-01
-1.2787e+01     1.9232e+01  1.9023e-01 -1.9232e+01 -2.5619e-01  3.7649e+01  2.7069e-01 -3.7649e+01 -2.6965e-01
-1.2748e+01     1.8571e+01  1.9824e-01 -1.8571e+01 -1.8578e-01  3.8372e+01  2.7812e-01 -3.8372e+01 -2.7810e-01
-1.2710e+01     1.5164e+01  1.4090e-01 -1.5164e+01 -1.7140e-01  3.9017e+01  2.8461e-01 -3.9017e+01 -2.8494e-01
-1.2672e+01     1.8377e+01  2.1834e-01 -1.8377e+01 -2.0272e-01  3.9659e+01  2.9148e-01 -3.9659e+01 -2.9210e-01
-1.2633e+01     1.8970e+01  2.1005e-01 -1.8970e+01 -2.1048e-01  4.0374e+01  2.9968e-01 -4.0374e+01 -3.0000e-01
-1.2595e+01     1.4010e+01  1.5448e-01 -1.4010e+01 -1.4767e-01  4.1005e+01  3.0666e-01 -4.1005e+01 -3.0686e-01
-1.2557e+01     1.9901e+01  1.7890e-01 -1.9901e+01 -1.6591e-01  4.1654e+01  3.1304e-01 -4.1654e+01 -3.1286e-01
-1.2518e+01     2.2723e+01  1.4973e-01 -2.2723e+01 -1.2130e-01  4.2469e+01  3.1932e-01 -4.2469e+01 -3.1835e-01
-1.2480e+01     2.8516e+01  2.1773e-01 -2.8516e+01 -1.7423e-01  4.3450e+01  3.2635e-01 -4.3450e+01 -3.2401e-01
-1.2442e+01     2.3152e+01  2.1950e-01 -2.3152e+01 -1.4263e-01  4.4439e+01  3.3472e-01 -4.4439e+01 -3.3007e-01
-1.2403e+01     2.0876e+01  1.8903e-01 -2.0876e+01 -1.1208e-01  4.5281e+01  3.4254e-01 -4.5281e+01 -3.3495e-01
-1.2365e+01     2.5458e+01  1.9625e-01 -2.5458e+01 -1.8555e-01  4.6168e+01  3.4991e-01 -4.6168e+01 -3.4064e-01
-1.2327e+01     2.0023e+01  1.3513e-01 -2.0023e+01 -1.8089e-01  4.7038e+01  3.5625e-01 -4.7038e+01 -3.4765e-01
-1.2288e+01     1.8526e+01  7.0884e-02 -1.8526e+01 -5.9688e-02  4.7776e+01  3.6019e-01 -4.7776e+01 -3.5226e-01
-1.2250e+01     1.4487e+01  4.7442e-02 -1.4487e+01 -4.0637e-02  4.8407e+01  3.6246e-01 -4.8407e+01 -3.5417e-01
-1.2212e+01     2.6048e+01  9.4261e-02 -2.6048e+01 -1.0567e-01  4.9183e+01  3.6517e-01 -4.9183e+01 -3.5697e-01
-1.2173e+01     2.6475e+01  1.1388e-01 -2.6475e+01 -8.7479e-02  5.0188e+01  3.6915e-01 -5.0188e+01 -3.6067e-01
-1.2135e+01     2.2595e+01  1.4569e-01 -2.2595e+01 -1.6117e-01  5.1127e+01  3.7412e-01 -5.1127e+01 -3.6543e-01
-1.2097e+01     2.1262e+01  2.1060e-01 -2.1262e+01 -2.4004e-01  5.1966e+01  3.8094e-01 -5.1966e+01 -3.7310e-01
-1.2058e+01     1.7993e+01  1.5987e-01 -1.7993e+01 -1.4926e-01  5.2717e+01  3.8803e-01 -5.2717e+01 -3.8055e-01
-1.2020e+01     2.5310e+01  2.2281e-01 -2.5310e+01 -2.2320e-01  5.3546e+01  3.9535e-01 -5.3546e+01 -3.8768e-01
-1.1982e+01     2.6530e+01  1.7829e-01 -2.6530e+01 -1.4470e-01  5.4538e+01  4.0302e-01 -5.4538e+01 -3.9472e-01
-1.1943e+01     2.2151e+01  7.8764e-02 -2.2151e+01 -6.6173e-02  5.5469e+01  4.0794e-01 -5.5469e+01 -3.9876e-01
-1.1905e+01     2.8137e+01  9.6510e-02 -2.8137e+01 -1.0721e-01  5.6431e+01  4.1129e-01 -5.6431e+01 -4.0207e-01
-1.1867e+01     2.2075e+01  5.1090e-02 -2.2075e+01 -5.4140e-02  5.7392e+01  4.1412e-01 -5.7392e+01 -4.0516e-01
-1.1828e+01     3.3254e+01  7.1741e-02 -3.3254e+01 -6.7930e-02  5.8451e+01  4.1647e-01 -5.8451e+01 -4.0750e-01
-1.1790e+01     2.5398e+01  7.9423e-02 -2.5398e+01 -7.0263e-02  5.9573e+01  4.1936e-01 -5.9573e+01 -4.1014e-01
-1.1752e+01     3.2027e+01  1.1913e-01 -3.2027e+01 -1.0711e-01  6.0672e+01  4.2316e-01 -6.0672e+01 -4.1353e-01
-1.1713e+01     2.8796e+01  1.2939e-01 -2.8796e+01 -1.0101e-01  6.1836e+01  4.2792e-01 -6.1836e+01 -4.1752e-01
-1.1675e+01     3.9957e+01  1.4460e-01 -3.9957e+01 -1.6793e-01  6.3151e+01  4.3316e-01 -6.3151e+01 -4.2266e-01
-1.1637e+01     3.5565e+01  1.1681e-01 -3.5565e+01 -1.7096e-01  6.4597e+01  4.3816e-01 -6.4597e+01 -4.2915e-01
-1.1598e+01     2.5707e+01  1.0174e-01 -2.5707e+01 -1.0281e-01  6.5769e+01  4.4234e-01 -6.5769e+01 -4.3439e-01
-1.1560e+01     2.3399e+01  9.6300e-02 -2.3399e+01 -1.3314e-01  6.6709e+01  4.4613e-01 -6.6709e+01 -4.3890e-01
-1.1522e+01     2.4326e+01  1.1035e-01 -2.4326e+01 -1.5358e-01  6.7622e+01  4.5009e-01 -6.7622e+01 -4.4439e-01
-1.1483e+01     2.1194e+01  1.0926e-01 -2.1194e+01 -1.4520e-01  6.8493e+01  4.5429e-01 -6.8493e+01 -4.5010e-01
-1.1445e+01     2.4118e+01  9.9039e-02 -2.4118e+01 -8.9813e-02  6.9360e+01  4.5828e-01 -6.9360e+01 -4.5460e-01
-1.1407e+01     2.5786e+01  9.7715e-02 -2.5786e+01 -9.0130e-02  7.0315e+01  4.6204e-01 -7.0315e+01 -4.5804e-01
-1.1368e+01     2.1837e+01  5.3724e-02 -2.1837e+01 -5.5614e-02  7.1226e+01  4.6494e-01 -7.1226e+01 -4.6083e-01
-1.1330e+01     2.0665e+01  6.0555e-02 -2.0665e+01 -9.0049e-02  7.2039e+01  4.6712e-01 -7.2039e+01 -4.6362e-01
-1.1292e+01     2.2725e+01  1.0190e-01 -2.2725e+01 -1.5052e-01  7.2870e+01  4.7023e-01 -7.2870e+01 -4.6822e-01
-1.1253e+01     1.2513e+01  9.0355e-02 -1.2513e+01 -1.0214e-01  7.3544e+01  4.7391e-01 -7.3544e+01 -4.7306e-01
-1.1215e+01     1.9524e+01  9.4207e-02 -1.9524e+01 -1.1424e-01  7.4157e+01  4.7744e-01 -7.4157e+01 -4.7720e-01
-1.1177e+01     1.5476e+01  6.1011e-02 -1.5476e+01 -4.9719e-02  7.4827e+01  4.8041e-01 -7.4827e+01 -4.8034e-01
-1.1138e+01     9.9978e+00  3.8422e-02 -9.9978e+00 -2.4520e-02  7.5314e+01  4.8232e-01 -7.5314e+01 -4.8176e-01
-1.1100e+01     1.6382e+01  4.6465e-02 -1.6382e+01 -4.4132e-02  7.5819e+01  4.8394e-01 -7.5819e+01 -4.8307e-01
-1.1062e+01     2.5864e+01  7.1297e-02 -2.5864e+01 -6.1568e-02  7.6627e+01  4.8619e-01 -7.6627e+01 -4.8509e-01
-1.1023e+01     3.1326e+01  6.5998e-02 -3.1326e+01 -7.1166e-02  7.7721e+01  4.8882e-01 -7.7721e+01 -4.8763e-01
-1.0985e+01     6.9831e+00  2.1136e-02 -6.9831e+00 -1.4933e-02  7.8454e+01  4.9049e-01 -7.8454e+01 -4.8928e-01
-1.0947e+01     1.4369e+01  8.2623e-02 -1.4369e+01 -6.1727e-02  7.8863e+01  4.9247e-01 -7.8863e+01 -4.9075e-01
-1.0908e+01     1.7254e+01  9.2528e-02 -1.7254e+01 -8.1091e-02  7.9468e+01  4.9583e-01 -7.9468e+01 -4.9348e-01
-1.0870e+01     1.6299e+01  3.3537e-02 -1.6299e+01 -3.6280e-02  8.0110e+01  4.9824e-01 -8.0110e+01 -4.9573e-01
-1.0832e+01     1.1132e+01  4.7985e-02 -1.1132e+01 -5.2369e-02  8.0635e+01  4.9980e-01 -8.0635e+01 -4.9742e-01
-1.0793e+01     2.7616e+01  1.3298e-01 -2.7616e+01 -1.5015e-01  8.1377e+01  5.0326e-01 -8.1377e+01 -5.0130e-01
-1.0755e+01     9.4281e+00  3.3786e-02 -9.4281e+00 -3.1280e-02  8.2085e+01  5.0645e-01 -8.2085e+01 -5.0477e-01
-1.0717e+01     1.8809e+01  5.9483e-02 -1.8809e+01 -4.4880e-02  8.2626e+01  5.0824e-01 -8.2626e+01 -5.0623e-01
-1.0678e+01     1.9063e+01  7.0359e-02 -1.9063e+01 -8.6999e-02  8.3350e+01  5.1072e-01 -8.3350e+01 -5.0875e-01
-1.0640e+01     1.2470e+01  4.9134e-02 -1.2470e+01 -4.5941e-02  8.3954e+01  5.1301e-01 -8.3954e+01 -5.1129e-01
-1.0602e+01     1.2844e+01  3.1219e-02 -1.2844e+01 -3.2944e-02  8.4438e+01  5.1454e-01 -8.4438e+01 -5.1280e-01
-1.0563e+01     2.8666e+01  7.7331e-02 -2.8666e+01 -7.6554e-02  8.5232e+01  5.1662e-01 -8.5232e+01 -5.1490e-01
-1.0525e+01     1.9911e+01  1.1256e-01 -1.9911e+01 -6.7742e-02  8.6162e+01  5.2025e-01 -8.6162e+01 -5.1766e-01
-1.0487e+01     1.4357e+01  7.0485e-02 -1.4357e+01 -6.7745e-02  8.6818e+01  5.2376e-01 -8.6818e+01 -5.2025e-01
-1.0448e+01     1.5987e+01  8.0341e-02 -1.5987e+01 -9.7981e-02  8.7398e+01  5.2664e-01 -8.7398e+01 -5.2342e-01
-1.0410e+01     1.8244e+01  1.4728e-01 -1.8244e+01 -1.3999e-01  8.8053e+01  5.3100e-01 -8.8053e+01 -5.2798e-01
-1.0372e+01     1.1428e+01  1.2021e-01 -1.1428e+01 -1.0490e-01  8.8621e+01  5.3612e-01 -8.8621e+01 -5.3266e-01
-1.0333e+01     1.8412e+01  1.6390e-01 -1.8412e+01 -1.8339e-01  8.9192e+01  5.4155e-01 -8.9192e+01 -5.3818e-01
-1.0295e+01     2.1504e+01  1.7580e-01 -2.1504e+01 -2.5194e-01  8.9956e+01  5.4805e-01 -8.9956e+01 -5.4651e-01
-1.0257e+01     1.4688e+01  9.9892e-02 -1.4688e+01 -1.1092e-01  9.0648e+01  5.5333e-01 -9.0648e+01 -5.5345e-01
-1.0218e+01     2.5067e+01  1.4662e-01 -2.5067e+01 -1.7945e-01  9.1409e+01  5.5805e-01 -9.1409e+01 -5.5901e-01
-1.0180e+01     2.8952e+01  1.6262e-01 -2.8952e+01 -1.9091e-01  9.2443e+01  5.6396e-01 -9.2443e+01 -5.6610e-01
-1.0142e+01     2.3726e+01  1.4345e-01 -2.3726e+01 -1.5849e-01  9.3451e+01  5.6982e-01 -9.3451e+01 -5.7278e-01
-1.0103e+01     2.4925e+01  1.2064e-01 -2.4925e+01 -1.7204e-01  9.4381e+01  5.7487e-01 -9.4381e+01 -5.7911e-01
-1.0065e+01     2.2241e+01  1.3585e-01 -2.2241e+01 -1.2768e-01  9.5284e+01  5.7978e-01 -9.5284e+01 -5.8484e-01
-1.0027e+01     2.3018e+01  2.0356e-01 -2.3018e+01 -2.0248e-01  9.6150e+01  5.8627e-01 -9.6150e+01 -5.9116e-01
-9.9883e+00     1.8605e+01  1.3739e-01 -1.8605e+01 -1.4049e-01  9.6946e+01  5.9280e-01 -9.6946e+01 -5.9772e-01
-9.9500e+00     2.2515e+01  1.7623e-01 -2.2515e+01 -2.0063e-01  9.7733e+01  5.9880e-01 -9.7733e+01 -6.0425e-01
-9.9117e+00     3.0771e+01  2.5475e-01 -3.0771e+01 -2.3692e-01  9.8753e+01  6.0705e-01 -9.8753e+01 -6.1262e-01
-9.8733e+00     3.3619e+01  3.4928e-01 -3.3619e+01 -3.7212e-01  9.9985e+01  6.1860e-01 -9.9985e+01 -6.2427e-01
-9.8350e+00     3.4126e+01  3.0664e-01 -3.4126e+01 -3.7608e-01  1.0128e+02  6.3115e-01 -1.0128e+02 -6.3859e-01
-9.7967e+00     2.4908e+01  3.2807e-01 -2.4908e+01 -2.4059e-01  1.0241e+02  6.4330e-01 -1.0241e+02 -6.5039e-01
-9.7583e+00     2.3078e+01  2.0611e-01 -2.3078e+01 -2.1401e-01  1.0333e+02  6.5352e-01 -1.0333e+02 -6.5909e-01
-9.7200e+00     3.4503e+01  3.4088e-01 -3.4503e+01 -3.0771e-01  1.0443e+02  6.6399e-01 -1.0443e+02 -6.6907e-01
-9.6817e+00     3.1367e+01  3.3724e-01 -3.1367e+01 -3.7861e-01  1.0569e+02  6.7696e-01 -1.0569e+02 -6.8220e-01
-9.6433e+00     1.0114e+01  9.5939e-02 -1.0114e+01 -9.1451e-02  1.0648e+02  6.8525e-01 -1.0648e+02 -6.9120e-01
-9.6050e+00     2.3815e+01  1.8183e-01 -2.3815e+01 -1.6477e-01  1.0713e+02  6.9057e-01 -1.0713e+02 -6.9610e-01
-9.5667e+00     3.3950e+01  2.0473e-01 -3.3950e+01 -1.8535e-01  1.0824e+02  6.9796e-01 -1.0824e+02 -7.0280e-01
-9.5283e+00     2.2468e+01  1.5782e-01 -2.2468e+01 -1.6582e-01  1.0932e+02  7.0490e-01 -1.0932e+02 -7.0952e-01
-9.4900e+00     1.4798e+01  1.0132e-01 -1.4798e+01 -8.1022e-02  1.1003e+02  7.0986e-01 -1.1003e+02 -7.1424e-01
-9.4517e+00     1.7503e+01  1.1764e-01 -1.7503e+01 -1.0790e-01  1.1065e+02  7.1405e-01 -1.1065e+02 -7.1786e-01
-9.4133e+00     2.5758e+01  1.7573e-01 -2.5758e+01 -2.0619e-01  1.1148e+02  7.1966e-01 -1.1148e+02 -7.2387e-01
-9.3750e+00     2.8877e+01  1.8491e-01 -2.8877e+01 -1.7854e-01  1.1252e+02  7.2656e-01 -1.1252e+02 -7.3123e-01
-9.3367e+00     4.4958e+01  2.7465e-01 -4.4958e+01 -2.5877e-01  1.1394e+02  7.3536e-01 -1.1394e+02 -7.3960e-01
-9.2983e+00     4.6397e+01  3.2974e-01 -4.6397e+01 -3.9828e-01  1.1568e+02  7.4692e-01 -1.1568e+02 -7.5217e-01
-9.2600e+00     4.9162e+01  3.4588e-01 -4.9162e+01 -3.9053e-01  1.1751e+02  7.5985e-01 -1.1751e+02 -7.6726e-01
-9.2217e+00     4.5208e+01  1.9569e-01 -4.5208e+01 -2.4181e-01  1.1932e+02  7.7021e-01 -1.1932e+02 -7.7936e-01
-9.1833e+00     3.7712e+01  2.0228e-01 -3.7712e+01 -1.6696e-01  1.2091e+02  7.7783e-01 -1.2091e+02 -7.8719e-01
-9.1450e+00     4.1854e+01  2.1785e-01 -4.1854e+01 -2.2282e-01  1.2243e+02  7.8587e-01 -1.2243e+02 -7.9464e-01
-9.1067e+00     3.4320e+01  1.6542e-01 -3.4320e+01 -1.3166e-01  1.2389e+02  7.9320e-01 -1.2389e+02 -8.0143e-01
-9.0683e+00     2.4783e+01  1.1514e-01 -2.4783e+01 -8.9452e-02  1.2502e+02  7.9857e-01 -1.2502e+02 -8.0566e-01
-9.0300e+00     3.9515e+01  1.4259e-01 -3.9515e+01 -1.2887e-01  1.2625e+02  8.0350e-01 -1.2625e+02 -8.0984e-01
-8.9917e+00     2.1528e+01  7.4789e-02 -2.1528e+01 -7.5535e-02  1.2741e+02  8.0766e-01 -1.2741e+02 -8.1375e-01
-8.9533e+00     3.2103e+01  8.2422e-02 -3.2103e+01 -1.0236e-01  1.2844e+02  8.1067e-01 -1.2844e+02 -8.1715e-01
-8.9150e+00     2.8661e+01  7.4149e-02 -2.8661e+01 -8.7574e-02  1.2960e+02  8.1367e-01 -1.2960e+02 -8.2078e-01
-8.8767e+00     2.1588e+01  6.6628e-02 -2.1588e+01 -5.2543e-02  1.3056e+02  8.1636e-01 -1.3056e+02 -8.2347e-01
-8.8383e+00     2.4215e+01  8.7024e-02 -2.4215e+01 -1.0039e-01  1.3144e+02  8.1930e-01 -1.3144e+02 -8.2639e-01
-8.8000e+00     2.6250e+01  9.3237e-02 -2.6250e+01 -9.0294e-02  1.3241e+02  8.2275e-01 -1.3241e+02 -8.3004e-01
-8.7617e+00     2.8168e+01  9.3802e-02 -2.8168e+01 -9.5976e-02  1.3345e+02  8.2633e-01 -1.3345e+02 -8.3361e-01
-8.7233e+00     2.8968e+01  9.7548e-02 -2.8968e+01 -9.2660e-02  1.3454e+02  8.2999e-01 -1.3454e+02 -8.3721e-01
-8.6850e+00     2.5559e+01  6.9360e-02 -2.5559e+01 -7.3535e-02  1.3558e+02  8.3318e-01 -1.3558e+02 -8.4039e-01
-8.6467e+00     4.1750e+01  1.1514e-01 -4.1750e+01 -1.2270e-01  1.3687e+02  8.3671e-01 -1.3687e+02 -8.4415e-01
-8.6083e+00     3.0768e+01  7.5802e-02 -3.0768e+01 -7.8957e-02  1.3826e+02  8.4037e-01 -1.3826e+02 -8.4801e-01
-8.5700e+00     4.0564e+01  1.1398e-01 -4.0564e+01 -1.2999e-01  1.3963e+02  8.4400e-01 -1.3963e+02 -8.5201e-01
-8.5317e+00     3.6837e+01  1.0732e-01 -3.6837e+01 -1.1479e-01  1.4111e+02  8.4823e-01 -1.4111e+02 -8.5669e-01
-8.4933e+00     2.8846e+01  1.0241e-01 -2.8846e+01 -9.1504e-02  1.4236e+02  8.5225e-01 -1.4236e+02 -8.6064e-01
-8.4550e+00     3.3832e+01  1.2157e-01 -3.3832e+01 -1.1148e-01  1.4356e+02  8.5653e-01 -1.4356e+02 -8.6452e-01
-8.4167e+00     4.6273e+01  1.3776e-01 -4.6273e+01 -1.7906e-01  1.4510e+02  8.6149e-01 -1.4510e+02 -8.7008e-01
-8.3783e+00     3.8241e+01  1.1708e-01 -3.8241e+01 -1.2984e-01  1.4671e+02  8.6637e-01 -1.4671e+02 -8.7599e-01
-8.3400e+00     4.0723e+01  1.1524e-01 -4.0723e+01 -1.2541e-01  1.4822e+02  8.7082e-01 -1.4822e+02 -8.8088e-01
-8.3017e+00     2.7927e+01  8.8536e-02 -2.7927e+01 -8.3242e-02  1.4954e+02  8.7471e-01 -1.4954e+02 -8.8487e-01
-8.2633e+00     3.5242e+01  9.9949e-02 -3.5242e+01 -9.3362e-02  1.5075e+02  8.7832e-01 -1.5075e+02 -8.8825e-01
-8.2250e+00     4.7117e+01  1.1367e-01 -4.7117e+01 -1.4391e-01  1.5232e+02  8.8241e-01 -1.5232e+02 -8.9279e-01
-8.1867e+00     4.7692e+01  1.2237e-01 -4.7692e+01 -1.2144e-01  1.5414e+02  8.8693e-01 -1.5414e+02 -8.9787e-01
-8.1483e+00     3.3915e+01  9.0847e-02 -3.3915e+01 -8.5363e-02  1.5570e+02  8.9101e-01 -1.5570e+02 -9.0182e-01
-8.1100e+00     4.2163e+01  1.2202e-01 -4.2163e+01 -9.1118e-02  1.5715e+02  8.9508e-01 -1.5715e+02 -9.0520e-01
-8.0717e+00     3.4584e+01  1.0079e-01 -3.4584e+01 -8.5211e-02  1.5862e+02  8.9934e-01 -1.5862e+02 -9.0857e-01
-8.0333e+00     3.5867e+01  8.8128e-02 -3.5867e+01 -8.9669e-02  1.5997e+02  9.0296e-01 -1.5997e+02 -9.1192e-01
-7.9950e+00     4.5593e+01  9.7197e-02 -4.5593e+01 -1.2988e-01  1.6153e+02  9.0650e-01 -1.6153e+02 -9.1612e-01
-7.9567e+00     3.4218e+01  6.1440e-02 -3.4218e+01 -6.9191e-02  1.6306e+02  9.0954e-01 -1.6306e+02 -9.1993e-01
-7.9183e+00     3.4068e+01  6.2493e-02 -3.4068e+01 -6.3855e-02  1.6436e+02  9.1191e-01 -1.6436e+02 -9.2248e-01
-7.8800e+00     4.2843e+01  7.8425e-02 -4.2843e+01 -8.2517e-02  1.6583e+02  9.1461e-01 -1.6583e+02 -9.2528e-01
-7.8417e+00     5.8497e+01  1.2237e-01 -5.8497e+01 -1.1842e-01  1.6777e+02  9.1845e-01 -1.6777e+02 -9.2912e-01
-7.8033e+00     1.1255e+01  2.7756e-02 -1.1255e+01 -1.7644e-02  1.6911e+02  9.2132e-01 -1.6911e+02 -9.3172e-01
-7.7650e+00     3.8051e+01  8.2480e-02 -3.8051e+01 -9.5869e-02  1.7005e+02  9.2343e-01 -1.7005e+02 -9.3390e-01
-7.7267e+00     3.7677e+01  7.7883e-02 -3.7677e+01 -7.7422e-02  1.7150e+02  9.2650e-01 -1.7150e+02 -9.3721e-01
-7.6883e+00     5.2894e+01  1.3401e-01 -5.2894e+01 -1.2258e-01  1.7323e+02  9.3055e-01 -1.7323e+02 -9.4104e-01
-7.6500e+00     5.9996e+01  1.1753e-01 -5.9996e+01 -1.2586e-01  1.7539e+02  9.3537e-01 -1.7539e+02 -9.4579e-01
-7.6117e+00     2.7017e+01  4.5300e-02 -2.7017e+01 -4.7223e-02  1.7706e+02  9.3848e-01 -1.7706e+02 -9.4911e-01
-7.5733e+00     4.9980e+01  9.3707e-02 -4.9980e+01 -8.6338e-02  1.7853e+02  9.4114e-01 -1.7853e+02 -9.5166e-01
-7.5350e+00     3.4853e+01  8.8376e-02 -3.4853e+01 -7.3650e-02  1.8016e+02  9.4463e-01 -1.8016e+02 -9.5472e-01
-7.4967e+00     3.5195e+01  6.7365e-02 -3.5195e+01 -7.2742e-02  1.8150e+02  9.4761e-01 -1.8150e+02 -9.5752e-01
-7.4583e+00     6.4023e+01  1.3161e-01 -6.4023e+01 -1.0691e-01  1.8339e+02  9.5141e-01 -1.8339e+02 -9.6096e-01
-7.4200e+00     2.0572e+01  4.4358e-02 -2.0572e+01 -3.7365e-02  1.8501e+02  9.5478e-01 -1.8501e+02 -9.6372e-01
-7.3817e+00     4.1135e+01  8.8043e-02 -4.1135e+01 -8.1713e-02  1.8619e+02  9.5732e-01 -1.8619e+02 -9.6600e-01
-7.3433e+00     1.4665e+01  2.5834e-02 -1.4665e+01 -3.2037e-02  1.8726e+02  9.5949e-01 -1.8726e+02 -9.6818e-01
-7.3050e+00     5.5797e+01  1.2086e-01 -5.5797e+01 -1.1050e-01  1.8861e+02  9.6230e-01 -1.8861e+02 -9.7090e-01
-7.2667e+00     4.7690e+01  1.1057e-01 -4.7690e+01 -1.1503e-01  1.9059e+02  9.6673e-01 -1.9059e+02 -9.7522e-01
-7.2283e+00     2.7728e+01  8.2116e-02 -2.7728e+01 -7.4157e-02  1.9203e+02  9.7042e-01 -1.9203e+02 -9.7884e-01
-7.1900e+00     3.9597e+01  1.1159e-01 -3.9597e+01 -1.2632e-01  1.9332e+02  9.7412e-01 -1.9332e+02 -9.8268e-01
-7.1517e+00     1.4837e+01  7.6874e-02 -1.4837e+01 -6.4699e-02  1.9436e+02  9.7773e-01 -1.9436e+02 -9.8633e-01
-7.1133e+00     4.6756e+01  2.1114e-01 -4.6756e+01 -1.6894e-01  1.9554e+02  9.8324e-01 -1.9554e+02 -9.9080e-01
-7.0750e+00     2.9070e+01  1.4834e-01 -2.9070e+01 -1.5639e-01  1.9699e+02  9.9012e-01 -1.9699e+02 -9.9703e-01
-7.0367e+00     1.9696e+01  8.7459e-02 -1.9696e+01 -8.0019e-02  1.9793e+02  9.9463e-01 -1.9793e+02 -1.0016e+00
-6.9983e+00     4.7498e+01  2.6079e-01 -4.7498e+01 -2.3992e-01  1.9921e+02  1.0013e+00 -1.9921e+02 -1.0077e+00
-6.9600e+00     4.6092e+01  2.2790e-01 -4.6092e+01 -2.4510e-01  2.0100e+02  1.0106e+00 -2.0100e+02 -1.0170e+00
-6.9217e+00     4.1403e+01  2.2695e-01 -4.1403e+01 -2.9156e-01  2.0268e+02  1.0193e+00 -2.0268e+02 -1.0272e+00
-6.8833e+00     2.5997e+01  1.6414e-01 -2.5997e+01 -1.4965e-01  2.0397e+02  1.0268e+00 -2.0397e+02 -1.0357e+00
-6.8450e+00     4.5388e+01  3.9042e-01 -4.5388e+01 -4.2066e-01  2.0533e+02  1.0374e+00 -2.0533e+02 -1.0466e+00
-6.8067e+00     5.2427e+01  4.1759e-01 -5.2427e+01 -4.1448e-01  2.0720e+02  1.0529e+00 -2.0720e+02 -1.0626e+00
-6.7683e+00     5.0289e+01  3.4848e-01 -5.0289e+01 -3.4826e-01  2.0917e+02  1.0676e+00 -2.0917e+02 -1.0772e+00
-6.7300e+00     6.1102e+01  5.8085e-01 -6.1102e+01 -5.6617e-01  2.1130e+02  1.0853e+00 -2.1130e+02 -1.0946e+00
-6.6917e+00     3.7491e+01  3.1440e-01 -3.7491e+01 -2.7338e-01  2.1319e+02  1.1025e+00 -2.1319e+02 -1.1107e+00
-6.6533e+00     4.1880e+01  2.7902e-01 -4.1880e+01 -2.8941e-01  2.1471e+02  1.1138e+00 -2.1471e+02 -1.1215e+00
-6.6150e+00     3.3694e+01  2.4791e-01 -3.3694e+01 -2.2962e-01  2.1615e+02  1.1239e+00 -2.1615e+02 -1.1314e+00
-6.5767e+00     3.8207e+01  3.1190e-01 -3.8207e+01 -3.1016e-01  2.1753e+02  1.1346e+00 -2.1753e+02 -1.1417e+00
-6.5383e+00     3.2305e+01  2.4298e-01 -3.2305e+01 -2.3523e-01  2.1888e+02  1.1452e+00 -2.1888e+02 -1.1522e+00
-6.5000e+00     4.8264e+01  3.4550e-01 -4.8264e+01 -3.4796e-01  2.2042e+02  1.1565e+00 -2.2042e+02 -1.1633e+00
-6.4617e+00     4.2227e+01  3.1764e-01 -4.2227e+01 -2.6415e-01  2.2215e+02  1.1692e+00 -2.2215e+02 -1.1751e+00
-6.4233e+00     4.0653e+01  3.2742e-01 -4.0653e+01 -3.4335e-01  2.2374e+02  1.1815e+00 -2.2374e+02 -1.1867e+00
-6.3850e+00     4.1068e+01  3.8412e-01 -4.1068e+01 -3.4135e-01  2.2530e+02  1.1952e+00 -2.2530e+02 -1.1998e+00
-6.3467e+00     2.9418e+01  2.6048e-01 -2.9418e+01 -2.2387e-01  2.2665e+02  1.2075e+00 -2.2665e+02 -1.2106e+00
-6.3083e+00     3.8905e+01  3.0402e-01 -3.8905e+01 -2.7143e-01  2.2796e+02  1.2183e+00 -2.2796e+02 -1.2201e+00
-6.2700e+00     3.6772e+01  3.5411e-01 -3.6772e+01 -3.7796e-01  2.2940e+02  1.2309e+00 -2.2940e+02 -1.2325e+00
-6.2317e+00     2.8729e+01  2.7430e-01 -2.8729e+01 -2.7449e-01  2.3066e+02  1.2429e+00 -2.3066e+02 -1.2450e+00
-6.1933e+00     4.2808e+01  3.0767e-01 -4.2808e+01 -3.4407e-01  2.3203e+02  1.2540e+00 -2.3203e+02 -1.2568e+00
-6.1550e+00     3.1478e+01  4.3180e-01 -3.1478e+01 -4.0161e-01  2.3345e+02  1.2682e+00 -2.3345e+02 -1.2711e+00
-6.1167e+00     2.5369e+01  3.3754e-01 -2.5369e+01 -3.5606e-01  2.3453e+02  1.2829e+00 -2.3453e+02 -1.2856e+00
-6.0783e+00     2.5836e+01  2.6886e-01 -2.5836e+01 -3.2973e-01  2.3551e+02  1.2945e+00 -2.3551e+02 -1.2987e+00
-6.0400e+00     3.6443e+01  4.0543e-01 -3.6443e+01 -3.6554e-01  2.3671e+02  1.3074e+00 -2.3671e+02 -1.3120e+00
-6.0017e+00     4.3890e+01  4.3646e-01 -4.3890e+01 -4.1080e-01  2.3824e+02  1.3235e+00 -2.3824e+02 -1.3269e+00
-5.9633e+00     2.8236e+01  2.4016e-01 -2.8236e+01 -2.6046e-01  2.3962e+02  1.3365e+00 -2.3962e+02 -1.3397e+00
-5.9250e+00     2.9956e+01  3.1345e-01 -2.9956e+01 -2.9067e-01  2.4074e+02  1.3471e+00 -2.4074e+02 -1.3503e+00
-5.8867e+00     3.3422e+01  3.0247e-01 -3.3422e+01 -3.4400e-01  2.4195e+02  1.3589e+00 -2.4195e+02 -1.3624e+00
-5.8483e+00     3.0846e+01  3.8323e-01 -3.0846e+01 -3.9102e-01  2.4318e+02  1.3720e+00 -2.4318e+02 -1.3765e+00
-5.8100e+00     1.9283e+01  2.4535e-01 -1.9283e+01 -2.5839e-01  2.4414e+02  1.3840e+00 -2.4414e+02 -1.3889e+00
-5.7717e+00     2.1739e+01  3.4112e-01 -2.1739e+01 -3.3121e-01  2.4492e+02  1.3952e+00 -2.4492e+02 -1.4002e+00
-5.7333e+00     2.3226e+01  4.0930e-01 -2.3226e+01 -4.0745e-01  2.4578e+02  1.4096e+00 -2.4578e+02 -1.4143e+00
-5.6950e+00     3.0021e+01  5.5794e-01 -3.0021e+01 -5.2933e-01  2.4680e+02  1.4281e+00 -2.4680e+02 -1.4322e+00
-5.6567e+00     1.6876e+01  2.5185e-01 -1.6876e+01 -2.9713e-01  2.4770e+02  1.4436e+00 -2.4770e+02 -1.4480e+00
-5.6183e+00     2.4804e+01  3.6384e-01 -2.4804e+01 -3.8277e-01  2.4850e+02  1.4554e+00 -2.4850e+02 -1.4611e+00
-5.5800e+00     2.8461e+01  3.9489e-01 -2.8461e+01 -4.1438e-01  2.4952e+02  1.4699e+00 -2.4952e+02 -1.4763e+00
-5.5417e+00     3.5937e+01  4.6561e-01 -3.5937e+01 -5.0416e-01  2.5075e+02  1.4863e+00 -2.5075e+02 -1.4939e+00
-5.5033e+00     1.8868e+01  2.0774e-01 -1.8868e+01 -2.3436e-01  2.5180e+02  1.4992e+00 -2.5180e+02 -1.5080e+00
-5.4650e+00     2.0335e+01  2.5998e-01 -2.0335e+01 -2.3598e-01  2.5255e+02  1.5082e+00 -2.5255e+02 -1.5170e+00
-5.4267e+00     2.1564e+01  2.6336e-01 -2.1564e+01 -2.8283e-01  2.5335e+02  1.5182e+00 -2.5335e+02 -1.5269e+00
-5.3883e+00     1.5419e+01  1.9998e-01 -1.5419e+01 -2.2223e-01  2.5406e+02  1.5271e+00 -2.5406e+02 -1.5366e+00
-5.3500e+00     2.7546e+01  4.8367e-01 -2.7546e+01 -4.4434e-01  2.5488e+02  1.5401e+00 -2.5488e+02 -1.5494e+00
-5.3117e+00     3.2224e+01  5.6105e-01 -3.2224e+01 -5.6497e-01  2.5602e+02  1.5601e+00 -2.5602e+02 -1.5687e+00
-5.2733e+00     3.0355e+01  3.5578e-01 -3.0355e+01 -3.6345e-01  2.5722e+02  1.5777e+00 -2.5722e+02 -1.5864e+00
-5.2350e+00     2.3070e+01  3.1673e-01 -2.3070e+01 -2.6437e-01  2.5824e+02  1.5905e+00 -2.5824e+02 -1.5985e+00
-5.1967e+00     3.8992e+01  5.3064e-01 -3.8992e+01 -5.0850e-01  2.5943e+02  1.6068e+00 -2.5943e+02 -1.6132e+00
-5.1583e+00     3.0726e+01  3.2291e-01 -3.0726e+01 -3.5462e-01  2.6076e+02  1.6231e+00 -2.6076e+02 -1.6298e+00
-5.1200e+00     1.6394e+01  2.1022e-01 -1.6394e+01 -2.3037e-01  2.6167e+02  1.6333e+00 -2.6167e+02 -1.6409e+00
-5.0817e+00     1.6117e+01  2.5034e-01 -1.6117e+01 -3.0748e-01  2.6229e+02  1.6421e+00 -2.6229e+02 -1.6512e+00
-5.0433e+00     1.7293e+01  2.9258e-01 -1.7293e+01 -3.1818e-01  2.6293e+02  1.6525e+00 -2.6293e+02 -1.6632e+00
-5.0050e+00     2.6124e+01  4.2128e-01 -2.6124e+01 -5.2959e-01  2.6376e+02  1.6662e+00 -2.6376e+02 -1.6794e+00
-4.9667e+00     2.1738e+01  3.8589e-01 -2.1738e+01 -3.9038e-01  2.6467e+02  1.6816e+00 -2.6467e+02 -1.6970e+00
-4.9283e+00     2.1481e+01  3.2987e-01 -2.1481e+01 -3.1037e-01  2.6550e+02  1.6953e+00 -2.6550e+02 -1.7104e+00
-4.8900e+00     2.0338e+01  3.0938e-01 -2.0338e+01 -3.1441e-01  2.6630e+02  1.7075e+00 -2.6630e+02 -1.7224e+00
-4.8517e+00     2.4018e+01  3.7446e-01 -2.4018e+01 -4.3943e-01  2.6715e+02  1.7206e+00 -2.6715e+02 -1.7368e+00
-4.8133e+00     1.7494e+01  2.9860e-01 -1.7494e+01 -3.3135e-01  2.6794e+02  1.7335e+00 -2.6794e+02 -1.7516e+00
-4.7750e+00     1.7868e+01  2.9432e-01 -1.7868e+01 -3.1122e-01  2.6862e+02  1.7448e+00 -2.6862e+02 -1.7639e+00
-4.7367e+00     1.6807e+01  2.5778e-01 -1.6807e+01 -2.3845e-01  2.6928e+02  1.7554e+00 -2.6928e+02 -1.7744e+00
-4.6983e+00     1.7177e+01  1.7088e-01 -1.7177e+01 -2.3045e-01  2.6993e+02  1.7636e+00 -2.6993e+02 -1.7834e+00
-4.6600e+00     2.1480e+01  2.4997e-01 -2.1480e+01 -2.7668e-01  2.7067e+02  1.7717e+00 -2.7067e+02 -1.7931e+00
-4.6217e+00     1.2422e+01  1.6310e-01 -1.2422e+01 -1.8886e-01  2.7132e+02  1.7796e+00 -2.7132e+02 -1.8020e+00
-4.5833e+00     1.6895e+01  2.6186e-01 -1.6895e+01 -2.7503e-01  2.7188e+02  1.7877e+00 -2.7188e+02 -1.8108e+00
-4.5450e+00     1.9945e+01  2.5668e-01 -1.9945e+01 -3.5664e-01  2.7259e+02  1.7976e+00 -2.7259e+02 -1.8229e+00
-4.5067e+00     2.3583e+01  3.2903e-01 -2.3583e+01 -3.2952e-01  2.7342e+02  1.8088e+00 -2.7342e+02 -1.8361e+00
-4.4683e+00     1.6015e+01  2.4094e-01 -1.6015e+01 -3.0307e-01  2.7418e+02  1.8197e+00 -2.7418e+02 -1.8482e+00
-4.4300e+00     1.7075e+01  2.4825e-01 -1.7075e+01 -3.1324e-01  2.7481e+02  1.8291e+00 -2.7481e+02 -1.8600e+00
-4.3917e+00     1.6766e+01  2.7839e-01 -1.6766e+01 -2.8426e-01  2.7546e+02  1.8392e+00 -2.7546e+02 -1.8714e+00
-4.3533e+00     1.5335e+01  2.0660e-01 -1.5335e+01 -2.7702e-01  2.7607e+02  1.8484e+00 -2.7607e+02 -1.8821e+00
-4.3150e+00     1.6806e+01  2.1682e-01 -1.6806e+01 -2.5027e-01  2.7669e+02  1.8565e+00 -2.7669e+02 -1.8922e+00
-4.2767e+00     2.1028e+01  3.2347e-01 -2.1028e+01 -2.9582e-01  2.7741e+02  1.8669e+00 -2.7741e+02 -1.9027e+00
-4.2383e+00     1.6977e+01  2.3321e-01 -1.6977e+01 -2.4700e-01  2.7814e+02  1.8775e+00 -2.7814e+02 -1.9131e+00
-4.2000e+00     1.7878e+01  2.5262e-01 -1.7878e+01 -2.8896e-01  2.7881e+02  1.8868e+00 -2.7881e+02 -1.9233e+00
-4.1617e+00     7.2736e+00  9.8412e-02 -7.2736e+00 -1.1114e-01  2.7929e+02  1.8936e+00 -2.7929e+02 -1.9310e+00
-4.1233e+00     1.5184e+01  1.9348e-01 -1.5184e+01 -1.9622e-01  2.7972e+02  1.8991e+00 -2.7972e+02 -1.9369e+00
-4.0850e+00     1.8588e+01  2.1551e-01 -1.8588e+01 -2.4051e-01  2.8037e+02  1.9070e+00 -2.8037e+02 -1.9452e+00
-4.0467e+00     1.2021e+01  1.5858e-01 -1.2021e+01 -1.6764e-01  2.8095e+02  1.9141e+00 -2.8095e+02 -1.9530e+00
-4.0083e+00     1.4509e+01  2.1514e-01 -1.4509e+01 -2.2643e-01  2.8146e+02  1.9213e+00 -2.8146e+02 -1.9606e+00
-3.9700e+00     1.3995e+01  1.8395e-01 -1.3995e+01 -2.1414e-01  2.8200e+02  1.9289e+00 -2.8200e+02 -1.9690e+00
-3.9317e+00     1.8374e+01  1.8886e-01 -1.8374e+01 -2.3834e-01  2.8262e+02  1.9360e+00 -2.8262e+02 -1.9776e+00
-3.8933e+00     2.8422e+01  2.9558e-01 -2.8422e+01 -3.2001e-01  2.8352e+02  1.9453e+00 -2.8352e+02 -1.9883e+00
-3.8550e+00     9.3004e+00  8.1921e-02 -9.3004e+00 -1.0776e-01  2.8424e+02  1.9525e+00 -2.8424e+02 -1.9965e+00
-3.8167e+00     1.3653e+01  1.3108e-01 -1.3653e+01 -1.6246e-01  2.8468e+02  1.9566e+00 -2.8468e+02 -2.0017e+00
-3.7783e+00     1.0013e+01  9.8698e-02 -1.0013e+01 -1.1386e-01  2.8513e+02  1.9610e+00 -2.8513e+02 -2.0070e+00
-3.7400e+00     7.2344e+00  7.5277e-02 -7.2344e+00 -7.6744e-02  2.8546e+02  1.9643e+00 -2.8546e+02 -2.0106e+00
-3.7017e+00     6.2049e+00  6.9231e-02 -6.2049e+00 -7.0621e-02  2.8572e+02  1.9671e+00 -2.8572e+02 -2.0134e+00
-3.6633e+00     7.3518e+00  8.3980e-02 -7.3518e+00 -7.8781e-02  2.8598e+02  1.9700e+00 -2.8598e+02 -2.0163e+00
-3.6250e+00     6.8675e+00  7.0770e-02 -6.8675e+00 -7.1931e-02  2.8625e+02  1.9730e+00 -2.8625e+02 -2.0192e+00
-3.5867e+00     1.0928e+01  1.2704e-01 -1.0928e+01 -1.1796e-01  2.8659e+02  1.9768e+00 -2.8659e+02 -2.0228e+00
-3.5483e+00     5.6303e+00  7.3351e-02 -5.6303e+00 -6.3239e-02  2.8691e+02  1.9806e+00 -2.8691e+02 -2.0263e+00
-3.5100e+00     1.4335e+01  1.5414e-01 -1.4335e+01 -1.4183e-01  2.8729e+02  1.9850e+00 -2.8729e+02 -2.0302e+00
-3.4717e+00     1.3413e+01  8.6334e-02 -1.3413e+01 -1.4021e-01  2.8782e+02  1.9896e+00 -2.8782e+02 -2.0356e+00
-3.4333e+00     1.5401e+01  7.0335e-02 -1.5401e+01 -7.1287e-02  2.8837e+02  1.9926e+00 -2.8837e+02 -2.0397e+00
-3.3950e+00     9.2613e+00  7.5303e-02 -9.2613e+00 -1.0315e-01  2.8884e+02  1.9954e+00 -2.8884e+02 -2.0430e+00
-3.3567e+00     5.1577e+00  6.6729e-02 -5.1577e+00 -5.5267e-02  2.8912e+02  1.9981e+00 -2.8912e+02 -2.0460e+00
-3.3183e+00     4.8058e+00  6.4160e-02 -4.8058e+00 -5.4499e-02  2.8931e+02  2.0006e+00 -2.8931e+02 -2.0481e+00
-3.2800e+00     2.3013e+00  4.5209e-02 -2.3013e+00 -2.3714e-02  2.8945e+02  2.0027e+00 -2.8945e+02 -2.0496e+00
-3.2417e+00     3.1765e-01  2.7322e-03 -3.1766e-01 -1.8744e-03  2.8950e+02  2.0036e+00 -2.8950e+02 -2.0501e+00
-3.2033e+00     1.3944e+01  7.0706e-02 -1.3944e+01 -8.0336e-02  2.8977e+02  2.0050e+00 -2.8977e+02 -2.0517e+00
-3.1650e+00     2.0487e+00  1.2565e-02 -2.0487e+00 -1.1731e-02  2.9008e+02  2.0066e+00 -2.9008e+02 -2.0534e+00
-3.1267e+00     8.0315e+00  1.8512e-02 -8.0315e+00 -2.3575e-02  2.9027e+02  2.0072e+00 -2.9027e+02 -2.0541e+00
-3.0883e+00     5.1727e+00  1.5255e-02 -5.1727e+00 -1.9150e-02  2.9052e+02  2.0078e+00 -2.9052e+02 -2.0549e+00
-3.0500e+00     1.5527e+01  4.2615e-02 -1.5527e+01 -4.7174e-02  2.9092e+02  2.0089e+00 -2.9092e+02 -2.0562e+00
-3.0117e+00     6.8609e+00  1.8070e-02 -6.8609e+00 -1.2881e-02  2.9135e+02  2.0101e+00 -2.9135e+02 -2.0574e+00
-2.9733e+00     1.9391e+01  4.8868e-02 -1.9391e+01 -3.9569e-02  2.9185e+02  2.0114e+00 -2.9185e+02 -2.0584e+00
-2.9350e+00     0.0000e+00  0.0000e+00 -0.0000e+00 -0.0000e+00  2.9222e+02  2.0123e+00 -2.9222e+02 -2.0591e+00
-2.8967e+00     2.4593e-01  4.0956e-04 -2.4593e-01 -2.9824e-04  2.9222e+02  2.0123e+00 -2.9222e+02 -2.0591e+00
-2.8583e+00     1.0476e+01  1.7238e-02 -1.0476e+01 -1.3674e-02  2.9243e+02  2.0127e+00 -2.9243e+02 -2.0594e+00
-2.8200e+00     1.1975e+01  1.7459e-02 -1.1975e+01 -2.0665e-02  2.9286e+02  2.0133e+00 -2.9286e+02 -2.0600e+00
-2.7817e+00     0.0000e+00  0.0000e+00 -0.0000e+00 -0.0000e+00  2.9309e+02  2.0137e+00 -2.9309e+02 -2.0604e+00
-2.7433e+00     1.7340e+01  3.2653e-02 -1.7340e+01 -2.9633e-02  2.9342e+02  2.0143e+00 -2.9342e+02 -2.0610e+00
-2.7050e+00     0.0000e+00  0.0000e+00 -0.0000e+00 -0.0000e+00  2.9375e+02  2.0149e+00 -2.9375e+02 -2.0616e+00
-2.6667e+00     0.0000e+00  0.0000e+00 -0.0000e+00 -0.0000e+00  2.9375e+02  2.0149e+00 -2.9375e+02 -2.0616e+00
-2.6283e+00     0.0000e+00  0.0000e+00 -0.0000e+00 -0.0000e+00  2.9375e+02  2.0149e+00 -2.9375e+02 -2.0616e+00
-2.5900e+00     0.0000e+00  0.0000e+00 -0.0000e+00 -0.0000e+00  2.9375e+02  2.0149e+00 -2.9375e+02 -2.0616e+00
-2.5517e+00     0.0000e+00  0.0000e+00 -0.0000e+00 -0.0000e+00  2.9375e+02  2.0149e+00 -2.9375e+02 -2.0616e+00
-2.5133e+00     1.7173e+00  5.4728e-04 -1.7173e+00 -1.7605e-03  2.9378e+02  2.0149e+00 -2.9378e+02 -2.0616e+00
-2.4750e+00     5.3013e+00  3.2485e-03 -5.3013e+00 -4.4571e-03  2.9392e+02  2.0150e+00 -2.9392e+02 -2.0617e+00
-2.4367e+00     2.7164e+00  1.7211e-03 -2.7164e+00 -2.4336e-03  2.9407e+02  2.0151e+00 -2.9407e+02 -2.0619e+00
-2.3983e+00     2.5272e+00  1.8564e-03 -2.5272e+00 -2.2369e-03  2.9417e+02  2.0151e+00 -2.9417e+02 -2.0620e+00
-2.3600e+00     2.5145e+00  2.0738e-03 -2.5145e+00 -2.2392e-03  2.9427e+02  2.0152e+00 -2.9427e+02 -2.0620e+00
-2.3217e+00     2.5648e+00  2.3386e-03 -2.5648e+00 -2.2946e-03  2.9437e+02  2.0153e+00 -2.9437e+02 -2.0621e+00
-2.2833e+00     4.7393e+00  4.8291e-03 -4.7393e+00 -4.3547e-03  2.9451e+02  2.0154e+00 -2.9451e+02 -2.0623e+00
-2.2450e+00     3.3520e+00  4.5037e-03 -3.3520e+00 -2.9403e-03  2.9466e+02  2.0156e+00 -2.9466e+02 -2.0624e+00
-2.2067e+00     0.0000e+00  0.0000e+00 -0.0000e+00 -0.0000e+00  2.9473e+02  2.0157e+00 -2.9473e+02 -2.0624e+00
-2.1683e+00     0.0000e+00  0.0000e+00 -0.0000e+00 -0.0000e+00  2.9473e+02  2.0157e+00 -2.9473e+02 -2.0624e+00
-2.1300e+00     0.0000e+00  0.0000e+00 -0.0000e+00 -0.0000e+00  2.9473e+02  2.0157e+00 -2.9473e+02 -2.0624e+00
-2.0917e+00     0.0000e+00  0.0000e+00 -0.0000e+00 -0.0000e+00  2.9473e+02  2.0157e+00 -2.9473e+02 -2.0624e+00
-2.0533e+00     0.0000e+00  0.0000e+00 -0.0000e+00 -0.0000e+00  2.9473e+02  2.0157e+00 -2.9473e+02 -2.0624e+00
-2.0150e+00     1.1072e+01  4.4429e-02 -1.1072e+01 -6.2844e-02  2.9494e+02  2.0166e+00 -2.9494e+02 -2.0636e+00
-1.9767e+00     6.0360e+00  2.1046e-02 -6.0360e+00 -2.7122e-02  2.9526e+02  2.0178e+00 -2.9526e+02 -2.0654e+00
-1.9383e+00     0.0000e+00  0.0000e+00 -0.0000e+00 -0.0000e+00  2.9538e+02  2.0182e+00 -2.9538e+02 -2.0659e+00
-1.9000e+00     0.0000e+00  0.0000e+00 -0.0000e+00 -0.0000e+00  2.9538e+02  2.0182e+00 -2.9538e+02 -2.0659e+00
-1.8617e+00     0.0000e+00  0.0000e+00 -0.0000e+00 -0.0000e+00  2.9538e+02  2.0182e+00 -2.9538e+02 -2.0659e+00
-1.8233e+00     0.0000e+00  0.0000e+00 -0.0000e+00 -0.0000e+00  2.9538e+02  2.0182e+00 -2.9538e+02 -2.0659e+00
-1.7850e+00     0.0000e+00  0.0000e+00 -0.0000e+00 -0.0000e+00  2.9538e+02  2.0182e+00 -2.9538e+02 -2.0659e+00
-1.7467e+00     0.0000e+00  0.0000e+00 -0.0000e+00 -0.0000e+00  2.9538e+02  2.0182e+00 -2.9538e+02 -2.0659e+00
-1.7083e+00     2.6408e+00  3.7319e-02 -2.6408e+00 -1.5094e-02  2.9543e+02  2.0189e+00 -2.9543e+02 -2.0662e+00
-1.6700e+00     5.6903e+00  6.5226e-02 -5.6903e+00 -3.8158e-02  2.9559e+02  2.0209e+00 -2.9559e+02 -2.0672e+00
-1.6317e+00     5.9384e+00  4.2741e-02 -5.9384e+00 -5.6537e-02  2.9581e+02  2.0230e+00 -2.9581e+02 -2.0690e+00
-1.5933e+00     9.7864e+00  9.6378e-02 -9.7864e+00 -1.1030e-01  2.9611e+02  2.0256e+00 -2.9611e+02 -2.0722e+00
-1.5550e+00     1.6590e+01  2.0947e-01 -1.6590e+01 -2.1794e-01  2.9662e+02  2.0315e+00 -2.9662e+02 -2.0785e+00
-1.5167e+00     1.0387e+01  1.3287e-01 -1.0387e+01 -1.3481e-01  2.9713e+02  2.0380e+00 -2.9713e+02 -2.0852e+00
-1.4783e+00     1.3067e+01  1.2274e-01 -1.3067e+01 -1.7310e-01  2.9758e+02  2.0429e+00 -2.9758e+02 -2.0911e+00
-1.4400e+00     6.6145e+00  5.4540e-02 -6.6145e+00 -3.6535e-02  2.9796e+02  2.0463e+00 -2.9796e+02 -2.0951e+00
-1.4017e+00     1.4185e+01  2.1252e-01 -1.4185e+01 -1.4188e-01  2.9836e+02  2.0514e+00 -2.9836e+02 -2.0985e+00
-1.3633e+00     2.0394e+01  1.6194e-01 -2.0394e+01 -1.6532e-01  2.9902e+02  2.0586e+00 -2.9902e+02 -2.1044e+00
-1.3250e+00     1.1582e+01  1.2139e-01 -1.1582e+01 -9.5455e-02  2.9963e+02  2.0640e+00 -2.9963e+02 -2.1094e+00
-1.2867e+00     1.2228e+01  1.0002e-01 -1.2228e+01 -1.3393e-01  3.0009e+02  2.0682e+00 -3.0009e+02 -2.1138e+00
-1.2483e+00     6.0263e+00  5.2762e-02 -6.0263e+00 -9.6447e-02  3.0044e+02  2.0712e+00 -3.0044e+02 -2.1182e+00
-1.2100e+00     2.1067e+01  2.8546e-01 -2.1067e+01 -3.6569e-01  3.0095e+02  2.0776e+00 -3.0095e+02 -2.1271e+00
-1.1717e+00     1.9908e+01  3.6681e-01 -1.9908e+01 -4.4373e-01  3.0174e+02  2.0901e+00 -3.0174e+02 -2.1425e+00
-1.1333e+00     1.5578e+01  2.7772e-01 -1.5578e+01 -2.8961e-01  3.0242e+02  2.1024e+00 -3.0242e+02 -2.1566e+00
-1.0950e+00     1.0618e+01  1.7349e-01 -1.0618e+01 -1.9096e-01  3.0292e+02  2.1111e+00 -3.0292e+02 -2.1658e+00
-1.0567e+00     2.3314e+01  3.3434e-01 -2.3314e+01 -3.3461e-01  3.0357e+02  2.1208e+00 -3.0357e+02 -2.1758e+00
-1.0183e+00     9.0352e+00  1.7754e-01 -9.0352e+00 -1.2309e-01  3.0419e+02  2.1306e+00 -3.0419e+02 -2.1846e+00
-9.8000e-01     1.4947e+01  2.2814e-01 -1.4947e+01 -2.3812e-01  3.0465e+02  2.1384e+00 -3.0465e+02 -2.1915e+00
-9.4167e-01     1.4998e+01  2.1619e-01 -1.4998e+01 -2.0128e-01  3.0522e+02  2.1469e+00 -3.0522e+02 -2.1999e+00
-9.0333e-01     1.4977e+01  2.3237e-01 -1.4977e+01 -1.9654e-01  3.0579e+02  2.1554e+00 -3.0579e+02 -2.2075e+00
-8.6500e-01     2.3431e+01  3.9929e-01 -2.3431e+01 -3.1431e-01  3.0653e+02  2.1675e+00 -3.0653e+02 -2.2173e+00
-8.2667e-01     1.5489e+01  2.5161e-01 -1.5489e+01 -1.9336e-01  3.0727e+02  2.1800e+00 -3.0727e+02 -2.2270e+00
-7.8833e-01     1.6769e+01  2.8368e-01 -1.6769e+01 -1.9548e-01  3.0789e+02  2.1902e+00 -3.0789e+02 -2.2344e+00
-7.5000e-01     1.3301e+01  2.2869e-01 -1.3301e+01 -1.7996e-01  3.0846e+02  2.2000e+00 -3.0846e+02 -2.2416e+00
-7.1167e-01     1.4512e+01  2.3285e-01 -1.4512e+01 -1.6161e-01  3.0900e+02  2.2089e+00 -3.0900e+02 -2.2482e+00
-6.7333e-01     1.9057e+01  2.5968e-01 -1.9057e+01 -2.3540e-01  3.0964e+02  2.2183e+00 -3.0964e+02 -2.2558e+00
-6.3500e-01     1.7219e+01  2.4402e-01 -1.7219e+01 -1.9944e-01  3.1033e+02  2.2279e+00 -3.1033e+02 -2.2641e+00
-5.9667e-01     2.0019e+01  2.9228e-01 -2.0019e+01 -2.3713e-01  3.1105e+02  2.2382e+00 -3.1105e+02 -2.2724e+00
-5.5833e-01     2.1128e+01  2.6413e-01 -2.1128e+01 -2.4310e-01  3.1183e+02  2.2488e+00 -3.1183e+02 -2.2816e+00
-5.2000e-01     1.6970e+01  2.8011e-01 -1.6970e+01 -2.6633e-01  3.1256e+02  2.2592e+00 -3.1256e+02 -2.2914e+00
-4.8167e-01     1.4758e+01  2.0203e-01 -1.4758e+01 -2.1359e-01  3.1317e+02  2.2685e+00 -3.1317e+02 -2.3006e+00
-4.4333e-01     1.8328e+01  2.7573e-01 -1.8328e+01 -2.5018e-01  3.1380e+02  2.2776e+00 -3.1380e+02 -2.3094e+00
-4.0500e-01     1.7969e+01  3.0952e-01 -1.7969e+01 -2.4099e-01  3.1450e+02  2.2888e+00 -3.1450e+02 -2.3188e+00
-3.6667e-01     1.9166e+01  3.5744e-01 -1.9166e+01 -2.4591e-01  3.1521e+02  2.3016e+00 -3.1521e+02 -2.3281e+00
-3.2833e-01     1.8454e+01  2.7077e-01 -1.8454e+01 -2.1556e-01  3.1593e+02  2.3136e+00 -3.1593e+02 -2.3370e+00
-2.9000e-01     1.6030e+01  2.2405e-01 -1.6030e+01 -1.5404e-01  3.1659e+02  2.3231e+00 -3.1659e+02 -2.3441e+00
-2.5167e-01     1.6445e+01  2.1356e-01 -1.6445e+01 -1.4365e-01  3.1721e+02  2.3314e+00 -3.1721e+02 -2.3497e+00
-2.1333e-01     2.5461e+01  3.0998e-01 -2.5461e+01 -1.8797e-01  3.1801e+02  2.3415e+00 -3.1801e+02 -2.3561e+00
-1.7500e-01     2.4881e+01  3.0097e-01 -2.4881e+01 -2.0188e-01  3.1897e+02  2.3531e+00 -3.1897e+02 -2.3636e+00
-1.3667e-01     1.9019e+01  2.2760e-01 -1.9019e+01 -1.8198e-01  3.1981e+02  2.3633e+00 -3.1981e+02 -2.3709e+00
-9.8333e-02     2.2552e+01  2.9090e-01 -2.2552e+01 -2.2997e-01  3.2061e+02  2.3732e+00 -3.2061e+02 -2.3788e+00
-6.0000e-02     2.5902e+01  3.2923e-01 -2.5902e+01 -2.5791e-01  3.2154e+02  2.3850e+00 -3.2154e+02 -2.3881e+00
-2.1667e-02     2.2182e+01  3.1296e-01 -2.2182e+01 -2.5251e-01  3.2246e+02  2.3973e+00 -3.2246e+02 -2.3979e+00
1.6667e-02     2.3041e+01  2.7430e-01 -2.3041e+01 -2.7056e-01  3.2332e+02  2.4086e+00 -3.2332e+02 -2.4079e+00
5.5000e-02     2.0038e+01  2.3880e-01 -2.0038e+01 -2.0772e-01  3.2415e+02  2.4184e+00 -3.2415e+02 -2.4170e+00
9.3333e-02     2.1393e+01  2.5823e-01 -2.1393e+01 -2.5644e-01  3.2494e+02  2.4279e+00 -3.2494e+02 -2.4259e+00
1.3167e-01     2.2600e+01  2.6292e-01 -2.2600e+01 -2.3290e-01  3.2578e+02  2.4379e+00 -3.2578e+02 -2.4353e+00
1.7000e-01     2.4361e+01  2.7474e-01 -2.4361e+01 -2.3957e-01  3.2668e+02  2.4482e+00 -3.2668e+02 -2.4443e+00
2.0833e-01     2.2326e+01  2.3866e-01 -2.2326e+01 -2.2103e-01  3.2757e+02  2.4580e+00 -3.2757e+02 -2.4531e+00
2.4667e-01     2.7889e+01  2.6432e-01 -2.7889e+01 -2.5458e-01  3.2853e+02  2.4676e+00 -3.2853e+02 -2.4622e+00
2.8500e-01     2.5129e+01  2.3923e-01 -2.5129e+01 -2.6023e-01  3.2955e+02  2.4772e+00 -3.2955e+02 -2.4721e+00
3.2333e-01     2.4948e+01  2.5188e-01 -2.4948e+01 -2.6075e-01  3.3051e+02  2.4866e+00 -3.3051e+02 -2.4821e+00
3.6167e-01     2.9132e+01  2.8885e-01 -2.9132e+01 -2.7616e-01  3.3154e+02  2.4970e+00 -3.3154e+02 -2.4923e+00
4.0000e-01     3.3109e+01  3.2216e-01 -3.3109e+01 -3.1199e-01  3.3273e+02  2.5087e+00 -3.3273e+02 -2.5036e+00
4.3833e-01     3.1225e+01  3.0661e-01 -3.1225e+01 -2.7770e-01  3.3396e+02  2.5207e+00 -3.3396e+02 -2.5149e+00
4.7667e-01     2.5933e+01  2.9545e-01 -2.5933e+01 -2.7916e-01  3.3506e+02  2.5322e+00 -3.3506e+02 -2.5255e+00
5.1500e-01     2.9349e+01  3.3824e-01 -2.9349e+01 -3.2065e-01  3.3611e+02  2.5444e+00 -3.3611e+02 -2.5370e+00
5.5333e-01     3.0906e+01  4.2423e-01 -3.0906e+01 -4.1736e-01  3.3727e+02  2.5589e+00 -3.3727e+02 -2.5511e+00
5.9167e-01     2.3860e+01  3.4531e-01 -2.3860e+01 -3.2451e-01  3.3832e+02  2.5737e+00 -3.3832e+02 -2.5653e+00
6.3000e-01     2.3261e+01  3.4470e-01 -2.3261e+01 -3.0705e-01  3.3922e+02  2.5869e+00 -3.3922e+02 -2.5774e+00
6.6833e-01     2.0877e+01  3.1423e-01 -2.0877e+01 -3.2374e-01  3.4006e+02  2.5995e+00 -3.4006e+02 -2.5895e+00
7.0667e-01     2.1861e+01  3.2370e-01 -2.1861e+01 -3.5507e-01  3.4088e+02  2.6117e+00 -3.4088e+02 -2.6025e+00
7.4500e-01     1.9755e+01  3.1015e-01 -1.9755e+01 -2.5899e-01  3.4168e+02  2.6238e+00 -3.4168e+02 -2.6142e+00
7.8333e-01     2.8360e+01  4.4101e-01 -2.8360e+01 -4.2079e-01  3.4260e+02  2.6382e+00 -3.4260e+02 -2.6272e+00
8.2167e-01     2.9871e+01  4.7388e-01 -2.9871e+01 -3.8775e-01  3.4371e+02  2.6557e+00 -3.4371e+02 -2.6427e+00
8.6000e-01     2.7460e+01  3.7038e-01 -2.7460e+01 -3.2094e-01  3.4481e+02  2.6719e+00 -3.4481e+02 -2.6563e+00
8.9833e-01     2.6058e+01  3.3947e-01 -2.6058e+01 -3.5002e-01  3.4583e+02  2.6854e+00 -3.4583e+02 -2.6691e+00
9.3667e-01     2.2991e+01  3.1852e-01 -2.2991e+01 -3.4398e-01  3.4677e+02  2.6980e+00 -3.4677e+02 -2.6824e+00
9.7500e-01     3.0464e+01  3.7722e-01 -3.0464e+01 -4.1154e-01  3.4779e+02  2.7113e+00 -3.4779e+02 -2.6968e+00
1.0133e+00     2.7627e+01  3.5832e-01 -2.7627e+01 -3.1929e-01  3.4890e+02  2.7254e+00 -3.4890e+02 -2.7108e+00
1.0517e+00     2.8325e+01  3.5657e-01 -2.8325e+01 -3.3253e-01  3.4998e+02  2.7391e+00 -3.4998e+02 -2.7233e+00
1.0900e+00     3.2944e+01  3.7827e-01 -3.2944e+01 -3.9727e-01  3.5115e+02  2.7532e+00 -3.5115e+02 -2.7373e+00
1.1283e+00     2.7745e+01  2.8365e-01 -2.7745e+01 -2.6691e-01  3.5231e+02  2.7658e+00 -3.5231e+02 -2.7500e+00
1.1667e+00     2.8349e+01  2.8445e-01 -2.8349e+01 -3.0781e-01  3.5338e+02  2.7767e+00 -3.5338e+02 -2.7610e+00
1.2050e+00     2.5503e+01  2.5262e-01 -2.5503e+01 -2.5256e-01  3.5441e+02  2.7870e+00 -3.5441e+02 -2.7717e+00
1.2433e+00     3.6115e+01  3.2436e-01 -3.6115e+01 -2.8793e-01  3.5559e+02  2.7980e+00 -3.5559e+02 -2.7820e+00
1.2817e+00     2.6267e+01  2.3190e-01 -2.6267e+01 -2.2689e-01  3.5679e+02  2.8087e+00 -3.5679e+02 -2.7919e+00
1.3200e+00     2.8668e+01  2.8397e-01 -2.8668e+01 -2.7460e-01  3.5784e+02  2.8185e+00 -3.5784e+02 -2.8015e+00
1.3583e+00     3.0216e+01  3.4719e-01 -3.0216e+01 -3.7238e-01  3.5896e+02  2.8306e+00 -3.5896e+02 -2.8139e+00
1.3967e+00     3.8259e+01  3.5140e-01 -3.8259e+01 -3.4071e-01  3.6027e+02  2.8440e+00 -3.6027e+02 -2.8275e+00
1.4350e+00     3.2026e+01  2.7606e-01 -3.2026e+01 -2.7495e-01  3.6162e+02  2.8560e+00 -3.6162e+02 -2.8393e+00
1.4733e+00     2.9138e+01  2.8068e-01 -2.9138e+01 -3.2503e-01  3.6279e+02  2.8666e+00 -3.6279e+02 -2.8508e+00
1.5117e+00     2.8685e+01  3.1421e-01 -2.8685e+01 -2.8282e-01  3.6390e+02  2.8780e+00 -3.6390e+02 -2.8624e+00
1.5500e+00     3.8154e+01  4.0498e-01 -3.8154e+01 -5.3186e-01  3.6517e+02  2.8918e+00 -3.6517e+02 -2.8780e+00
1.5883e+00     2.8138e+01  2.8690e-01 -2.8138e+01 -2.7684e-01  3.6644e+02  2.9050e+00 -3.6644e+02 -2.8935e+00
1.6267e+00     2.8485e+01  2.9411e-01 -2.8485e+01 -3.0558e-01  3.6753e+02  2.9161e+00 -3.6753e+02 -2.9046e+00
1.6650e+00     3.5832e+01  3.8687e-01 -3.5832e+01 -3.9746e-01  3.6876e+02  2.9292e+00 -3.6876e+02 -2.9180e+00
1.7033e+00     3.0747e+01  3.7644e-01 -3.0747e+01 -4.5412e-01  3.7003e+02  2.9438e+00 -3.7003e+02 -2.9343e+00
1.7417e+00     3.0724e+01  3.4458e-01 -3.0724e+01 -3.6408e-01  3.7121e+02  2.9576e+00 -3.7121e+02 -2.9500e+00
1.7800e+00     4.3531e+01  5.4547e-01 -4.3531e+01 -6.0088e-01  3.7263e+02  2.9746e+00 -3.7263e+02 -2.9685e+00
1.8183e+00     3.2433e+01  3.5413e-01 -3.2433e+01 -3.2127e-01  3.7408e+02  2.9918e+00 -3.7408e+02 -2.9861e+00
1.8567e+00     2.6918e+01  2.9809e-01 -2.6918e+01 -2.8228e-01  3.7522e+02  3.0043e+00 -3.7522e+02 -2.9977e+00
1.8950e+00     2.6028e+01  3.1961e-01 -2.6028e+01 -2.6892e-01  3.7623e+02  3.0161e+00 -3.7623e+02 -3.0082e+00
1.9333e+00     3.0569e+01  3.5371e-01 -3.0569e+01 -2.9014e-01  3.7731e+02  3.0290e+00 -3.7731e+02 -3.0189e+00
1.9717e+00     3.3949e+01  3.3137e-01 -3.3949e+01 -2.9819e-01  3.7855e+02  3.0421e+00 -3.7855e+02 -3.0302e+00
2.0100e+00     3.4488e+01  3.2687e-01 -3.4488e+01 -3.2005e-01  3.7986e+02  3.0547e+00 -3.7986e+02 -3.0420e+00
2.0483e+00     2.9124e+01  2.5842e-01 -2.9124e+01 -2.2783e-01  3.8107e+02  3.0659e+00 -3.8107e+02 -3.0525e+00
2.0867e+00     2.7883e+01  2.5822e-01 -2.7883e+01 -1.9447e-01  3.8217e+02  3.0758e+00 -3.8217e+02 -3.0606e+00
2.1250e+00     2.8206e+01  2.8617e-01 -2.8206e+01 -2.2679e-01  3.8324e+02  3.0862e+00 -3.8324e+02 -3.0686e+00
2.1633e+00     3.0709e+01  3.2838e-01 -3.0709e+01 -2.1990e-01  3.8437e+02  3.0980e+00 -3.8437e+02 -3.0772e+00
2.2017e+00     2.6956e+01  2.7057e-01 -2.6956e+01 -1.8842e-01  3.8547e+02  3.1094e+00 -3.8547e+02 -3.0850e+00
2.2400e+00     2.8531e+01  2.7136e-01 -2.8531e+01 -2.2558e-01  3.8653e+02  3.1198e+00 -3.8653e+02 -3.0929e+00
2.2783e+00     2.6741e+01  2.5513e-01 -2.6741e+01 -2.2538e-01  3.8759e+02  3.1299e+00 -3.8759e+02 -3.1015e+00
2.3167e+00     3.0488e+01  2.9908e-01 -3.0488e+01 -2.7114e-01  3.8868e+02  3.1405e+00 -3.8868e+02 -3.1110e+00
2.3550e+00     2.8824e+01  2.9805e-01 -2.8824e+01 -2.6562e-01  3.8982e+02  3.1519e+00 -3.8982e+02 -3.1213e+00
2.3933e+00     2.5911e+01  2.6658e-01 -2.5911e+01 -2.5344e-01  3.9087e+02  3.1627e+00 -3.9087e+02 -3.1312e+00
2.4317e+00     2.6675e+01  2.7039e-01 -2.6675e+01 -2.7611e-01  3.9187e+02  3.1730e+00 -3.9187e+02 -3.1414e+00
2.4700e+00     2.7748e+01  2.6974e-01 -2.7748e+01 -2.4756e-01  3.9291e+02  3.1833e+00 -3.9291e+02 -3.1514e+00
2.5083e+00     2.7896e+01  2.7471e-01 -2.7896e+01 -2.2751e-01  3.9398e+02  3.1937e+00 -3.9398e+02 -3.1605e+00
2.5467e+00     2.5790e+01  2.4246e-01 -2.5790e+01 -2.4700e-01  3.9501e+02  3.2036e+00 -3.9501e+02 -3.1696e+00
2.5850e+00     3.1287e+01  2.8659e-01 -3.1287e+01 -2.2313e-01  3.9610e+02  3.2137e+00 -3.9610e+02 -3.1785e+00
2.6233e+00     3.0565e+01  2.6553e-01 -3.0565e+01 -2.2249e-01  3.9728e+02  3.2243e+00 -3.9728e+02 -3.1871e+00
2.6617e+00     2.9555e+01  2.6203e-01 -2.9555e+01 -2.5074e-01  3.9843e+02  3.2344e+00 -3.9843e+02 -3.1961e+00
2.7000e+00     2.6990e+01  2.4273e-01 -2.6990e+01 -2.1828e-01  3.9951e+02  3.2441e+00 -3.9951e+02 -3.2051e+00
2.7383e+00     2.5837e+01  2.5571e-01 -2.5837e+01 -2.2790e-01  4.0052e+02  3.2536e+00 -4.0052e+02 -3.2136e+00
2.7767e+00     2.9363e+01  3.1087e-01 -2.9363e+01 -3.0053e-01  4.0158e+02  3.2644e+00 -4.0158e+02 -3.2238e+00
2.8150e+00     2.9385e+01  3.1390e-01 -2.9385e+01 -3.6313e-01  4.0270e+02  3.2764e+00 -4.0270e+02 -3.2365e+00
2.8533e+00     3.0690e+01  2.9953e-01 -3.0690e+01 -2.5970e-01  4.0385e+02  3.2881e+00 -4.0385e+02 -3.2484e+00
2.8917e+00     2.5580e+01  2.4451e-01 -2.5580e+01 -2.1044e-01  4.0493e+02  3.2985e+00 -4.0493e+02 -3.2574e+00
2.9300e+00     2.9800e+01  2.8966e-01 -2.9800e+01 -2.2083e-01  4.0599e+02  3.3088e+00 -4.0599e+02 -3.2656e+00
2.9683e+00     3.4546e+01  3.0025e-01 -3.4546e+01 -1.8862e-01  4.0722e+02  3.3201e+00 -4.0722e+02 -3.2735e+00
3.0067e+00     3.1046e+01  2.7670e-01 -3.1046e+01 -2.1110e-01  4.0848e+02  3.3311e+00 -4.0848e+02 -3.2811e+00
3.0450e+00     2.5624e+01  2.3251e-01 -2.5624e+01 -1.6993e-01  4.0956e+02  3.3408e+00 -4.0956e+02 -3.2884e+00
3.0833e+00     3.1356e+01  2.8380e-01 -3.1356e+01 -2.1108e-01  4.1065e+02  3.3507e+00 -4.1065e+02 -3.2957e+00
3.1217e+00     2.7520e+01  2.6094e-01 -2.7520e+01 -2.4043e-01  4.1178e+02  3.3611e+00 -4.1178e+02 -3.3043e+00
3.1600e+00     2.8998e+01  2.6007e-01 -2.8998e+01 -2.5180e-01  4.1286e+02  3.3711e+00 -4.1286e+02 -3.3137e+00
3.1983e+00     2.7235e+01  2.4274e-01 -2.7235e+01 -1.9076e-01  4.1394e+02  3.3807e+00 -4.1394e+02 -3.3222e+00
3.2367e+00     2.9277e+01  2.6449e-01 -2.9277e+01 -2.1861e-01  4.1502e+02  3.3904e+00 -4.1502e+02 -3.3300e+00
3.2750e+00     2.9673e+01  2.4938e-01 -2.9673e+01 -1.7460e-01  4.1615e+02  3.4003e+00 -4.1615e+02 -3.3376e+00
3.3133e+00     2.8634e+01  2.2286e-01 -2.8634e+01 -1.1618e-01  4.1726e+02  3.4093e+00 -4.1726e+02 -3.3431e+00
3.3517e+00     2.9301e+01  2.1446e-01 -2.9301e+01 -1.0302e-01  4.1837e+02  3.4177e+00 -4.1837e+02 -3.3473e+00
3.3900e+00     2.8828e+01  2.2060e-01 -2.8828e+01 -1.4138e-01  4.1948e+02  3.4260e+00 -4.1948e+02 -3.3520e+00
3.4283e+00     3.4439e+01  2.7198e-01 -3.4439e+01 -1.0966e-01  4.2069e+02  3.4354e+00 -4.2069e+02 -3.3568e+00
3.4667e+00     3.1063e+01  2.2790e-01 -3.1063e+01 -5.8094e-02  4.2195e+02  3.4450e+00 -4.2195e+02 -3.3600e+00
3.5050e+00     2.6834e+01  1.9135e-01 -2.6834e+01 -6.1209e-02  4.2305e+02  3.4530e+00 -4.2305e+02 -3.3623e+00
3.5433e+00     3.1628e+01  2.4651e-01 -3.1628e+01 -1.7315e-01  4.2417e+02  3.4614e+00 -4.2417e+02 -3.3668e+00
3.5817e+00     3.1399e+01  2.4885e-01 -3.1399e+01 -1.5885e-01  4.2538e+02  3.4709e+00 -4.2538e+02 -3.3731e+00
3.6200e+00     3.3988e+01  2.8819e-01 -3.3988e+01 -1.8277e-01  4.2663e+02  3.4811e+00 -4.2663e+02 -3.3797e+00
3.6583e+00     3.2961e+01  2.7663e-01 -3.2961e+01 -2.1442e-01  4.2791e+02  3.4919e+00 -4.2791e+02 -3.3873e+00
3.6967e+00     3.3478e+01  2.5878e-01 -3.3478e+01 -1.5085e-01  4.2918e+02  3.5022e+00 -4.2918e+02 -3.3943e+00
3.7350e+00     2.8302e+01  2.1784e-01 -2.8302e+01 -1.0323e-01  4.3036e+02  3.5113e+00 -4.3036e+02 -3.3991e+00
3.7733e+00     3.2200e+01  2.6254e-01 -3.2200e+01 -1.2134e-01  4.3152e+02  3.5205e+00 -4.3152e+02 -3.4034e+00
3.8117e+00     3.2479e+01  2.8018e-01 -3.2479e+01 -2.1245e-01  4.3276e+02  3.5309e+00 -4.3276e+02 -3.4098e+00
3.8500e+00     3.1161e+01  2.5663e-01 -3.1161e+01 -1.4419e-01  4.3398e+02  3.5412e+00 -4.3398e+02 -3.4166e+00
3.8883e+00     3.3858e+01  2.7985e-01 -3.3858e+01 -1.2561e-01  4.3522e+02  3.5514e+00 -4.3522e+02 -3.4218e+00
3.9267e+00     3.5280e+01  2.7218e-01 -3.5280e+01 -7.6424e-02  4.3654e+02  3.5620e+00 -4.3654e+02 -3.4257e+00
3.9650e+00     3.0028e+01  2.2920e-01 -3.0028e+01 -1.6718e-01  4.3779e+02  3.5716e+00 -4.3779e+02 -3.4303e+00
4.0033e+00     2.8001e+01  2.0516e-01 -2.8001e+01 -1.4197e-01  4.3890e+02  3.5799e+00 -4.3890e+02 -3.4362e+00
4.0417e+00     3.5209e+01  2.5155e-01 -3.5209e+01 -2.2407e-01  4.4011e+02  3.5886e+00 -4.4011e+02 -3.4432e+00
4.0800e+00     3.3821e+01  2.3979e-01 -3.3821e+01 -1.6177e-01  4.4143e+02  3.5980e+00 -4.4143e+02 -3.4506e+00
4.1183e+00     2.8282e+01  2.2757e-01 -2.8282e+01 -1.6316e-01  4.4262e+02  3.6070e+00 -4.4262e+02 -3.4568e+00
4.1567e+00     2.3441e+01  1.9054e-01 -2.3441e+01 -1.0106e-01  4.4361e+02  3.6150e+00 -4.4361e+02 -3.4619e+00
4.1950e+00     2.9271e+01  2.3725e-01 -2.9271e+01 -7.9133e-02  4.4462e+02  3.6232e+00 -4.4462e+02 -3.4653e+00
4.2333e+00     3.5240e+01  2.6677e-01 -3.5240e+01  1.4139e-02  4.4586e+02  3.6328e+00 -4.4586e+02 -3.4666e+00
4.2717e+00     2.9705e+01  2.2650e-01 -2.9705e+01 -7.8111e-02  4.4710e+02  3.6422e+00 -4.4710e+02 -3.4678e+00
4.3100e+00     2.5273e+01  1.6936e-01 -2.5273e+01 -6.8291e-02  4.4815e+02  3.6498e+00 -4.4815e+02 -3.4706e+00
4.3483e+00     2.7769e+01  1.8277e-01 -2.7769e+01 -5.1243e-03  4.4916e+02  3.6566e+00 -4.4916e+02 -3.4720e+00
4.3867e+00     2.5109e+01  1.6003e-01 -2.5109e+01  6.5256e-03  4.5018e+02  3.6631e+00 -4.5018e+02 -3.4720e+00
4.4250e+00     3.8205e+01  2.0989e-01 -3.8205e+01 -6.5952e-02  4.5139e+02  3.6702e+00 -4.5139e+02 -3.4731e+00
4.4633e+00     2.8223e+01  1.8793e-01 -2.8223e+01 -3.2212e-02  4.5266e+02  3.6778e+00 -4.5266e+02 -3.4750e+00
4.5017e+00     2.4160e+01  1.6858e-01 -2.4160e+01 -1.3819e-02  4.5366e+02  3.6846e+00 -4.5366e+02 -3.4759e+00
4.5400e+00     3.1619e+01  1.9092e-01 -3.1619e+01 -3.6102e-02  4.5473e+02  3.6915e+00 -4.5473e+02 -3.4768e+00
4.5783e+00     2.9908e+01  1.7984e-01 -2.9908e+01 -1.9649e-02  4.5591e+02  3.6986e+00 -4.5591e+02 -3.4779e+00
4.6167e+00     3.2766e+01  1.8600e-01 -3.2766e+01  5.5492e-02  4.5711e+02  3.7056e+00 -4.5711e+02 -3.4772e+00
4.6550e+00     3.0284e+01  1.6649e-01 -3.0284e+01  6.5941e-02  4.5831e+02  3.7124e+00 -4.5831e+02 -3.4749e+00
4.6933e+00     2.9893e+01  1.6469e-01 -2.9893e+01  5.4351e-02  4.5946e+02  3.7187e+00 -4.5946e+02 -3.4726e+00
4.7317e+00     3.0884e+01  1.8409e-01 -3.0884e+01  5.9125e-02  4.6063e+02  3.7254e+00 -4.6063e+02 -3.4704e+00
4.7700e+00     2.8318e+01  1.8572e-01 -2.8318e+01  5.5952e-03  4.6176e+02  3.7324e+00 -4.6176e+02 -3.4692e+00
4.8083e+00     3.0710e+01  2.1022e-01 -3.0710e+01  6.8107e-03  4.6289e+02  3.7400e+00 -4.6289e+02 -3.4690e+00
4.8467e+00     2.6828e+01  1.8624e-01 -2.6828e+01 -2.2085e-02  4.6399e+02  3.7476e+00 -4.6399e+02 -3.4692e+00
4.8850e+00     2.7641e+01  1.8498e-01 -2.7641e+01 -3.8936e-03  4.6503e+02  3.7547e+00 -4.6503e+02 -3.4697e+00
4.9233e+00     2.8579e+01  1.8250e-01 -2.8579e+01  7.5103e-03  4.6611e+02  3.7617e+00 -4.6611e+02 -3.4697e+00
4.9617e+00     2.9875e+01  1.9649e-01 -2.9875e+01  2.4742e-02  4.6723e+02  3.7690e+00 -4.6723e+02 -3.4691e+00
