-1.8000e+01     0.0000e+00  0.0000e+00 -0.0000e+00 -0.0000e+00  0.0000e+00  0.0000e+00 -0.0000e+00 -0.0000e+00
-1.7962e+01     0.0000e+00  0.0000e+00 -0.0000e+00 -0.0000e+00  0.0000e+00  0.0000e+00 -0.0000e+00 -0.0000e+00
-1.7923e+01     0.0000e+00  0.0000e+00 -0.0000e+00 -0.0000e+00  0.0000e+00  0.0000e+00 -0.0000e+00 -0.0000e+00
-1.7885e+01     0.0000e+00  0.0000e+00 -0.0000e+00 -0.0000e+00  0.0000e+00  0.0000e+00 -0.0000e+00 -0.0000e+00
-1.7847e+01     0.0000e+00  0.0000e+00 -0.0000e+00 -0.0000e+00  0.0000e+00  0.0000e+00 -0.0000e+00 -0.0000e+00
-1.7808e+01     0.0000e+00  0.0000e+00 -0.0000e+00 -0.0000e+00  0.0000e+00  0.0000e+00 -0.0000e+00 -0.0000e+00
-1.7770e+01     0.0000e+00  0.0000e+00 -0.0000e+00 -0.0000e+00  0.0000e+00  0.0000e+00 -0.0000e+00 -0.0000e+00
-1.7732e+01     0.0000e+00  0.0000e+00 -0.0000e+00 -0.0000e+00  0.0000e+00  0.0000e+00 -0.0000e+00 -0.0000e+00
-1.7693e+01     0.0000e+00  0.0000e+00 -0.0000e+00 -0.0000e+00  0.0000e+00  0.0000e+00 -0.0000e+00 -0.0000e+00
-1.7655e+01     0.0000e+00  0.0000e+00 -0.0000e+00 -0.0000e+00  0.0000e+00  0.0000e+00 -0.0000e+00 -0.0000e+00
-1.7617e+01     0.0000e+00  0.0000e+00 -0.0000e+00 -0.0000e+00  0.0000e+00  0.0000e+00 -0.0000e+00 -0.0000e+00
-1.7578e+01     0.0000e+00  0.0000e+00 -0.0000e+00 -0.0000e+00  0.0000e+00  0.0000e+00 -0.0000e+00 -0.0000e+00
-1.7540e+01     0.0000e+00  0.0000e+00 -0.0000e+00 -0.0000e+00  0.0000e+00  0.0000e+00 -0.0000e+00 -0.0000e+00
-1.7502e+01     0.0000e+00  0.0000e+00 -0.0000e+00 -0.0000e+00  0.0000e+00  0.0000e+00 -0.0000e+00 -0.0000e+00
-1.7463e+01     0.0000e+00  0.0000e+00 -0.0000e+00 -0.0000e+00  0.0000e+00  0.0000e+00 -0.0000e+00 -0.0000e+00
-1.7425e+01     0.0000e+00  0.0000e+00 -0.0000e+00 -0.0000e+00  0.0000e+00  0.0000e+00 -0.0000e+00 -0.0000e+00
-1.7387e+01     0.0000e+00  0.0000e+00 -0.0000e+00 -0.0000e+00  0.0000e+00  0.0000e+00 -0.0000e+00 -0.0000e+00
-1.7348e+01     0.0000e+00  0.0000e+00 -0.0000e+00 -0.0000e+00  0.0000e+00  0.0000e+00 -0.0000e+00 -0.0000e+00
-1.7310e+01     0.0000e+00  0.0000e+00 -0.0000e+00 -0.0000e+00  0.0000e+00  0.0000e+00 -0.0000e+00 -0.0000e+00
-1.7272e+01     0.0000e+00  0.0000e+00 -0.0000e+00 -0.0000e+00  0.0000e+00  0.0000e+00 -0.0000e+00 -0.0000e+00
-1.7233e+01     0.0000e+00  0.0000e+00 -0.0000e+00 -0.0000e+00  0.0000e+00  0.0000e+00 -0.0000e+00 -0.0000e+00
-1.7195e+01     0.0000e+00  0.0000e+00 -0.0000e+00 -0.0000e+00  0.0000e+00  0.0000e+00 -0.0000e+00 -0.0000e+00
-1.7157e+01     0.0000e+00  0.0000e+00 -0.0000e+00 -0.0000e+00  0.0000e+00  0.0000e+00 -0.0000e+00 -0.0000e+00
-1.7118e+01     0.0000e+00  0.0000e+00 -0.0000e+00 -0.0000e+00  0.0000e+00  0.0000e+00 -0.0000e+00 -0.0000e+00
-1.7080e+01     0.0000e+00  0.0000e+00 -0.0000e+00 -0.0000e+00  0.0000e+00  0.0000e+00 -0.0000e+00 -0.0000e+00
-1.7042e+01     0.0000e+00  0.0000e+00 -0.0000e+00 -0.0000e+00  0.0000e+00  0.0000e+00 -0.0000e+00 -0.0000e+00
-1.7003e+01     0.0000e+00  0.0000e+00 -0.0000e+00 -0.0000e+00  0.0000e+00  0.0000e+00 -0.0000e+00 -0.0000e+00
-1.6965e+01     0.0000e+00  0.0000e+00 -0.0000e+00 -0.0000e+00  0.0000e+00  0.0000e+00 -0.0000e+00 -0.0000e+00
-1.6927e+01     0.0000e+00  0.0000e+00 -0.0000e+00 -0.0000e+00  0.0000e+00  0.0000e+00 -0.0000e+00 -0.0000e+00
-1.6888e+01     0.0000e+00  0.0000e+00 -0.0000e+00 -0.0000e+00  0.0000e+00  0.0000e+00 -0.0000e+00 -0.0000e+00
-1.6850e+01     0.0000e+00  0.0000e+00 -0.0000e+00 -0.0000e+00  0.0000e+00  0.0000e+00 -0.0000e+00 -0.0000e+00
-1.6812e+01     0.0000e+00  0.0000e+00 -0.0000e+00 -0.0000e+00  0.0000e+00  0.0000e+00 -0.0000e+00 -0.0000e+00
-1.6773e+01     0.0000e+00  0.0000e+00 -0.0000e+00 -0.0000e+00  0.0000e+00  0.0000e+00 -0.0000e+00 -0.0000e+00
-1.6735e+01     0.0000e+00  0.0000e+00 -0.0000e+00 -0.0000e+00  0.0000e+00  0.0000e+00 -0.0000e+00 -0.0000e+00
-1.6697e+01     0.0000e+00  0.0000e+00 -0.0000e+00 -0.0000e+00  0.0000e+00  0.0000e+00 -0.0000e+00 -0.0000e+00
-1.6658e+01     0.0000e+00  0.0000e+00 -0.0000e+00 -0.0000e+00  0.0000e+00  0.0000e+00 -0.0000e+00 -0.0000e+00
-1.6620e+01     0.0000e+00  0.0000e+00 -0.0000e+00 -0.0000e+00  0.0000e+00  0.0000e+00 -0.0000e+00 -0.0000e+00
-1.6582e+01     0.0000e+00  0.0000e+00 -0.0000e+00 -0.0000e+00  0.0000e+00  0.0000e+00 -0.0000e+00 -0.0000e+00
-1.6543e+01     0.0000e+00  0.0000e+00 -0.0000e+00 -0.0000e+00  0.0000e+00  0.0000e+00 -0.0000e+00 -0.0000e+00
-1.6505e+01     0.0000e+00  0.0000e+00 -0.0000e+00 -0.0000e+00  0.0000e+00  0.0000e+00 -0.0000e+00 -0.0000e+00
-1.6467e+01     0.0000e+00  0.0000e+00 -0.0000e+00 -0.0000e+00  0.0000e+00  0.0000e+00 -0.0000e+00 -0.0000e+00
-1.6428e+01     0.0000e+00  0.0000e+00 -0.0000e+00 -0.0000e+00  0.0000e+00  0.0000e+00 -0.0000e+00 -0.0000e+00
-1.6390e+01     0.0000e+00  0.0000e+00 -0.0000e+00 -0.0000e+00  0.0000e+00  0.0000e+00 -0.0000e+00 -0.0000e+00
-1.6352e+01     0.0000e+00  0.0000e+00 -0.0000e+00 -0.0000e+00  0.0000e+00  0.0000e+00 -0.0000e+00 -0.0000e+00
-1.6313e+01     0.0000e+00  0.0000e+00 -0.0000e+00 -0.0000e+00  0.0000e+00  0.0000e+00 -0.0000e+00 -0.0000e+00
-1.6275e+01     0.0000e+00  0.0000e+00 -0.0000e+00 -0.0000e+00  0.0000e+00  0.0000e+00 -0.0000e+00 -0.0000e+00
-1.6237e+01     0.0000e+00  0.0000e+00 -0.0000e+00 -0.0000e+00  0.0000e+00  0.0000e+00 -0.0000e+00 -0.0000e+00
-1.6198e+01     0.0000e+00  0.0000e+00 -0.0000e+00 -0.0000e+00  0.0000e+00  0.0000e+00 -0.0000e+00 -0.0000e+00
-1.6160e+01     0.0000e+00  0.0000e+00 -0.0000e+00 -0.0000e+00  0.0000e+00  0.0000e+00 -0.0000e+00 -0.0000e+00
-1.6122e+01     0.0000e+00  0.0000e+00 -0.0000e+00 -0.0000e+00  0.0000e+00  0.0000e+00 -0.0000e+00 -0.0000e+00
-1.6083e+01     0.0000e+00  0.0000e+00 -0.0000e+00 -0.0000e+00  0.0000e+00  0.0000e+00 -0.0000e+00 -0.0000e+00
-1.6045e+01     0.0000e+00  0.0000e+00 -0.0000e+00 -0.0000e+00  0.0000e+00  0.0000e+00 -0.0000e+00 -0.0000e+00
-1.6007e+01     0.0000e+00  0.0000e+00 -0.0000e+00 -0.0000e+00  0.0000e+00  0.0000e+00 -0.0000e+00 -0.0000e+00
-1.5968e+01     0.0000e+00  0.0000e+00 -0.0000e+00 -0.0000e+00  0.0000e+00  0.0000e+00 -0.0000e+00 -0.0000e+00
-1.5930e+01     0.0000e+00  0.0000e+00 -0.0000e+00 -0.0000e+00  0.0000e+00  0.0000e+00 -0.0000e+00 -0.0000e+00
-1.5892e+01     0.0000e+00  0.0000e+00 -0.0000e+00 -0.0000e+00  0.0000e+00  0.0000e+00 -0.0000e+00 -0.0000e+00
-1.5853e+01     0.0000e+00  0.0000e+00 -0.0000e+00 -0.0000e+00  0.0000e+00  0.0000e+00 -0.0000e+00 -0.0000e+00
-1.5815e+01     4.6821e+01  5.2218e-05 -0.0000e+00 -0.0000e+00  8.9590e-01  9.9918e-07 -0.0000e+00 -0.0000e+00
-1.5777e+01     0.0000e+00  0.0000e+00 -0.0000e+00 -0.0000e+00  1.7918e+00  1.9984e-06 -0.0000e+00 -0.0000e+00
-1.5738e+01     0.0000e+00  0.0000e+00 -0.0000e+00 -0.0000e+00  1.7918e+00  1.9984e-06 -0.0000e+00 -0.0000e+00
-1.5700e+01     0.0000e+00  0.0000e+00 -0.0000e+00 -0.0000e+00  1.7918e+00  1.9984e-06 -0.0000e+00 -0.0000e+00
-1.5662e+01     0.0000e+00  0.0000e+00 -0.0000e+00 -0.0000e+00  1.7918e+00  1.9984e-06 -0.0000e+00 -0.0000e+00
-1.5623e+01     5.8865e+00  6.3206e-04 -0.0000e+00 -0.0000e+00  1.9044e+00  1.4093e-05 -0.0000e+00 -0.0000e+00
-1.5585e+01     1.1577e+01  7.0589e-04 -1.8504e+01 -7.9934e-04  2.2386e+00  3.9694e-05 -3.5408e-01 -1.5295e-05
-1.5547e+01     0.0000e+00  0.0000e+00 -2.1518e+01 -1.0260e-03  2.4601e+00  5.3201e-05 -1.1199e+00 -5.0223e-05
-1.5508e+01     0.0000e+00  0.0000e+00 -0.0000e+00 -0.0000e+00  2.4601e+00  5.3201e-05 -1.5316e+00 -6.9855e-05
-1.5470e+01     0.0000e+00  0.0000e+00 -0.0000e+00 -0.0000e+00  2.4601e+00  5.3201e-05 -1.5316e+00 -6.9855e-05
-1.5432e+01     0.0000e+00  0.0000e+00 -0.0000e+00 -0.0000e+00  2.4601e+00  5.3201e-05 -1.5316e+00 -6.9855e-05
-1.5393e+01     0.0000e+00  0.0000e+00 -0.0000e+00 -0.0000e+00  2.4601e+00  5.3201e-05 -1.5316e+00 -6.9855e-05
-1.5355e+01     0.0000e+00  0.0000e+00 -0.0000e+00 -0.0000e+00  2.4601e+00  5.3201e-05 -1.5316e+00 -6.9855e-05
-1.5317e+01     0.0000e+00  0.0000e+00 -0.0000e+00 -0.0000e+00  2.4601e+00  5.3201e-05 -1.5316e+00 -6.9855e-05
-1.5278e+01     0.0000e+00  0.0000e+00 -0.0000e+00 -0.0000e+00  2.4601e+00  5.3201e-05 -1.5316e+00 -6.9855e-05
-1.5240e+01     1.1106e+01  3.1468e-03 -0.0000e+00 -0.0000e+00  2.6726e+00  1.1341e-04 -1.5316e+00 -6.9855e-05
-1.5202e+01     1.5979e+01  5.8828e-03 -2.0653e+01 -1.1496e-02  3.1909e+00  2.8619e-04 -1.9268e+00 -2.8983e-04
-1.5163e+01     5.4298e+00  5.4242e-02 -3.0195e+00 -1.7509e-02  3.6006e+00  1.4367e-03 -2.3798e+00 -8.4483e-04
-1.5125e+01     2.4741e+01  1.9739e-02 -1.5729e+01 -5.6121e-02  4.1779e+00  2.8523e-03 -2.7385e+00 -2.2537e-03
-1.5087e+01     6.6794e+00  5.9094e-02 -4.9825e+00 -3.4798e-02  4.7791e+00  4.3607e-03 -3.1349e+00 -3.9934e-03
-1.5048e+01     5.7469e+00  7.1448e-02 -7.9870e+00 -8.2988e-02  5.0169e+00  6.8586e-03 -3.3830e+00 -6.2472e-03
-1.5010e+01     6.6649e+00  8.3451e-02 -6.7563e+00 -7.4680e-02  5.2544e+00  9.8226e-03 -3.6651e+00 -9.2642e-03
-1.4972e+01     1.2957e+01  6.6087e-02 -1.5832e+01 -7.8139e-02  5.6298e+00  1.2684e-02 -4.0974e+00 -1.2188e-02
-1.4933e+01     1.9543e+01  2.1407e-02 -1.6895e+01 -1.0551e-02  6.2517e+00  1.4358e-02 -4.7236e+00 -1.3885e-02
-1.4895e+01     6.6398e+00  1.2606e-02 -4.8020e+00 -1.5441e-02  6.7527e+00  1.5009e-02 -5.1388e+00 -1.4383e-02
-1.4857e+01     6.0291e+00  3.8169e-02 -7.6764e+00 -3.5537e-02  6.9951e+00  1.5981e-02 -5.3775e+00 -1.5358e-02
-1.4818e+01     3.8531e+00  2.3244e-02 -3.9176e+00 -1.2909e-02  7.1842e+00  1.7156e-02 -5.5994e+00 -1.6285e-02
-1.4780e+01     6.0561e+00  4.1783e-02 -5.5980e+00 -1.5573e-02  7.3739e+00  1.8400e-02 -5.7815e+00 -1.6830e-02
-1.4742e+01     1.5870e+01  7.1110e-02 -1.2667e+01 -3.7878e-02  7.7934e+00  2.0560e-02 -6.1310e+00 -1.7853e-02
-1.4703e+01     3.4448e-01  1.9670e-03 -1.9919e+00 -5.6888e-03  8.1037e+00  2.1958e-02 -6.4115e+00 -1.8687e-02
-1.4665e+01     2.3053e+01  5.9498e-02 -4.9720e+00 -7.4888e-03  8.5514e+00  2.3135e-02 -6.5447e+00 -1.8939e-02
-1.4627e+01     9.9393e-01  1.6320e-03 -1.7888e+01 -2.9744e-02  9.0115e+00  2.4304e-02 -6.9821e+00 -1.9651e-02
-1.4588e+01     1.8211e+01  1.2327e-01 -4.1960e+00 -2.5163e-02  9.3790e+00  2.6694e-02 -7.4047e+00 -2.0702e-02
-1.4550e+01     9.1820e+00  5.2400e-02 -9.2893e+00 -5.6854e-02  9.9031e+00  3.0056e-02 -7.6627e+00 -2.2271e-02
-1.4512e+01     1.5459e+01  6.2399e-02 -1.0150e+01 -4.9633e-02  1.0375e+01  3.2252e-02 -8.0347e+00 -2.4309e-02
-1.4473e+01     1.2842e+01  6.6863e-02 -2.3267e+01 -8.1469e-02  1.0916e+01  3.4726e-02 -8.6741e+00 -2.6817e-02
-1.4435e+01     1.0195e+01  5.7982e-02 -1.0178e+01 -4.2975e-02  1.1357e+01  3.7115e-02 -9.3141e+00 -2.9199e-02
-1.4397e+01     1.3825e+01  8.5963e-02 -1.2476e+01 -1.0058e-01  1.1817e+01  3.9869e-02 -9.7476e+00 -3.1946e-02
-1.4358e+01     1.0787e+01  7.0276e-02 -1.8878e+01 -1.4081e-01  1.2288e+01  4.2858e-02 -1.0348e+01 -3.6565e-02
-1.4320e+01     1.7588e+01  1.4215e-01 -1.5424e+01 -8.9045e-02  1.2830e+01  4.6923e-02 -1.1004e+01 -4.0963e-02
-1.4282e+01     2.0418e+01  1.1847e-01 -1.2858e+01 -6.0193e-02  1.3558e+01  5.1910e-02 -1.1545e+01 -4.3818e-02
-1.4243e+01     1.5272e+01  6.8070e-02 -1.6434e+01 -7.6587e-02  1.4241e+01  5.5480e-02 -1.2106e+01 -4.6436e-02
-1.4205e+01     1.8716e+01  6.6548e-02 -1.9293e+01 -7.0005e-02  1.4891e+01  5.8056e-02 -1.2789e+01 -4.9241e-02
-1.4167e+01     2.0167e+01  9.9124e-02 -2.1322e+01 -9.9360e-02  1.5635e+01  6.1226e-02 -1.3566e+01 -5.2481e-02
-1.4128e+01     1.4891e+01  1.0308e-01 -2.2128e+01 -1.1838e-01  1.6306e+01  6.5095e-02 -1.4398e+01 -5.6648e-02
-1.4090e+01     1.2871e+01  1.2480e-01 -1.3818e+01 -6.0639e-02  1.6837e+01  6.9455e-02 -1.5086e+01 -6.0074e-02
-1.4052e+01     1.2367e+01  1.2885e-01 -1.2442e+01 -8.8824e-02  1.7320e+01  7.4309e-02 -1.5588e+01 -6.2933e-02
-1.4013e+01     1.4267e+01  1.3447e-01 -2.0794e+01 -2.0412e-01  1.7830e+01  7.9347e-02 -1.6224e+01 -6.8539e-02
-1.3975e+01     1.2085e+01  1.1348e-01 -7.7102e+00 -1.0348e-01  1.8334e+01  8.4092e-02 -1.6769e+01 -7.4425e-02
-1.3937e+01     9.1073e+00  1.0192e-01 -2.4041e+01 -3.0163e-01  1.8739e+01  8.8213e-02 -1.7377e+01 -8.2176e-02
-1.3898e+01     1.3142e+01  1.1882e-01 -6.3715e+00 -4.7054e-02  1.9165e+01  9.2437e-02 -1.7959e+01 -8.8848e-02
-1.3860e+01     9.7272e+00  5.6917e-02 -1.2032e+01 -1.0065e-01  1.9603e+01  9.5800e-02 -1.8311e+01 -9.1674e-02
-1.3822e+01     1.6033e+01  1.6355e-01 -1.3057e+01 -1.2369e-01  2.0096e+01  1.0002e-01 -1.8791e+01 -9.5967e-02
-1.3783e+01     7.2554e+00  1.3261e-01 -1.2675e+01 -1.7388e-01  2.0541e+01  1.0569e-01 -1.9284e+01 -1.0166e-01
-1.3745e+01     2.0924e+01  2.2461e-01 -2.6632e+01 -1.8417e-01  2.1080e+01  1.1252e-01 -2.0036e+01 -1.0851e-01
-1.3707e+01     9.2428e+00  9.2725e-02 -4.7176e+00 -3.5463e-02  2.1658e+01  1.1859e-01 -2.0636e+01 -1.1271e-01
-1.3668e+01     2.1064e+01  1.2211e-01 -2.1166e+01 -1.6296e-01  2.2238e+01  1.2270e-01 -2.1131e+01 -1.1651e-01
-1.3630e+01     1.2152e+01  1.1614e-01 -7.2597e+00 -7.2461e-02  2.2873e+01  1.2726e-01 -2.1675e+01 -1.2102e-01
-1.3592e+01     1.4949e+01  1.0247e-01 -1.8831e+01 -1.7763e-01  2.3392e+01  1.3145e-01 -2.2174e+01 -1.2580e-01
-1.3553e+01     2.8235e+01  1.8067e-01 -1.8367e+01 -1.5533e-01  2.4218e+01  1.3686e-01 -2.2886e+01 -1.3217e-01
-1.3515e+01     1.8028e+01  1.0479e-01 -1.5221e+01 -1.0136e-01  2.5103e+01  1.4233e-01 -2.3528e+01 -1.3708e-01
-1.3477e+01     1.5214e+01  1.0183e-01 -1.5014e+01 -8.5661e-02  2.5739e+01  1.4628e-01 -2.4107e+01 -1.4066e-01
-1.3438e+01     1.4129e+01  8.2219e-02 -1.9759e+01 -1.2526e-01  2.6301e+01  1.4980e-01 -2.4772e+01 -1.4470e-01
-1.3400e+01     2.2185e+01  1.4232e-01 -3.2154e+01 -2.2301e-01  2.6996e+01  1.5410e-01 -2.5766e+01 -1.5136e-01
-1.3362e+01     1.9297e+01  9.2120e-02 -1.9628e+01 -9.3062e-02  2.7789e+01  1.5858e-01 -2.6757e+01 -1.5741e-01
-1.3323e+01     1.7716e+01  8.4661e-02 -1.2116e+01 -5.5940e-02  2.8498e+01  1.6197e-01 -2.7364e+01 -1.6026e-01
-1.3285e+01     1.5360e+01  5.2982e-02 -1.6548e+01 -5.8298e-02  2.9131e+01  1.6460e-01 -2.7912e+01 -1.6245e-01
-1.3247e+01     1.8638e+01  7.1718e-02 -2.0485e+01 -6.6605e-02  2.9781e+01  1.6699e-01 -2.8621e+01 -1.6484e-01
-1.3208e+01     1.8545e+01  8.2705e-02 -2.0236e+01 -9.2407e-02  3.0493e+01  1.6994e-01 -2.9400e+01 -1.6788e-01
-1.3170e+01     2.2132e+01  1.3289e-01 -2.1956e+01 -1.1615e-01  3.1271e+01  1.7407e-01 -3.0208e+01 -1.7187e-01
-1.3132e+01     2.3677e+01  2.0073e-01 -1.8471e+01 -1.5501e-01  3.2148e+01  1.8045e-01 -3.0981e+01 -1.7706e-01
-1.3093e+01     2.2320e+01  1.8891e-01 -2.4639e+01 -1.8741e-01  3.3028e+01  1.8791e-01 -3.1806e+01 -1.8361e-01
-1.3055e+01     2.4420e+01  2.0378e-01 -2.6800e+01 -2.3737e-01  3.3922e+01  1.9542e-01 -3.2790e+01 -1.9174e-01
-1.3017e+01     2.3954e+01  2.5886e-01 -2.5499e+01 -2.4831e-01  3.4848e+01  2.0427e-01 -3.3791e+01 -2.0103e-01
-1.2978e+01     2.6285e+01  3.4916e-01 -2.3232e+01 -2.9008e-01  3.5809e+01  2.1591e-01 -3.4723e+01 -2.1134e-01
-1.2940e+01     2.1111e+01  2.3097e-01 -1.7989e+01 -2.2001e-01  3.6716e+01  2.2701e-01 -3.5512e+01 -2.2110e-01
-1.2902e+01     2.1670e+01  2.1729e-01 -2.2870e+01 -2.6881e-01  3.7535e+01  2.3558e-01 -3.6294e+01 -2.3045e-01
-1.2863e+01     2.0836e+01  1.4751e-01 -2.1987e+01 -1.9592e-01  3.8348e+01  2.4256e-01 -3.7152e+01 -2.3934e-01
-1.2825e+01     1.8191e+01  1.4961e-01 -2.0659e+01 -1.5217e-01  3.9095e+01  2.4825e-01 -3.7968e+01 -2.4600e-01
-1.2787e+01     2.0692e+01  1.2510e-01 -2.0169e+01 -1.6224e-01  3.9839e+01  2.5351e-01 -3.8750e+01 -2.5202e-01
-1.2748e+01     1.9569e+01  1.2952e-01 -2.2459e+01 -1.7877e-01  4.0609e+01  2.5838e-01 -3.9565e+01 -2.5854e-01
-1.2710e+01     2.2750e+01  2.3425e-01 -1.9302e+01 -1.4683e-01  4.1419e+01  2.6534e-01 -4.0364e+01 -2.6477e-01
-1.2672e+01     2.6588e+01  2.4370e-01 -2.2557e+01 -1.5740e-01  4.2363e+01  2.7448e-01 -4.1165e+01 -2.7059e-01
-1.2633e+01     2.0675e+01  1.2846e-01 -1.8322e+01 -1.2567e-01  4.3267e+01  2.8161e-01 -4.1948e+01 -2.7601e-01
-1.2595e+01     2.2186e+01  1.4899e-01 -2.0897e+01 -1.3875e-01  4.4087e+01  2.8691e-01 -4.2698e+01 -2.8107e-01
-1.2557e+01     2.0767e+01  1.7996e-01 -1.1396e+01 -8.1437e-02  4.4909e+01  2.9321e-01 -4.3316e+01 -2.8528e-01
-1.2518e+01     7.8040e+00  5.7728e-02 -2.0314e+01 -1.4505e-01  4.5456e+01  2.9776e-01 -4.3923e+01 -2.8962e-01
-1.2480e+01     1.0550e+01  1.0854e-01 -2.6044e+01 -1.7968e-01  4.5807e+01  3.0094e-01 -4.4810e+01 -2.9583e-01
-1.2442e+01     1.5398e+01  1.4791e-01 -4.8108e+01 -3.1134e-01  4.6304e+01  3.0585e-01 -4.6229e+01 -3.0523e-01
-1.2403e+01     2.3430e+01  2.1464e-01 -3.0138e+01 -2.0144e-01  4.7047e+01  3.1278e-01 -4.7726e+01 -3.1504e-01
-1.2365e+01     2.1608e+01  1.4986e-01 -2.1045e+01 -1.2839e-01  4.7908e+01  3.1976e-01 -4.8705e+01 -3.2135e-01
-1.2327e+01     3.1079e+01  1.6188e-01 -2.5209e+01 -1.6074e-01  4.8917e+01  3.2572e-01 -4.9590e+01 -3.2688e-01
-1.2288e+01     3.0954e+01  2.0023e-01 -1.7371e+01 -1.1046e-01  5.0104e+01  3.3265e-01 -5.0405e+01 -3.3207e-01
-1.2250e+01     3.7628e+01  2.3795e-01 -2.4831e+01 -1.6837e-01  5.1416e+01  3.4104e-01 -5.1213e+01 -3.3741e-01
-1.2212e+01     3.1344e+01  2.3856e-01 -1.6394e+01 -1.2140e-01  5.2736e+01  3.5015e-01 -5.2001e+01 -3.4295e-01
-1.2173e+01     3.1889e+01  1.9720e-01 -2.0924e+01 -1.4101e-01  5.3946e+01  3.5849e-01 -5.2715e+01 -3.4797e-01
-1.2135e+01     3.1206e+01  2.7731e-01 -2.2100e+01 -2.1131e-01  5.5153e+01  3.6757e-01 -5.3539e+01 -3.5471e-01
-1.2097e+01     2.1297e+01  2.3173e-01 -2.4160e+01 -2.5791e-01  5.6158e+01  3.7731e-01 -5.4424e+01 -3.6369e-01
-1.2058e+01     2.5817e+01  1.3755e-01 -3.5355e+01 -2.6195e-01  5.7059e+01  3.8438e-01 -5.5563e+01 -3.7364e-01
-1.2020e+01     2.1768e+01  1.5323e-01 -3.3932e+01 -2.2678e-01  5.7970e+01  3.8994e-01 -5.6888e+01 -3.8299e-01
-1.1982e+01     2.6802e+01  2.2670e-01 -3.5798e+01 -2.6505e-01  5.8899e+01  3.9721e-01 -5.8223e+01 -3.9240e-01
-1.1943e+01     2.7530e+01  2.5037e-01 -2.9965e+01 -1.7981e-01  5.9939e+01  4.0634e-01 -5.9481e+01 -4.0092e-01
-1.1905e+01     2.2977e+01  1.3794e-01 -2.0707e+01 -1.3258e-01  6.0905e+01  4.1377e-01 -6.0451e+01 -4.0689e-01
-1.1867e+01     1.9056e+01  1.1499e-01 -2.3014e+01 -1.5703e-01  6.1709e+01  4.1861e-01 -6.1287e+01 -4.1243e-01
-1.1828e+01     2.1025e+01  8.8163e-02 -2.9691e+01 -1.2025e-01  6.2476e+01  4.2250e-01 -6.2296e+01 -4.1774e-01
-1.1790e+01     2.4870e+01  9.1764e-02 -2.6461e+01 -1.3200e-01  6.3354e+01  4.2594e-01 -6.3370e+01 -4.2257e-01
-1.1752e+01     2.1507e+01  6.5854e-02 -2.5349e+01 -1.4564e-01  6.4242e+01  4.2896e-01 -6.4362e+01 -4.2788e-01
-1.1713e+01     2.3409e+01  1.0533e-01 -1.8036e+01 -1.1252e-01  6.5101e+01  4.3223e-01 -6.5192e+01 -4.3282e-01
-1.1675e+01     1.8749e+01  1.4661e-01 -2.1562e+01 -1.3093e-01  6.5908e+01  4.3705e-01 -6.5949e+01 -4.3748e-01
-1.1637e+01     4.0703e+01  1.2837e-01 -2.4746e+01 -9.6841e-02  6.7046e+01  4.4231e-01 -6.6836e+01 -4.4184e-01
-1.1598e+01     2.3738e+01  1.2247e-01 -3.3825e+01 -1.8058e-01  6.8279e+01  4.4711e-01 -6.7956e+01 -4.4714e-01
-1.1560e+01     2.8541e+01  1.8451e-01 -3.0884e+01 -2.3459e-01  6.9279e+01  4.5299e-01 -6.9195e+01 -4.5509e-01
-1.1522e+01     2.0374e+01  9.9744e-02 -2.4076e+01 -1.3522e-01  7.0215e+01  4.5843e-01 -7.0246e+01 -4.6216e-01
-1.1483e+01     1.5152e+01  5.5318e-02 -1.3756e+01 -7.1718e-02  7.0895e+01  4.6139e-01 -7.0970e+01 -4.6612e-01
-1.1445e+01     2.2561e+01  6.4042e-02 -3.0970e+01 -7.0425e-02  7.1616e+01  4.6368e-01 -7.1826e+01 -4.6884e-01
-1.1407e+01     1.8395e+01  4.1655e-02 -2.1257e+01 -4.2914e-02  7.2400e+01  4.6570e-01 -7.2825e+01 -4.7101e-01
-1.1368e+01     2.5590e+01  5.8256e-02 -1.6689e+01 -4.5701e-02  7.3242e+01  4.6761e-01 -7.3551e+01 -4.7271e-01
-1.1330e+01     1.5038e+01  3.8421e-02 -1.7677e+01 -4.6740e-02  7.4019e+01  4.6946e-01 -7.4209e+01 -4.7448e-01
-1.1292e+01     2.0196e+01  5.6915e-02 -3.0912e+01 -6.8906e-02  7.4693e+01  4.7129e-01 -7.5139e+01 -4.7669e-01
-1.1253e+01     1.7382e+01  4.7622e-02 -1.6460e+01 -4.7796e-02  7.5412e+01  4.7329e-01 -7.6045e+01 -4.7892e-01
-1.1215e+01     1.5228e+01  5.5360e-02 -1.6198e+01 -5.3594e-02  7.6036e+01  4.7526e-01 -7.6670e+01 -4.8086e-01
-1.1177e+01     3.6534e+01  1.2335e-01 -2.3255e+01 -7.4800e-02  7.7027e+01  4.7868e-01 -7.7425e+01 -4.8332e-01
-1.1138e+01     4.5948e+00  3.0376e-02 -5.4920e+00 -2.3596e-02  7.7814e+01  4.8162e-01 -7.7975e+01 -4.8520e-01
-1.1100e+01     2.2603e+01  8.1465e-02 -3.2610e+01 -1.3760e-01  7.8334e+01  4.8376e-01 -7.8704e+01 -4.8829e-01
-1.1062e+01     2.2127e+01  5.8560e-02 -1.1620e+01 -3.0497e-02  7.9190e+01  4.8644e-01 -7.9550e+01 -4.9150e-01
-1.1023e+01     2.3770e+01  6.8314e-02 -2.0557e+01 -5.1595e-02  8.0068e+01  4.8887e-01 -8.0166e+01 -4.9308e-01
-1.0985e+01     1.7537e+01  7.6039e-02 -3.1916e+01 -6.4161e-02  8.0859e+01  4.9163e-01 -8.1170e+01 -4.9529e-01
-1.0947e+01     2.4209e+01  1.2828e-01 -1.6558e+01 -6.7463e-02  8.1658e+01  4.9554e-01 -8.2098e+01 -4.9781e-01
-1.0908e+01     1.3037e+01  7.8686e-02 -1.9344e+01 -1.1136e-01  8.2370e+01  4.9950e-01 -8.2785e+01 -5.0123e-01
-1.0870e+01     2.6203e+01  4.0300e-02 -3.4933e+01 -4.0638e-02  8.3121e+01  5.0177e-01 -8.3823e+01 -5.0414e-01
-1.0832e+01     3.3256e+01  1.0808e-01 -3.6273e+01 -1.2598e-01  8.4259e+01  5.0461e-01 -8.5186e+01 -5.0733e-01
-1.0793e+01     3.9800e+00  1.6599e-02 -7.3866e+00 -2.7809e-02  8.4971e+01  5.0700e-01 -8.6021e+01 -5.1027e-01
-1.0755e+01     2.4435e+01  6.8795e-02 -2.0291e+01 -7.2234e-02  8.5515e+01  5.0863e-01 -8.6551e+01 -5.1218e-01
-1.0717e+01     1.4355e+01  9.3183e-02 -1.5468e+01 -6.5326e-02  8.6257e+01  5.1173e-01 -8.7235e+01 -5.1482e-01
-1.0678e+01     1.6141e+01  4.7496e-02 -1.5804e+01 -1.0010e-01  8.6841e+01  5.1442e-01 -8.7833e+01 -5.1798e-01
-1.0640e+01     7.2573e+00  4.3939e-02 -1.2412e+01 -7.8875e-02  8.7289e+01  5.1617e-01 -8.8373e+01 -5.2141e-01
-1.0602e+01     1.7177e+01  1.0657e-01 -1.4506e+01 -9.1249e-02  8.7756e+01  5.1905e-01 -8.8888e+01 -5.2466e-01
-1.0563e+01     1.1866e+01  9.3618e-02 -2.4011e+01 -1.3532e-01  8.8312e+01  5.2288e-01 -8.9625e+01 -5.2900e-01
-1.0525e+01     1.4450e+01  1.2230e-01 -2.0078e+01 -1.3203e-01  8.8815e+01  5.2702e-01 -9.0469e+01 -5.3411e-01
-1.0487e+01     1.8985e+01  8.5114e-02 -1.5265e+01 -9.5216e-02  8.9455e+01  5.3099e-01 -9.1145e+01 -5.3846e-01
-1.0448e+01     1.3718e+01  8.5077e-02 -1.5649e+01 -9.0913e-02  9.0081e+01  5.3424e-01 -9.1737e+01 -5.4202e-01
-1.0410e+01     2.7861e+01  1.6758e-01 -3.7519e+01 -2.2942e-01  9.0876e+01  5.3908e-01 -9.2754e+01 -5.4815e-01
-1.0372e+01     2.4882e+01  1.4601e-01 -2.3433e+01 -1.7137e-01  9.1886e+01  5.4508e-01 -9.3920e+01 -5.5582e-01
-1.0333e+01     2.0029e+01  1.0347e-01 -2.0705e+01 -1.3127e-01  9.2745e+01  5.4985e-01 -9.4765e+01 -5.6161e-01
-1.0295e+01     9.3093e+00  7.9211e-02 -8.5603e+00 -5.7223e-02  9.3306e+01  5.5335e-01 -9.5325e+01 -5.6522e-01
-1.0257e+01     1.5795e+01  9.9813e-02 -1.6762e+01 -1.1825e-01  9.3787e+01  5.5677e-01 -9.5810e+01 -5.6858e-01
-1.0218e+01     2.4400e+01  1.3708e-01 -2.1818e+01 -1.4480e-01  9.4556e+01  5.6130e-01 -9.6548e+01 -5.7361e-01
-1.0180e+01     2.8943e+01  1.7915e-01 -2.4072e+01 -1.6761e-01  9.5577e+01  5.6736e-01 -9.7426e+01 -5.7959e-01
-1.0142e+01     2.6869e+01  1.5537e-01 -2.0531e+01 -1.6639e-01  9.6645e+01  5.7376e-01 -9.8279e+01 -5.8598e-01
-1.0103e+01     3.4195e+01  1.5674e-01 -1.0134e+01 -6.8430e-02  9.7813e+01  5.7973e-01 -9.8866e+01 -5.9047e-01
-1.0065e+01     1.5789e+01  1.3540e-01 -2.2618e+01 -1.6914e-01  9.8769e+01  5.8532e-01 -9.9493e+01 -5.9502e-01
-1.0027e+01     2.0887e+01  1.7107e-01 -1.2348e+01 -9.2428e-02  9.9471e+01  5.9118e-01 -1.0016e+02 -6.0002e-01
-9.9883e+00     2.9684e+01  2.4739e-01 -1.9138e+01 -1.5119e-01  1.0044e+02  5.9919e-01 -1.0076e+02 -6.0468e-01
-9.9500e+00     2.9850e+01  2.5551e-01 -4.5187e+01 -4.6562e-01  1.0158e+02  6.0881e-01 -1.0200e+02 -6.1649e-01
-9.9117e+00     3.3446e+01  2.8553e-01 -2.2006e+01 -2.2434e-01  1.0279e+02  6.1917e-01 -1.0328e+02 -6.2969e-01
-9.8733e+00     1.9026e+01  2.8618e-01 -2.3917e+01 -2.9853e-01  1.0379e+02  6.3010e-01 -1.0416e+02 -6.3969e-01
-9.8350e+00     2.6298e+01  3.0649e-01 -2.2165e+01 -2.8156e-01  1.0466e+02  6.4145e-01 -1.0504e+02 -6.5079e-01
-9.7967e+00     3.9082e+01  4.4929e-01 -3.4549e+01 -4.0436e-01  1.0591e+02  6.5591e-01 -1.0613e+02 -6.6392e-01
-9.7583e+00     3.6686e+01  3.7573e-01 -2.9720e+01 -4.0862e-01  1.0736e+02  6.7169e-01 -1.0736e+02 -6.7947e-01
-9.7200e+00     3.9785e+01  4.3625e-01 -3.1150e+01 -3.2206e-01  1.0882e+02  6.8723e-01 -1.0852e+02 -6.9346e-01
-9.6817e+00     3.1228e+01  2.3190e-01 -3.1834e+01 -2.3242e-01  1.1018e+02  7.0002e-01 -1.0973e+02 -7.0407e-01
-9.6433e+00     2.3196e+01  1.4435e-01 -9.7442e+00 -6.4266e-02  1.1122e+02  7.0722e-01 -1.1052e+02 -7.0974e-01
-9.6050e+00     3.4355e+01  2.1181e-01 -1.3653e+01 -6.3311e-02  1.1233e+02  7.1403e-01 -1.1097e+02 -7.1218e-01
-9.5667e+00     2.8396e+01  1.2573e-01 -3.0683e+01 -1.3553e-01  1.1353e+02  7.2049e-01 -1.1182e+02 -7.1599e-01
-9.5283e+00     1.9895e+01  7.9416e-02 -4.3739e+01 -1.2196e-01  1.1445e+02  7.2441e-01 -1.1324e+02 -7.2092e-01
-9.4900e+00     2.8051e+01  9.6283e-02 -2.0911e+01 -8.9417e-02  1.1537e+02  7.2778e-01 -1.1448e+02 -7.2496e-01
-9.4517e+00     3.3542e+01  1.4044e-01 -1.5721e+01 -5.7345e-02  1.1655e+02  7.3231e-01 -1.1518e+02 -7.2777e-01
-9.4133e+00     3.2252e+01  1.3455e-01 -3.4580e+01 -1.0375e-01  1.1781e+02  7.3757e-01 -1.1614e+02 -7.3085e-01
-9.3750e+00     3.2702e+01  1.6574e-01 -2.7442e+01 -1.4027e-01  1.1905e+02  7.4331e-01 -1.1733e+02 -7.3552e-01
-9.3367e+00     5.4300e+01  2.2552e-01 -2.7981e+01 -1.4755e-01  1.2071e+02  7.5080e-01 -1.1839e+02 -7.4103e-01
-9.2983e+00     2.8589e+01  1.3630e-01 -4.2599e+01 -1.7689e-01  1.2230e+02  7.5772e-01 -1.1974e+02 -7.4724e-01
-9.2600e+00     1.4676e+01  9.3832e-02 -4.1650e+01 -1.7890e-01  1.2313e+02  7.6213e-01 -1.2135e+02 -7.5404e-01
-9.2217e+00     7.3818e+00  4.6174e-02 -3.2368e+01 -1.2850e-01  1.2355e+02  7.6481e-01 -1.2277e+02 -7.5993e-01
-9.1833e+00     2.7173e+01  1.2495e-01 -1.9722e+01 -9.8920e-02  1.2421e+02  7.6808e-01 -1.2377e+02 -7.6428e-01
-9.1450e+00     3.4916e+01  1.9040e-01 -2.2326e+01 -1.1514e-01  1.2540e+02  7.7411e-01 -1.2457e+02 -7.6837e-01
-9.1067e+00     3.7558e+01  1.6676e-01 -2.1305e+01 -1.0903e-01  1.2679e+02  7.8095e-01 -1.2540e+02 -7.7266e-01
-9.0683e+00     3.5602e+01  1.6152e-01 -3.3310e+01 -1.6830e-01  1.2819e+02  7.8723e-01 -1.2645e+02 -7.7797e-01
-9.0300e+00     2.1208e+01  9.2056e-02 -3.0996e+01 -1.5730e-01  1.2927e+02  7.9208e-01 -1.2768e+02 -7.8420e-01
-8.9917e+00     1.5514e+01  8.5303e-02 -3.6959e+01 -1.8515e-01  1.2998e+02  7.9548e-01 -1.2898e+02 -7.9075e-01
-8.9533e+00     2.5360e+01  1.0002e-01 -3.8519e+01 -2.0361e-01  1.3076e+02  7.9902e-01 -1.3042e+02 -7.9819e-01
-8.9150e+00     3.6486e+01  1.2611e-01 -3.9971e+01 -1.3449e-01  1.3194e+02  8.0335e-01 -1.3193e+02 -8.0466e-01
-8.8767e+00     3.1903e+01  1.5848e-01 -3.3806e+01 -1.4955e-01  1.3325e+02  8.0879e-01 -1.3334e+02 -8.1010e-01
-8.8383e+00     5.0786e+01  2.0950e-01 -2.3778e+01 -1.3405e-01  1.3483e+02  8.1584e-01 -1.3444e+02 -8.1552e-01
-8.8000e+00     5.0112e+01  1.5822e-01 -4.3206e+01 -1.2682e-01  1.3676e+02  8.2287e-01 -1.3572e+02 -8.2051e-01
-8.7617e+00     3.3926e+01  9.5150e-02 -3.6418e+01 -9.0886e-02  1.3837e+02  8.2772e-01 -1.3725e+02 -8.2468e-01
-8.7233e+00     3.6967e+01  1.1189e-01 -3.3315e+01 -7.7156e-02  1.3973e+02  8.3168e-01 -1.3858e+02 -8.2790e-01
-8.6850e+00     3.1243e+01  9.1511e-02 -5.0819e+01 -1.7408e-01  1.4103e+02  8.3557e-01 -1.4019e+02 -8.3270e-01
-8.6467e+00     4.1040e+01  1.0584e-01 -3.5464e+01 -1.0598e-01  1.4241e+02  8.3935e-01 -1.4184e+02 -8.3806e-01
-8.6083e+00     3.7965e+01  1.0948e-01 -2.6897e+01 -6.3466e-02  1.4393e+02  8.4347e-01 -1.4303e+02 -8.4130e-01
-8.5700e+00     3.3335e+01  7.8569e-02 -3.5898e+01 -1.0988e-01  1.4529e+02  8.4707e-01 -1.4424e+02 -8.4462e-01
-8.5317e+00     3.3821e+01  9.2132e-02 -4.6327e+01 -1.1633e-01  1.4658e+02  8.5034e-01 -1.4581e+02 -8.4895e-01
-8.4933e+00     4.0300e+01  1.4605e-01 -2.4861e+01 -7.2741e-02  1.4799e+02  8.5489e-01 -1.4717e+02 -8.5257e-01
-8.4550e+00     4.2525e+01  1.2075e-01 -1.9057e+01 -5.4563e-02  1.4958e+02  8.6000e-01 -1.4801e+02 -8.5500e-01
-8.4167e+00     4.8253e+01  1.4292e-01 -2.3226e+01 -5.9618e-02  1.5132e+02  8.6504e-01 -1.4882e+02 -8.5719e-01
-8.3783e+00     3.7418e+01  8.7360e-02 -2.1564e+01 -6.3732e-02  1.5296e+02  8.6945e-01 -1.4968e+02 -8.5955e-01
-8.3400e+00     2.7292e+01  6.7511e-02 -2.9276e+01 -6.9410e-02  1.5419e+02  8.7241e-01 -1.5065e+02 -8.6210e-01
-8.3017e+00     3.2659e+01  7.6659e-02 -4.5627e+01 -8.8049e-02  1.5534e+02  8.7517e-01 -1.5208e+02 -8.6511e-01
-8.2633e+00     3.2003e+01  5.3225e-02 -3.8887e+01 -7.8986e-02  1.5658e+02  8.7766e-01 -1.5370e+02 -8.6831e-01
-8.2250e+00     4.7413e+01  8.7199e-02 -4.3254e+01 -8.0184e-02  1.5810e+02  8.8034e-01 -1.5527e+02 -8.7135e-01
-8.1867e+00     4.2375e+01  1.0444e-01 -5.3394e+01 -1.1581e-01  1.5982e+02  8.8401e-01 -1.5712e+02 -8.7510e-01
-8.1483e+00     4.4483e+01  9.1609e-02 -4.2497e+01 -1.0251e-01  1.6148e+02  8.8776e-01 -1.5896e+02 -8.7928e-01
-8.1100e+00     5.1745e+01  1.1338e-01 -5.6333e+01 -1.1882e-01  1.6332e+02  8.9169e-01 -1.6085e+02 -8.8351e-01
-8.0717e+00     2.1176e+01  4.6599e-02 -5.1787e+01 -9.5135e-02  1.6471e+02  8.9475e-01 -1.6292e+02 -8.8761e-01
-8.0333e+00     7.9899e+01  1.8336e-01 -1.4563e+01 -3.7523e-02  1.6665e+02  8.9915e-01 -1.6419e+02 -8.9015e-01
-7.9950e+00     3.1845e+01  6.8360e-02 -3.3530e+01 -7.2036e-02  1.6879e+02  9.0396e-01 -1.6511e+02 -8.9224e-01
-7.9567e+00     6.7518e+01  1.3135e-01 -5.5652e+01 -1.3167e-01  1.7069e+02  9.0778e-01 -1.6681e+02 -8.9614e-01
-7.9183e+00     2.1169e+01  5.1072e-02 -9.6432e+00 -2.0994e-02  1.7238e+02  9.1128e-01 -1.6806e+02 -8.9906e-01
-7.8800e+00     2.7715e+01  1.0384e-01 -3.7870e+01 -9.2021e-02  1.7332e+02  9.1424e-01 -1.6897e+02 -9.0122e-01
-7.8417e+00     3.1847e+01  1.0380e-01 -4.3303e+01 -1.4547e-01  1.7446e+02  9.1821e-01 -1.7052e+02 -9.0577e-01
-7.8033e+00     4.0906e+01  8.7220e-02 -3.2152e+01 -7.5964e-02  1.7585e+02  9.2187e-01 -1.7197e+02 -9.1001e-01
-7.7650e+00     3.4555e+01  9.8592e-02 -6.1123e+01 -1.5899e-01  1.7730e+02  9.2542e-01 -1.7375e+02 -9.1450e-01
-7.7267e+00     2.5853e+01  7.6135e-02 -3.0286e+01 -8.1393e-02  1.7845e+02  9.2877e-01 -1.7550e+02 -9.1910e-01
-7.6883e+00     1.6785e+01  3.2596e-02 -4.3686e+01 -8.5373e-02  1.7927e+02  9.3085e-01 -1.7692e+02 -9.2229e-01
-7.6500e+00     3.4578e+01  5.5019e-02 -3.7432e+01 -7.4125e-02  1.8025e+02  9.3252e-01 -1.7847e+02 -9.2534e-01
-7.6117e+00     5.1888e+01  8.1261e-02 -3.4669e+01 -6.6941e-02  1.8191e+02  9.3513e-01 -1.7985e+02 -9.2804e-01
-7.5733e+00     2.5061e+01  5.0317e-02 -5.0118e+01 -8.6711e-02  1.8338e+02  9.3765e-01 -1.8147e+02 -9.3098e-01
-7.5350e+00     5.5416e+01  1.3500e-01 -2.0069e+01 -4.5100e-02  1.8492e+02  9.4119e-01 -1.8282e+02 -9.3351e-01
-7.4967e+00     5.2285e+01  1.1805e-01 -5.2270e+01 -1.4505e-01  1.8698e+02  9.4604e-01 -1.8420e+02 -9.3714e-01
-7.4583e+00     4.4167e+01  8.5242e-02 -4.2414e+01 -7.9363e-02  1.8882e+02  9.4993e-01 -1.8601e+02 -9.4144e-01
-7.4200e+00     5.4646e+01  1.1730e-01 -4.0744e+01 -9.8569e-02  1.9071e+02  9.5380e-01 -1.8760e+02 -9.4484e-01
-7.3817e+00     3.2366e+01  8.9684e-02 -4.8200e+01 -1.4205e-01  1.9238e+02  9.5776e-01 -1.8930e+02 -9.4945e-01
-7.3433e+00     5.9381e+01  1.2330e-01 -2.4781e+01 -7.6519e-02  1.9414e+02  9.6184e-01 -1.9070e+02 -9.5363e-01
-7.3050e+00     4.5242e+01  1.3244e-01 -3.7718e+01 -9.9760e-02  1.9614e+02  9.6673e-01 -1.9190e+02 -9.5700e-01
-7.2667e+00     3.0303e+01  6.2675e-02 -2.4576e+01 -6.0903e-02  1.9758e+02  9.7047e-01 -1.9309e+02 -9.6008e-01
-7.2283e+00     4.7543e+01  1.2339e-01 -5.7415e+01 -1.4414e-01  1.9907e+02  9.7403e-01 -1.9466e+02 -9.6400e-01
-7.1900e+00     5.2527e+01  1.2565e-01 -1.7975e+01 -5.1673e-02  2.0099e+02  9.7879e-01 -1.9610e+02 -9.6775e-01
-7.1517e+00     1.3519e+01  4.4244e-02 -4.5033e+01 -1.2338e-01  2.0225e+02  9.8204e-01 -1.9731e+02 -9.7110e-01
-7.1133e+00     3.7412e+01  1.5615e-01 -3.3313e+01 -1.4251e-01  2.0323e+02  9.8588e-01 -1.9881e+02 -9.7618e-01
-7.0750e+00     5.7994e+01  2.3138e-01 -3.0570e+01 -1.2008e-01  2.0505e+02  9.9329e-01 -2.0003e+02 -9.8121e-01
-7.0367e+00     3.1575e+01  1.2416e-01 -3.2240e+01 -1.8457e-01  2.0676e+02  1.0001e+00 -2.0123e+02 -9.8704e-01
-6.9983e+00     4.0411e+01  1.5066e-01 -4.8769e+01 -1.5655e-01  2.0814e+02  1.0054e+00 -2.0278e+02 -9.9357e-01
-6.9600e+00     4.5683e+01  1.9766e-01 -4.2997e+01 -1.7463e-01  2.0979e+02  1.0120e+00 -2.0454e+02 -9.9990e-01
-6.9217e+00     3.7258e+01  1.4410e-01 -5.9289e+01 -2.4520e-01  2.1138e+02  1.0186e+00 -2.0649e+02 -1.0079e+00
-6.8833e+00     2.9737e+01  2.4698e-01 -3.2837e+01 -2.0716e-01  2.1266e+02  1.0260e+00 -2.0826e+02 -1.0166e+00
-6.8450e+00     4.5563e+01  4.0805e-01 -3.3603e+01 -2.8815e-01  2.1410e+02  1.0386e+00 -2.0953e+02 -1.0261e+00
-6.8067e+00     5.3992e+01  4.0391e-01 -4.8515e+01 -3.5819e-01  2.1600e+02  1.0541e+00 -2.1110e+02 -1.0384e+00
-6.7683e+00     3.8162e+01  3.1258e-01 -3.5257e+01 -2.3899e-01  2.1777e+02  1.0678e+00 -2.1270e+02 -1.0499e+00
-6.7300e+00     3.8255e+01  3.3681e-01 -3.9797e+01 -3.1149e-01  2.1923e+02  1.0802e+00 -2.1414e+02 -1.0604e+00
-6.6917e+00     3.5189e+01  3.1565e-01 -4.2722e+01 -4.1191e-01  2.2064e+02  1.0927e+00 -2.1572e+02 -1.0742e+00
-6.6533e+00     3.8984e+01  3.0961e-01 -3.5570e+01 -2.8378e-01  2.2205e+02  1.1047e+00 -2.1721e+02 -1.0876e+00
-6.6150e+00     3.3322e+01  2.8006e-01 -4.6167e+01 -3.4569e-01  2.2344e+02  1.1160e+00 -2.1878e+02 -1.0996e+00
-6.5767e+00     3.0783e+01  2.9038e-01 -3.4000e+01 -3.0400e-01  2.2466e+02  1.1269e+00 -2.2031e+02 -1.1120e+00
-6.5383e+00     4.1319e+01  4.2277e-01 -4.1149e+01 -3.9857e-01  2.2604e+02  1.1405e+00 -2.2175e+02 -1.1255e+00
-6.5000e+00     3.2782e+01  3.0966e-01 -4.1920e+01 -4.9101e-01  2.2746e+02  1.1546e+00 -2.2334e+02 -1.1425e+00
-6.4617e+00     1.9281e+01  2.6378e-01 -2.1695e+01 -2.9572e-01  2.2846e+02  1.1655e+00 -2.2456e+02 -1.1575e+00
-6.4233e+00     2.0022e+01  3.2446e-01 -2.4143e+01 -3.1317e-01  2.2921e+02  1.1768e+00 -2.2543e+02 -1.1692e+00
-6.3850e+00     2.2261e+01  2.9784e-01 -2.2405e+01 -3.5862e-01  2.3002e+02  1.1887e+00 -2.2632e+02 -1.1821e+00
-6.3467e+00     2.2182e+01  2.7661e-01 -1.7006e+01 -2.1403e-01  2.3087e+02  1.1997e+00 -2.2708e+02 -1.1930e+00
-6.3083e+00     2.8257e+01  2.8577e-01 -2.1358e+01 -2.4244e-01  2.3184e+02  1.2104e+00 -2.2781e+02 -1.2017e+00
-6.2700e+00     2.9763e+01  2.7758e-01 -2.6328e+01 -2.8975e-01  2.3295e+02  1.2212e+00 -2.2873e+02 -1.2119e+00
-6.2317e+00     2.6311e+01  2.6680e-01 -3.3849e+01 -3.5455e-01  2.3402e+02  1.2316e+00 -2.2988e+02 -1.2243e+00
-6.1933e+00     3.3735e+01  3.7766e-01 -2.3613e+01 -2.3576e-01  2.3517e+02  1.2440e+00 -2.3098e+02 -1.2356e+00
-6.1550e+00     2.2990e+01  3.0817e-01 -3.1200e+01 -4.1170e-01  2.3625e+02  1.2571e+00 -2.3203e+02 -1.2479e+00
-6.1167e+00     2.2595e+01  3.3091e-01 -2.8212e+01 -4.5198e-01  2.3713e+02  1.2693e+00 -2.3316e+02 -1.2645e+00
-6.0783e+00     2.1691e+01  4.7980e-01 -1.6563e+01 -3.6197e-01  2.3797e+02  1.2848e+00 -2.3402e+02 -1.2800e+00
-6.0400e+00     2.0851e+01  3.6644e-01 -2.2832e+01 -5.6671e-01  2.3879e+02  1.3010e+00 -2.3477e+02 -1.2978e+00
-6.0017e+00     1.6670e+01  3.3188e-01 -1.7041e+01 -3.8876e-01  2.3950e+02  1.3144e+00 -2.3554e+02 -1.3161e+00
-5.9633e+00     1.9806e+01  4.2141e-01 -1.9608e+01 -3.9995e-01  2.4020e+02  1.3288e+00 -2.3624e+02 -1.3312e+00
-5.9250e+00     2.1935e+01  3.8390e-01 -2.3443e+01 -4.1462e-01  2.4100e+02  1.3442e+00 -2.3706e+02 -1.3468e+00
-5.8867e+00     1.7495e+01  3.8437e-01 -1.8783e+01 -3.8051e-01  2.4176e+02  1.3589e+00 -2.3787e+02 -1.3620e+00
-5.8483e+00     1.6433e+01  3.1015e-01 -1.5018e+01 -2.7469e-01  2.4240e+02  1.3722e+00 -2.3852e+02 -1.3745e+00
-5.8100e+00     2.2561e+01  3.7370e-01 -2.5632e+01 -4.2269e-01  2.4315e+02  1.3853e+00 -2.3929e+02 -1.3879e+00
-5.7717e+00     2.5783e+01  3.3310e-01 -2.4054e+01 -2.7582e-01  2.4408e+02  1.3988e+00 -2.4024e+02 -1.4012e+00
-5.7333e+00     3.6807e+01  2.2446e-01 -2.6118e+01 -2.0769e-01  2.4527e+02  1.4095e+00 -2.4120e+02 -1.4105e+00
-5.6950e+00     2.0307e+01  2.8174e-01 -1.9497e+01 -2.0944e-01  2.4637e+02  1.4192e+00 -2.4208e+02 -1.4185e+00
-5.6567e+00     3.4393e+01  5.5751e-01 -2.9518e+01 -4.5066e-01  2.4741e+02  1.4352e+00 -2.4301e+02 -1.4311e+00
-5.6183e+00     2.7015e+01  4.7690e-01 -2.6762e+01 -4.7076e-01  2.4859e+02  1.4550e+00 -2.4409e+02 -1.4487e+00
-5.5800e+00     1.8314e+01  3.5916e-01 -1.4788e+01 -2.6269e-01  2.4946e+02  1.4710e+00 -2.4489e+02 -1.4628e+00
-5.5417e+00     2.2690e+01  4.0020e-01 -2.3412e+01 -3.6794e-01  2.5024e+02  1.4855e+00 -2.4562e+02 -1.4748e+00
-5.5033e+00     2.6737e+01  3.8788e-01 -3.4206e+01 -5.1031e-01  2.5119e+02  1.5006e+00 -2.4672e+02 -1.4916e+00
-5.4650e+00     1.2614e+01  1.9364e-01 -1.9296e+01 -3.6553e-01  2.5194e+02  1.5118e+00 -2.4774e+02 -1.5084e+00
-5.4267e+00     1.0881e+01  1.6575e-01 -9.2251e+00 -1.2875e-01  2.5239e+02  1.5186e+00 -2.4829e+02 -1.5179e+00
-5.3883e+00     4.7696e+01  7.3162e-01 -2.9971e+01 -3.5074e-01  2.5351e+02  1.5358e+00 -2.4904e+02 -1.5270e+00
-5.3500e+00     1.9429e+01  2.3864e-01 -1.8811e+01 -2.0443e-01  2.5479e+02  1.5544e+00 -2.4997e+02 -1.5377e+00
-5.3117e+00     2.1169e+01  2.1877e-01 -2.7738e+01 -3.3894e-01  2.5557e+02  1.5631e+00 -2.5086e+02 -1.5480e+00
-5.2733e+00     2.7844e+01  3.1439e-01 -2.8635e+01 -3.5518e-01  2.5651e+02  1.5733e+00 -2.5194e+02 -1.5613e+00
-5.2350e+00     2.5221e+01  2.4621e-01 -2.1725e+01 -2.1005e-01  2.5752e+02  1.5841e+00 -2.5291e+02 -1.5721e+00
-5.1967e+00     3.7628e+01  3.1734e-01 -3.2767e+01 -3.0313e-01  2.5873e+02  1.5948e+00 -2.5395e+02 -1.5820e+00
-5.1583e+00     2.9867e+01  3.5462e-01 -3.0448e+01 -3.0112e-01  2.6002e+02  1.6077e+00 -2.5516e+02 -1.5935e+00
-5.1200e+00     2.7668e+01  3.0602e-01 -2.8037e+01 -2.7672e-01  2.6112e+02  1.6203e+00 -2.5628e+02 -1.6046e+00
-5.0817e+00     2.5346e+01  2.6918e-01 -2.7768e+01 -3.1700e-01  2.6213e+02  1.6313e+00 -2.5735e+02 -1.6159e+00
-5.0433e+00     1.9525e+01  2.2654e-01 -2.3647e+01 -2.7455e-01  2.6299e+02  1.6408e+00 -2.5833e+02 -1.6273e+00
-5.0050e+00     1.8410e+01  2.0075e-01 -2.0930e+01 -2.4825e-01  2.6372e+02  1.6490e+00 -2.5918e+02 -1.6373e+00
-4.9667e+00     2.4630e+01  3.0097e-01 -2.3581e+01 -3.0315e-01  2.6454e+02  1.6586e+00 -2.6003e+02 -1.6478e+00
-4.9283e+00     2.3675e+01  2.6027e-01 -2.7441e+01 -3.3410e-01  2.6547e+02  1.6693e+00 -2.6101e+02 -1.6600e+00
-4.8900e+00     2.5190e+01  2.5341e-01 -2.4370e+01 -2.7016e-01  2.6640e+02  1.6792e+00 -2.6200e+02 -1.6716e+00
-4.8517e+00     2.5157e+01  2.7929e-01 -1.7995e+01 -1.8656e-01  2.6736e+02  1.6894e+00 -2.6281e+02 -1.6803e+00
-4.8133e+00     2.9902e+01  2.8649e-01 -1.7431e+01 -1.7958e-01  2.6842e+02  1.7002e+00 -2.6349e+02 -1.6873e+00
-4.7750e+00     1.8278e+01  2.0207e-01 -1.4053e+01 -1.7010e-01  2.6934e+02  1.7095e+00 -2.6409e+02 -1.6940e+00
-4.7367e+00     2.2299e+01  3.2632e-01 -2.9832e+01 -4.6077e-01  2.7012e+02  1.7196e+00 -2.6493e+02 -1.7061e+00
-4.6983e+00     1.8417e+01  2.8701e-01 -2.1172e+01 -3.1366e-01  2.7090e+02  1.7314e+00 -2.6591e+02 -1.7209e+00
-4.6600e+00     1.9428e+01  2.5237e-01 -1.7524e+01 -1.8614e-01  2.7162e+02  1.7417e+00 -2.6665e+02 -1.7305e+00
-4.6217e+00     4.9164e+01  3.3184e-01 -6.5244e+01 -7.0655e-01  2.7293e+02  1.7529e+00 -2.6823e+02 -1.7475e+00
-4.5833e+00     2.4942e+01  3.4461e-01 -2.6490e+01 -4.0325e-01  2.7435e+02  1.7658e+00 -2.6999e+02 -1.7688e+00
-4.5450e+00     2.3128e+01  4.3902e-01 -2.4637e+01 -4.5712e-01  2.7527e+02  1.7808e+00 -2.7097e+02 -1.7852e+00
-4.5067e+00     1.2491e+01  2.3484e-01 -1.0700e+01 -2.1442e-01  2.7595e+02  1.7937e+00 -2.7164e+02 -1.7981e+00
-4.4683e+00     1.6447e+01  2.7226e-01 -1.3527e+01 -2.3547e-01  2.7650e+02  1.8034e+00 -2.7211e+02 -1.8067e+00
-4.4300e+00     6.8346e+01  3.3722e-01 -1.3807e+01 -1.8558e-01  2.7813e+02  1.8151e+00 -2.7263e+02 -1.8148e+00
-4.3917e+00     1.9179e+01  1.9421e-01 -1.7698e+01 -1.7452e-01  2.7980e+02  1.8253e+00 -2.7323e+02 -1.8217e+00
-4.3533e+00     2.0185e+01  2.5344e-01 -2.9590e+01 -2.7290e-01  2.8056e+02  1.8338e+00 -2.7414e+02 -1.8302e+00
-4.3150e+00     2.2147e+01  2.3153e-01 -4.0077e+01 -3.2880e-01  2.8137e+02  1.8431e+00 -2.7547e+02 -1.8417e+00
-4.2767e+00     2.4215e+01  2.6678e-01 -2.2222e+01 -2.3859e-01  2.8225e+02  1.8526e+00 -2.7666e+02 -1.8526e+00
-4.2383e+00     5.8136e+01  3.1948e-01 -1.1061e+01 -1.3269e-01  2.8383e+02  1.8639e+00 -2.7730e+02 -1.8597e+00
-4.2000e+00     1.9867e+01  2.0417e-01 -1.6431e+01 -1.9097e-01  2.8532e+02  1.8739e+00 -2.7782e+02 -1.8659e+00
-4.1617e+00     2.4599e+01  3.7164e-01 -3.5657e+01 -4.1184e-01  2.8617e+02  1.8849e+00 -2.7882e+02 -1.8774e+00
-4.1233e+00     8.4544e+00  1.3085e-01 -2.2674e+01 -2.8234e-01  2.8680e+02  1.8945e+00 -2.7994e+02 -1.8907e+00
-4.0850e+00     1.7559e+01  3.0399e-01 -1.4454e+01 -2.6865e-01  2.8730e+02  1.9028e+00 -2.8065e+02 -1.9012e+00
-4.0467e+00     1.0079e+01  1.3525e-01 -1.3172e+01 -2.3288e-01  2.8783e+02  1.9112e+00 -2.8118e+02 -1.9108e+00
-4.0083e+00     1.3635e+01  1.9173e-01 -1.6653e+01 -2.6691e-01  2.8828e+02  1.9175e+00 -2.8175e+02 -1.9204e+00
-3.9700e+00     2.1128e+01  2.8311e-01 -1.4637e+01 -2.8378e-01  2.8895e+02  1.9266e+00 -2.8235e+02 -1.9309e+00
-3.9317e+00     1.5190e+01  2.4092e-01 -1.5636e+01 -2.6959e-01  2.8964e+02  1.9366e+00 -2.8292e+02 -1.9415e+00
-3.8933e+00     1.1202e+01  1.9065e-01 -1.7058e+01 -2.7867e-01  2.9015e+02  1.9449e+00 -2.8355e+02 -1.9520e+00
-3.8550e+00     1.1257e+01  1.8651e-01 -1.4641e+01 -2.6028e-01  2.9058e+02  1.9521e+00 -2.8416e+02 -1.9623e+00
-3.8167e+00     1.1907e+01  2.3363e-01 -1.3629e+01 -2.1923e-01  2.9102e+02  1.9601e+00 -2.8470e+02 -1.9715e+00
-3.7783e+00     1.1535e+01  1.3407e-01 -1.2228e+01 -1.5776e-01  2.9147e+02  1.9671e+00 -2.8519e+02 -1.9787e+00
-3.7400e+00     1.9195e+01  1.4356e-01 -1.1231e+01 -1.2144e-01  2.9206e+02  1.9725e+00 -2.8564e+02 -1.9841e+00
-3.7017e+00     2.1187e+01  1.2199e-01 -1.3550e+01 -1.1161e-01  2.9283e+02  1.9775e+00 -2.8612e+02 -1.9885e+00
-3.6633e+00     1.3015e+01  7.3176e-02 -8.8116e+00 -6.6158e-02  2.9349e+02  1.9813e+00 -2.8654e+02 -1.9919e+00
-3.6250e+00     8.3790e+00  4.6235e-02 -5.4405e+00 -3.9409e-02  2.9390e+02  1.9836e+00 -2.8682e+02 -1.9939e+00
-3.5867e+00     5.3691e+00  2.7181e-02 -4.5060e+00 -2.9525e-02  2.9416e+02  1.9850e+00 -2.8701e+02 -1.9953e+00
-3.5483e+00     5.8317e+00  2.6013e-02 -4.6400e+00 -2.5113e-02  2.9437e+02  1.9860e+00 -2.8718e+02 -1.9963e+00
-3.5100e+00     3.9236e+00  2.4738e-02 -2.1841e+00 -1.4018e-02  2.9456e+02  1.9870e+00 -2.8731e+02 -1.9971e+00
-3.4717e+00     3.0004e+01  1.6781e-01 -1.1395e+01 -1.6573e-01  2.9521e+02  1.9906e+00 -2.8757e+02 -2.0005e+00
-3.4333e+00     8.3994e+00  9.6473e-02 -4.9132e+00 -7.0129e-02  2.9594e+02  1.9957e+00 -2.8788e+02 -2.0050e+00
-3.3950e+00     3.8990e+01  5.2108e-02 -4.2087e+00 -6.4988e-02  2.9685e+02  1.9985e+00 -2.8806e+02 -2.0076e+00
-3.3567e+00     9.1135e+00  8.0848e-02 -5.0966e+00 -8.4630e-02  2.9777e+02  2.0011e+00 -2.8824e+02 -2.0105e+00
-3.3183e+00     1.4337e+00  1.1543e-02 -4.7130e+00 -7.3634e-02  2.9797e+02  2.0029e+00 -2.8842e+02 -2.0135e+00
-3.2800e+00     2.0941e+01  1.1648e-01 -0.0000e+00 -0.0000e+00  2.9840e+02  2.0053e+00 -2.8851e+02 -2.0149e+00
-3.2417e+00     1.0154e+01  1.4046e-01 -1.2482e+01 -2.0666e-02  2.9900e+02  2.0102e+00 -2.8875e+02 -2.0153e+00
-3.2033e+00     0.0000e+00  0.0000e+00 -0.0000e+00 -0.0000e+00  2.9919e+02  2.0129e+00 -2.8899e+02 -2.0157e+00
-3.1650e+00     0.0000e+00  0.0000e+00 -0.0000e+00 -0.0000e+00  2.9919e+02  2.0129e+00 -2.8899e+02 -2.0157e+00
-3.1267e+00     0.0000e+00  0.0000e+00 -7.0072e+00 -4.2122e-02  2.9919e+02  2.0129e+00 -2.8913e+02 -2.0165e+00
-3.0883e+00     0.0000e+00  0.0000e+00 -1.9369e+01 -1.3915e-01  2.9919e+02  2.0129e+00 -2.8963e+02 -2.0200e+00
-3.0500e+00     0.0000e+00  0.0000e+00 -1.2493e+00 -3.0782e-03  2.9919e+02  2.0129e+00 -2.9003e+02 -2.0227e+00
-3.0117e+00     0.0000e+00  0.0000e+00 -5.7615e+00 -2.4946e-02  2.9919e+02  2.0129e+00 -2.9016e+02 -2.0232e+00
-2.9733e+00     8.1786e+00  9.0767e-03 -1.0109e+01 -3.4153e-02  2.9935e+02  2.0131e+00 -2.9046e+02 -2.0243e+00
-2.9350e+00     1.0669e+01  1.2774e-02 -1.3488e+01 -7.0788e-02  2.9971e+02  2.0135e+00 -2.9092e+02 -2.0264e+00
-2.8967e+00     1.1887e+01  9.9568e-03 -1.0978e+01 -7.6431e-02  3.0014e+02  2.0139e+00 -2.9138e+02 -2.0292e+00
-2.8583e+00     0.0000e+00  0.0000e+00 -0.0000e+00 -0.0000e+00  3.0037e+02  2.0141e+00 -2.9159e+02 -2.0306e+00
-2.8200e+00     0.0000e+00  0.0000e+00 -0.0000e+00 -0.0000e+00  3.0037e+02  2.0141e+00 -2.9159e+02 -2.0306e+00
-2.7817e+00     0.0000e+00  0.0000e+00 -0.0000e+00 -0.0000e+00  3.0037e+02  2.0141e+00 -2.9159e+02 -2.0306e+00
-2.7433e+00     0.0000e+00  0.0000e+00 -0.0000e+00 -0.0000e+00  3.0037e+02  2.0141e+00 -2.9159e+02 -2.0306e+00
-2.7050e+00     1.9977e+01  5.5252e-02 -2.6723e+01 -6.0717e-02  3.0075e+02  2.0152e+00 -2.9210e+02 -2.0318e+00
-2.6667e+00     1.7758e-01  7.7701e-04 -7.4957e+00 -1.0816e-02  3.0113e+02  2.0163e+00 -2.9276e+02 -2.0332e+00
-2.6283e+00     0.0000e+00  0.0000e+00 -0.0000e+00 -0.0000e+00  3.0114e+02  2.0163e+00 -2.9290e+02 -2.0334e+00
-2.5900e+00     0.0000e+00  0.0000e+00 -1.5381e+01 -6.5075e-02  3.0114e+02  2.0163e+00 -2.9320e+02 -2.0346e+00
-2.5517e+00     3.0828e+01  1.9925e-01 -1.1865e+01 -4.6954e-02  3.0173e+02  2.0201e+00 -2.9372e+02 -2.0368e+00
-2.5133e+00     0.0000e+00  0.0000e+00 -0.0000e+00 -0.0000e+00  3.0232e+02  2.0239e+00 -2.9395e+02 -2.0377e+00
-2.4750e+00     0.0000e+00  0.0000e+00 -0.0000e+00 -0.0000e+00  3.0232e+02  2.0239e+00 -2.9395e+02 -2.0377e+00
-2.4367e+00     0.0000e+00  0.0000e+00 -0.0000e+00 -0.0000e+00  3.0232e+02  2.0239e+00 -2.9395e+02 -2.0377e+00
-2.3983e+00     0.0000e+00  0.0000e+00 -0.0000e+00 -0.0000e+00  3.0232e+02  2.0239e+00 -2.9395e+02 -2.0377e+00
-2.3600e+00     0.0000e+00  0.0000e+00 -0.0000e+00 -0.0000e+00  3.0232e+02  2.0239e+00 -2.9395e+02 -2.0377e+00
-2.3217e+00     0.0000e+00  0.0000e+00 -0.0000e+00 -0.0000e+00  3.0232e+02  2.0239e+00 -2.9395e+02 -2.0377e+00
-2.2833e+00     0.0000e+00  0.0000e+00 -0.0000e+00 -0.0000e+00  3.0232e+02  2.0239e+00 -2.9395e+02 -2.0377e+00
-2.2450e+00     1.3945e+00  3.8651e-03 -0.0000e+00 -0.0000e+00  3.0234e+02  2.0240e+00 -2.9395e+02 -2.0377e+00
-2.2067e+00     4.1213e+00  9.7849e-03 -5.4738e+00 -1.1444e-02  3.0245e+02  2.0242e+00 -2.9405e+02 -2.0379e+00
-2.1683e+00     8.9346e+00  1.4258e-02 -2.6878e+01 -5.8370e-02  3.0270e+02  2.0247e+00 -2.9467e+02 -2.0392e+00
-2.1300e+00     1.2459e+01  2.4035e-02 -7.5524e+00 -2.8625e-02  3.0311e+02  2.0254e+00 -2.9533e+02 -2.0409e+00
-2.0917e+00     0.0000e+00  0.0000e+00 -1.7652e+01 -7.4729e-02  3.0335e+02  2.0259e+00 -2.9581e+02 -2.0429e+00
-2.0533e+00     0.0000e+00  0.0000e+00 -0.0000e+00 -0.0000e+00  3.0335e+02  2.0259e+00 -2.9615e+02 -2.0443e+00
-2.0150e+00     0.0000e+00  0.0000e+00 -0.0000e+00 -0.0000e+00  3.0335e+02  2.0259e+00 -2.9615e+02 -2.0443e+00
-1.9767e+00     0.0000e+00  0.0000e+00 -7.6452e+00 -1.5113e-02  3.0335e+02  2.0259e+00 -2.9629e+02 -2.0446e+00
-1.9383e+00     4.1566e+00  6.8415e-03 -1.1882e+01 -2.2859e-02  3.0343e+02  2.0260e+00 -2.9667e+02 -2.0453e+00
-1.9000e+00     8.3057e+00  1.4145e-02 -5.5237e+00 -6.6168e-03  3.0367e+02  2.0264e+00 -2.9700e+02 -2.0459e+00
-1.8617e+00     1.0097e+01  2.7428e-02 -9.1910e+00 -1.8509e-02  3.0402e+02  2.0272e+00 -2.9728e+02 -2.0463e+00
-1.8233e+00     7.7886e+00  2.7977e-02 -7.1222e+00 -1.3742e-02  3.0436e+02  2.0283e+00 -2.9759e+02 -2.0470e+00
-1.7850e+00     2.5160e+01  1.0775e-01 -1.0869e+01 -2.0033e-02  3.0499e+02  2.0309e+00 -2.9794e+02 -2.0476e+00
-1.7467e+00     0.0000e+00  0.0000e+00 -0.0000e+00 -0.0000e+00  3.0547e+02  2.0329e+00 -2.9815e+02 -2.0480e+00
-1.7083e+00     5.2834e-01  5.0511e-03 -1.3284e+01 -3.6363e-02  3.0548e+02  2.0330e+00 -2.9840e+02 -2.0487e+00
-1.6700e+00     3.0932e+00  2.8499e-02 -1.3334e+01 -2.5602e-02  3.0555e+02  2.0337e+00 -2.9891e+02 -2.0499e+00
-1.6317e+00     6.3852e+00  5.0553e-02 -1.3568e+01 -5.1188e-02  3.0573e+02  2.0352e+00 -2.9943e+02 -2.0513e+00
-1.5933e+00     6.8264e+00  3.5769e-02 -2.1680e+01 -1.1407e-01  3.0599e+02  2.0368e+00 -3.0010e+02 -2.0545e+00
-1.5550e+00     1.7455e+01  5.6876e-02 -7.9727e+00 -4.7315e-02  3.0645e+02  2.0386e+00 -3.0067e+02 -2.0576e+00
-1.5167e+00     3.6904e+00  3.0783e-02 -8.5769e+00 -4.6965e-02  3.0685e+02  2.0403e+00 -3.0098e+02 -2.0594e+00
-1.4783e+00     6.5695e+00  4.6412e-02 -4.7400e+00 -2.9769e-02  3.0705e+02  2.0418e+00 -3.0124e+02 -2.0609e+00
-1.4400e+00     1.1827e+01  7.0140e-02 -6.5041e+00 -3.4739e-02  3.0740e+02  2.0440e+00 -3.0145e+02 -2.0621e+00
-1.4017e+00     1.3637e+01  1.0515e-01 -8.8214e+00 -4.9594e-02  3.0789e+02  2.0473e+00 -3.0175e+02 -2.0637e+00
-1.3633e+00     1.3184e+01  7.9489e-02 -1.6962e+01 -1.1927e-01  3.0840e+02  2.0509e+00 -3.0224e+02 -2.0669e+00
-1.3250e+00     2.0212e+01  2.0950e-01 -7.2280e+00 -7.3463e-02  3.0904e+02  2.0564e+00 -3.0270e+02 -2.0706e+00
-1.2867e+00     1.9690e+01  1.7215e-01 -2.0209e+01 -1.9676e-01  3.0981e+02  2.0637e+00 -3.0323e+02 -2.0758e+00
-1.2483e+00     1.4542e+01  1.4927e-01 -1.5723e+01 -1.5265e-01  3.1046e+02  2.0699e+00 -3.0392e+02 -2.0825e+00
-1.2100e+00     1.4022e+01  1.5568e-01 -1.1506e+01 -9.6047e-02  3.1101e+02  2.0757e+00 -3.0444e+02 -2.0873e+00
-1.1717e+00     1.0273e+01  1.4315e-01 -2.6184e+01 -2.2064e-01  3.1147e+02  2.0814e+00 -3.0516e+02 -2.0933e+00
-1.1333e+00     1.8286e+01  2.4294e-01 -1.0944e+01 -1.2332e-01  3.1202e+02  2.0888e+00 -3.0587e+02 -2.0999e+00
-1.0950e+00     1.0234e+01  1.5570e-01 -1.6580e+01 -2.0178e-01  3.1256e+02  2.0964e+00 -3.0640e+02 -2.1061e+00
-1.0567e+00     1.3719e+01  2.1783e-01 -9.6056e+00 -1.6532e-01  3.1302e+02  2.1036e+00 -3.0690e+02 -2.1131e+00
-1.0183e+00     1.4051e+01  2.6791e-01 -1.1716e+01 -1.6135e-01  3.1355e+02  2.1129e+00 -3.0730e+02 -2.1194e+00
-9.8000e-01     1.5800e+01  2.7546e-01 -1.8715e+01 -2.2288e-01  3.1413e+02  2.1233e+00 -3.0789e+02 -2.1267e+00
-9.4167e-01     2.1840e+01  2.9250e-01 -1.5472e+01 -1.7787e-01  3.1485e+02  2.1341e+00 -3.0854e+02 -2.1344e+00
-9.0333e-01     1.4308e+01  1.8842e-01 -1.8290e+01 -2.1819e-01  3.1554e+02  2.1433e+00 -3.0919e+02 -2.1420e+00
-8.6500e-01     1.5381e+01  2.2529e-01 -1.9619e+01 -2.7053e-01  3.1611e+02  2.1513e+00 -3.0991e+02 -2.1513e+00
-8.2667e-01     1.5523e+01  2.2988e-01 -1.4779e+01 -1.8875e-01  3.1670e+02  2.1600e+00 -3.1057e+02 -2.1601e+00
-7.8833e-01     1.2562e+01  1.8213e-01 -1.4071e+01 -1.7736e-01  3.1723e+02  2.1678e+00 -3.1112e+02 -2.1671e+00
-7.5000e-01     1.4853e+01  2.0293e-01 -1.5860e+01 -1.7248e-01  3.1776e+02  2.1752e+00 -3.1170e+02 -2.1738e+00
-7.1167e-01     1.9607e+01  2.6392e-01 -1.5925e+01 -1.6822e-01  3.1842e+02  2.1841e+00 -3.1230e+02 -2.1803e+00
-6.7333e-01     1.7724e+01  2.2780e-01 -1.7449e+01 -1.8425e-01  3.1913e+02  2.1936e+00 -3.1294e+02 -2.1871e+00
-6.3500e-01     1.9010e+01  2.0962e-01 -1.9562e+01 -1.7357e-01  3.1984e+02  2.2019e+00 -3.1365e+02 -2.1939e+00
-5.9667e-01     1.9694e+01  2.2267e-01 -2.1568e+01 -1.7722e-01  3.2058e+02  2.2102e+00 -3.1444e+02 -2.2007e+00
-5.5833e-01     2.1878e+01  2.5434e-01 -2.0330e+01 -1.7945e-01  3.2137e+02  2.2193e+00 -3.1524e+02 -2.2075e+00
-5.2000e-01     2.0354e+01  2.6017e-01 -1.9165e+01 -1.9578e-01  3.2218e+02  2.2292e+00 -3.1599e+02 -2.2147e+00
-4.8167e-01     1.6464e+01  2.1445e-01 -1.8721e+01 -2.1398e-01  3.2288e+02  2.2383e+00 -3.1672e+02 -2.2225e+00
-4.4333e-01     1.9575e+01  2.6712e-01 -1.8731e+01 -2.4855e-01  3.2357e+02  2.2475e+00 -3.1744e+02 -2.2313e+00
-4.0500e-01     1.9196e+01  2.5279e-01 -1.9626e+01 -2.4902e-01  3.2432e+02  2.2574e+00 -3.1817e+02 -2.2409e+00
-3.6667e-01     2.3023e+01  3.5209e-01 -2.1856e+01 -2.8603e-01  3.2512e+02  2.2690e+00 -3.1896e+02 -2.2511e+00
-3.2833e-01     2.7948e+01  4.0732e-01 -2.2952e+01 -2.7293e-01  3.2610e+02  2.2835e+00 -3.1982e+02 -2.2618e+00
-2.9000e-01     2.2085e+01  2.9293e-01 -2.2962e+01 -3.0929e-01  3.2706e+02  2.2969e+00 -3.2070e+02 -2.2729e+00
-2.5167e-01     2.4277e+01  3.6833e-01 -2.7335e+01 -4.0596e-01  3.2794e+02  2.3096e+00 -3.2166e+02 -2.2866e+00
-2.1333e-01     2.1311e+01  3.0249e-01 -1.8689e+01 -2.4967e-01  3.2882e+02  2.3224e+00 -3.2254e+02 -2.2992e+00
-1.7500e-01     1.9437e+01  2.7430e-01 -2.0649e+01 -3.0971e-01  3.2959e+02  2.3334e+00 -3.2330e+02 -2.3099e+00
-1.3667e-01     2.3924e+01  3.3782e-01 -2.4441e+01 -3.3680e-01  3.3042e+02  2.3452e+00 -3.2416e+02 -2.3222e+00
-9.8333e-02     2.7797e+01  3.4693e-01 -2.5825e+01 -3.0247e-01  3.3141e+02  2.3583e+00 -3.2512e+02 -2.3345e+00
-6.0000e-02     2.6585e+01  2.9212e-01 -2.2107e+01 -2.3783e-01  3.3245e+02  2.3705e+00 -3.2604e+02 -2.3448e+00
-2.1667e-02     2.5693e+01  2.8414e-01 -2.0334e+01 -2.2131e-01  3.3346e+02  2.3815e+00 -3.2685e+02 -2.3536e+00
1.6667e-02     2.3355e+01  2.4757e-01 -2.2487e+01 -2.5573e-01  3.3439e+02  2.3917e+00 -3.2767e+02 -2.3627e+00
5.5000e-02     2.1993e+01  2.3735e-01 -2.2231e+01 -2.5786e-01  3.3526e+02  2.4010e+00 -3.2852e+02 -2.3726e+00
9.3333e-02     2.7622e+01  3.2756e-01 -2.9147e+01 -3.5000e-01  3.3621e+02  2.4118e+00 -3.2951e+02 -2.3842e+00
1.3167e-01     2.5839e+01  3.2788e-01 -2.5113e+01 -3.2321e-01  3.3723e+02  2.4243e+00 -3.3055e+02 -2.3971e+00
1.7000e-01     2.5572e+01  3.7446e-01 -2.6946e+01 -3.3591e-01  3.3822e+02  2.4378e+00 -3.3154e+02 -2.4097e+00
2.0833e-01     2.3023e+01  3.4869e-01 -2.1128e+01 -2.9256e-01  3.3915e+02  2.4516e+00 -3.3246e+02 -2.4217e+00
2.4667e-01     2.3403e+01  2.8459e-01 -2.6578e+01 -3.6148e-01  3.4004e+02  2.4637e+00 -3.3337e+02 -2.4342e+00
2.8500e-01     2.0742e+01  2.7944e-01 -2.0778e+01 -2.4683e-01  3.4088e+02  2.4745e+00 -3.3428e+02 -2.4459e+00
3.2333e-01     2.4595e+01  3.2601e-01 -2.5107e+01 -3.0751e-01  3.4175e+02  2.4861e+00 -3.3516e+02 -2.4565e+00
3.6167e-01     2.4151e+01  2.8780e-01 -3.1407e+01 -3.5675e-01  3.4268e+02  2.4978e+00 -3.3624e+02 -2.4692e+00
4.0000e-01     2.0984e+01  2.6041e-01 -2.1718e+01 -2.8785e-01  3.4354e+02  2.5083e+00 -3.3726e+02 -2.4815e+00
4.3833e-01     2.3105e+01  2.8559e-01 -2.0986e+01 -2.5094e-01  3.4439e+02  2.5188e+00 -3.3807e+02 -2.4918e+00
4.7667e-01     2.0204e+01  2.5856e-01 -2.1445e+01 -1.8713e-01  3.4522e+02  2.5292e+00 -3.3889e+02 -2.5002e+00
5.1500e-01     2.5582e+01  3.3218e-01 -2.7486e+01 -2.9984e-01  3.4609e+02  2.5405e+00 -3.3982e+02 -2.5095e+00
5.5333e-01     2.3272e+01  3.1266e-01 -2.7236e+01 -2.8440e-01  3.4703e+02  2.5528e+00 -3.4087e+02 -2.5207e+00
5.9167e-01     2.8630e+01  3.3552e-01 -2.4957e+01 -2.8221e-01  3.4802e+02  2.5652e+00 -3.4187e+02 -2.5315e+00
6.3000e-01     3.2815e+01  4.1321e-01 -2.5479e+01 -2.9230e-01  3.4920e+02  2.5796e+00 -3.4283e+02 -2.5425e+00
6.6833e-01     3.1166e+01  4.1460e-01 -2.2162e+01 -2.1778e-01  3.5042e+02  2.5954e+00 -3.4374e+02 -2.5523e+00
7.0667e-01     2.6813e+01  3.3119e-01 -1.8673e+01 -2.0152e-01  3.5153e+02  2.6097e+00 -3.4453e+02 -2.5603e+00
7.4500e-01     3.2228e+01  4.0996e-01 -2.4102e+01 -3.1009e-01  3.5266e+02  2.6238e+00 -3.4534e+02 -2.5701e+00
7.8333e-01     2.6904e+01  2.9371e-01 -2.6385e+01 -3.1121e-01  3.5379e+02  2.6373e+00 -3.4631e+02 -2.5820e+00
8.2167e-01     2.3614e+01  3.3067e-01 -3.0471e+01 -4.0498e-01  3.5476e+02  2.6493e+00 -3.4740e+02 -2.5957e+00
8.6000e-01     3.7484e+01  4.5435e-01 -2.3329e+01 -2.8063e-01  3.5593e+02  2.6643e+00 -3.4843e+02 -2.6088e+00
8.9833e-01     3.4827e+01  3.4187e-01 -2.2465e+01 -2.5478e-01  3.5731e+02  2.6795e+00 -3.4930e+02 -2.6191e+00
9.3667e-01     3.0427e+01  3.6117e-01 -2.1064e+01 -3.3860e-01  3.5856e+02  2.6930e+00 -3.5014e+02 -2.6304e+00
9.7500e-01     2.2233e+01  2.6667e-01 -3.3395e+01 -3.7522e-01  3.5957e+02  2.7050e+00 -3.5118e+02 -2.6441e+00
1.0133e+00     2.4657e+01  2.8432e-01 -2.9747e+01 -3.5855e-01  3.6046e+02  2.7155e+00 -3.5239e+02 -2.6581e+00
1.0517e+00     2.7027e+01  3.0617e-01 -3.1914e+01 -3.6431e-01  3.6145e+02  2.7268e+00 -3.5357e+02 -2.6720e+00
1.0900e+00     2.6880e+01  3.0876e-01 -2.3323e+01 -3.2418e-01  3.6248e+02  2.7386e+00 -3.5462e+02 -2.6851e+00
1.1283e+00     2.7996e+01  3.0399e-01 -2.3138e+01 -2.6400e-01  3.6353e+02  2.7503e+00 -3.5551e+02 -2.6964e+00
1.1667e+00     3.0969e+01  3.4426e-01 -2.4210e+01 -3.0823e-01  3.6466e+02  2.7627e+00 -3.5642e+02 -2.7073e+00
1.2050e+00     2.7350e+01  2.8703e-01 -3.0615e+01 -3.2329e-01  3.6578e+02  2.7748e+00 -3.5747e+02 -2.7194e+00
1.2433e+00     3.4166e+01  3.5762e-01 -2.9337e+01 -3.2195e-01  3.6696e+02  2.7871e+00 -3.5862e+02 -2.7318e+00
1.2817e+00     3.0473e+01  3.3695e-01 -3.2467e+01 -3.6887e-01  3.6819e+02  2.8004e+00 -3.5980e+02 -2.7450e+00
1.3200e+00     2.7652e+01  2.8421e-01 -3.1006e+01 -3.2229e-01  3.6931e+02  2.8123e+00 -3.6101e+02 -2.7582e+00
1.3583e+00     3.2117e+01  3.2513e-01 -2.9747e+01 -2.8805e-01  3.7045e+02  2.8240e+00 -3.6217e+02 -2.7699e+00
1.3967e+00     3.1721e+01  3.3643e-01 -2.7371e+01 -3.0281e-01  3.7167e+02  2.8366e+00 -3.6327e+02 -2.7812e+00
1.4350e+00     3.1889e+01  3.3954e-01 -2.6587e+01 -2.8618e-01  3.7289e+02  2.8496e+00 -3.6430e+02 -2.7925e+00
1.4733e+00     3.0779e+01  3.5091e-01 -3.4280e+01 -3.8903e-01  3.7409e+02  2.8628e+00 -3.6547e+02 -2.8054e+00
1.5117e+00     3.4625e+01  4.0950e-01 -3.5683e+01 -3.7625e-01  3.7534e+02  2.8773e+00 -3.6680e+02 -2.8200e+00
1.5500e+00     2.9376e+01  3.2697e-01 -2.7759e+01 -2.9289e-01  3.7656e+02  2.8914e+00 -3.6802e+02 -2.8328e+00
1.5883e+00     2.9623e+01  3.4478e-01 -3.1176e+01 -3.6895e-01  3.7769e+02  2.9043e+00 -3.6915e+02 -2.8455e+00
1.6267e+00     2.7687e+01  3.2697e-01 -2.8805e+01 -3.5502e-01  3.7879e+02  2.9171e+00 -3.7029e+02 -2.8593e+00
1.6650e+00     3.2958e+01  3.8817e-01 -3.1879e+01 -4.2284e-01  3.7995e+02  2.9308e+00 -3.7145e+02 -2.8742e+00
1.7033e+00     2.9493e+01  3.6344e-01 -3.1290e+01 -3.8156e-01  3.8114e+02  2.9452e+00 -3.7266e+02 -2.8896e+00
1.7417e+00     3.0144e+01  3.5610e-01 -3.1835e+01 -3.4095e-01  3.8229e+02  2.9590e+00 -3.7387e+02 -2.9034e+00
1.7800e+00     3.2000e+01  3.5058e-01 -3.0579e+01 -3.3046e-01  3.8347e+02  2.9725e+00 -3.7507e+02 -2.9163e+00
1.8183e+00     3.0135e+01  3.3953e-01 -3.0534e+01 -3.2140e-01  3.8466e+02  2.9857e+00 -3.7623e+02 -2.9288e+00
1.8567e+00     2.9379e+01  3.0303e-01 -2.7575e+01 -2.6625e-01  3.8580e+02  2.9980e+00 -3.7735e+02 -2.9400e+00
1.8950e+00     3.0676e+01  3.2993e-01 -2.8074e+01 -2.5137e-01  3.8695e+02  3.0101e+00 -3.7841e+02 -2.9499e+00
1.9333e+00     3.0588e+01  3.3170e-01 -2.8079e+01 -2.8154e-01  3.8812e+02  3.0228e+00 -3.7949e+02 -2.9601e+00
1.9717e+00     2.8384e+01  3.2333e-01 -3.1893e+01 -3.0945e-01  3.8925e+02  3.0353e+00 -3.8063e+02 -2.9714e+00
2.0100e+00     2.9045e+01  3.0732e-01 -2.8482e+01 -2.9745e-01  3.9035e+02  3.0474e+00 -3.8179e+02 -2.9830e+00
2.0483e+00     3.1318e+01  3.2999e-01 -3.2133e+01 -3.4491e-01  3.9151e+02  3.0596e+00 -3.8295e+02 -2.9953e+00
2.0867e+00     3.0214e+01  3.0688e-01 -2.8964e+01 -2.7178e-01  3.9268e+02  3.0717e+00 -3.8412e+02 -3.0071e+00
2.1250e+00     2.8217e+01  2.8133e-01 -2.9640e+01 -2.4762e-01  3.9380e+02  3.0830e+00 -3.8524e+02 -3.0171e+00
2.1633e+00     2.8959e+01  2.6270e-01 -2.7986e+01 -2.4208e-01  3.9490e+02  3.0934e+00 -3.8634e+02 -3.0264e+00
2.2017e+00     3.0312e+01  2.8647e-01 -2.9294e+01 -2.8780e-01  3.9603e+02  3.1039e+00 -3.8744e+02 -3.0366e+00
2.2400e+00     3.1359e+01  2.9489e-01 -3.0295e+01 -2.9467e-01  3.9721e+02  3.1150e+00 -3.8858e+02 -3.0477e+00
2.2783e+00     2.9496e+01  2.7033e-01 -2.8660e+01 -2.6843e-01  3.9837e+02  3.1259e+00 -3.8971e+02 -3.0585e+00
2.3167e+00     3.0368e+01  2.6015e-01 -3.1449e+01 -2.6043e-01  3.9952e+02  3.1360e+00 -3.9086e+02 -3.0686e+00
2.3550e+00     3.1318e+01  2.7775e-01 -2.6900e+01 -2.1684e-01  4.0070e+02  3.1463e+00 -3.9197e+02 -3.0777e+00
2.3933e+00     2.9642e+01  2.6085e-01 -2.8878e+01 -2.2333e-01  4.0187e+02  3.1566e+00 -3.9304e+02 -3.0862e+00
2.4317e+00     2.9182e+01  2.6982e-01 -2.6825e+01 -2.3226e-01  4.0299e+02  3.1668e+00 -3.9411e+02 -3.0949e+00
2.4700e+00     3.1375e+01  2.5339e-01 -2.6420e+01 -2.2069e-01  4.0415e+02  3.1768e+00 -3.9512e+02 -3.1036e+00
2.5083e+00     3.1091e+01  2.4023e-01 -2.8208e+01 -2.1085e-01  4.0535e+02  3.1862e+00 -3.9617e+02 -3.1118e+00
2.5467e+00     2.7941e+01  2.1944e-01 -2.9091e+01 -1.4200e-01  4.0648e+02  3.1950e+00 -3.9727e+02 -3.1186e+00
2.5850e+00     2.8170e+01  2.3392e-01 -2.8369e+01 -1.6771e-01  4.0755e+02  3.2037e+00 -3.9837e+02 -3.1245e+00
2.6233e+00     2.9058e+01  2.4289e-01 -2.5611e+01 -1.5053e-01  4.0864e+02  3.2128e+00 -3.9940e+02 -3.1306e+00
2.6617e+00     3.2348e+01  2.6979e-01 -3.0228e+01 -1.7529e-01  4.0982e+02  3.2226e+00 -4.0047e+02 -3.1368e+00
2.7000e+00     3.0784e+01  2.6122e-01 -3.0593e+01 -2.0289e-01  4.1103e+02  3.2328e+00 -4.0163e+02 -3.1441e+00
2.7383e+00     3.1027e+01  2.6200e-01 -3.1799e+01 -2.3492e-01  4.1221e+02  3.2428e+00 -4.0282e+02 -3.1524e+00
2.7767e+00     3.0071e+01  2.5643e-01 -2.7315e+01 -2.2515e-01  4.1338e+02  3.2527e+00 -4.0396e+02 -3.1612e+00
2.8150e+00     3.3433e+01  2.6183e-01 -3.2682e+01 -2.4050e-01  4.1459e+02  3.2626e+00 -4.0510e+02 -3.1701e+00
2.8533e+00     3.7357e+01  3.1343e-01 -3.3012e+01 -2.0924e-01  4.1595e+02  3.2736e+00 -4.0636e+02 -3.1787e+00
2.8917e+00     3.6512e+01  3.0396e-01 -2.6706e+01 -1.8304e-01  4.1736e+02  3.2854e+00 -4.0750e+02 -3.1863e+00
2.9300e+00     3.0081e+01  2.4275e-01 -2.8003e+01 -1.7651e-01  4.1864e+02  3.2959e+00 -4.0855e+02 -3.1931e+00
2.9683e+00     2.9092e+01  2.2234e-01 -3.3990e+01 -1.8164e-01  4.1977e+02  3.3048e+00 -4.0974e+02 -3.2000e+00
3.0067e+00     3.0104e+01  2.2553e-01 -3.0864e+01 -1.8728e-01  4.2090e+02  3.3134e+00 -4.1098e+02 -3.2070e+00
3.0450e+00     3.0967e+01  2.3428e-01 -3.4210e+01 -1.6484e-01  4.2207e+02  3.3222e+00 -4.1222e+02 -3.2138e+00
3.0833e+00     3.2146e+01  2.4325e-01 -3.6937e+01 -2.1050e-01  4.2328e+02  3.3313e+00 -4.1358e+02 -3.2210e+00
3.1217e+00     2.8795e+01  2.0967e-01 -2.4892e+01 -1.6106e-01  4.2444e+02  3.3400e+00 -4.1477e+02 -3.2281e+00
3.1600e+00     2.2828e+01  1.8674e-01 -2.7689e+01 -1.9290e-01  4.2543e+02  3.3476e+00 -4.1577e+02 -3.2348e+00
3.1983e+00     2.9536e+01  2.4276e-01 -2.5584e+01 -1.2470e-01  4.2643e+02  3.3558e+00 -4.1679e+02 -3.2409e+00
3.2367e+00     2.4319e+01  1.9836e-01 -3.0357e+01 -1.2168e-01  4.2746e+02  3.3642e+00 -4.1786e+02 -3.2456e+00
3.2750e+00     3.1784e+01  2.3984e-01 -3.7249e+01 -1.5847e-01  4.2854e+02  3.3726e+00 -4.1916e+02 -3.2510e+00
3.3133e+00     3.3394e+01  2.4583e-01 -3.4637e+01 -1.1820e-01  4.2978e+02  3.3819e+00 -4.2053e+02 -3.2563e+00
3.3517e+00     2.8211e+01  2.1784e-01 -3.1506e+01 -7.3904e-02  4.3096e+02  3.3908e+00 -4.2180e+02 -3.2600e+00
3.3900e+00     3.2570e+01  2.3886e-01 -3.7327e+01 -1.5392e-01  4.3213e+02  3.3995e+00 -4.2312e+02 -3.2643e+00
3.4283e+00     3.0215e+01  2.1951e-01 -3.4167e+01 -8.9662e-02  4.3333e+02  3.4083e+00 -4.2448e+02 -3.2690e+00
3.4667e+00     2.9651e+01  2.1770e-01 -3.2632e+01 -9.7003e-02  4.3447e+02  3.4166e+00 -4.2576e+02 -3.2726e+00
3.5050e+00     2.7228e+01  2.3033e-01 -3.3159e+01 -1.5321e-01  4.3556e+02  3.4252e+00 -4.2702e+02 -3.2774e+00
3.5433e+00     2.9021e+01  2.2637e-01 -3.2257e+01 -1.2340e-01  4.3664e+02  3.4340e+00 -4.2827e+02 -3.2826e+00
3.5817e+00     3.3450e+01  2.6647e-01 -3.5675e+01 -1.4101e-01  4.3783e+02  3.4434e+00 -4.2957e+02 -3.2877e+00
3.6200e+00     3.0813e+01  2.2974e-01 -2.7944e+01 -8.8950e-02  4.3906e+02  3.4529e+00 -4.3079e+02 -3.2921e+00
3.6583e+00     3.5554e+01  2.7453e-01 -3.4144e+01 -1.1581e-01  4.4033e+02  3.4625e+00 -4.3198e+02 -3.2960e+00
3.6967e+00     3.3204e+01  2.9249e-01 -3.0620e+01 -1.0215e-01  4.4165e+02  3.4734e+00 -4.3322e+02 -3.3002e+00
3.7350e+00     2.7463e+01  2.2708e-01 -3.1005e+01 -1.3097e-01  4.4281e+02  3.4833e+00 -4.3440e+02 -3.3047e+00
3.7733e+00     3.6972e+01  2.5374e-01 -3.9869e+01 -1.7601e-01  4.4404e+02  3.4925e+00 -4.3575e+02 -3.3105e+00
3.8117e+00     4.1176e+01  2.9138e-01 -2.9701e+01 -1.6834e-01  4.4554e+02  3.5030e+00 -4.3708e+02 -3.3171e+00
3.8500e+00     3.6962e+01  2.6056e-01 -3.3082e+01 -1.5084e-01  4.4703e+02  3.5135e+00 -4.3828e+02 -3.3232e+00
3.8883e+00     3.9253e+01  2.8847e-01 -4.0772e+01 -1.2417e-01  4.4849e+02  3.5240e+00 -4.3970e+02 -3.3285e+00
3.9267e+00     2.8743e+01  2.0318e-01 -2.9071e+01 -1.1848e-01  4.4979e+02  3.5334e+00 -4.4103e+02 -3.3331e+00
3.9650e+00     3.1110e+01  2.3585e-01 -2.5368e+01 -9.5961e-02  4.5094e+02  3.5418e+00 -4.4208e+02 -3.3372e+00
4.0033e+00     3.6199e+01  2.7846e-01 -3.0187e+01 -1.1836e-01  4.5223e+02  3.5517e+00 -4.4314e+02 -3.3413e+00
4.0417e+00     3.6972e+01  2.5963e-01 -3.2213e+01 -7.2589e-02  4.5363e+02  3.5620e+00 -4.4433e+02 -3.3450e+00
4.0800e+00     3.0968e+01  2.4935e-01 -3.4884e+01 -8.1255e-02  4.5493e+02  3.5717e+00 -4.4562e+02 -3.3479e+00
4.1183e+00     3.1314e+01  2.5371e-01 -3.1311e+01 -8.3321e-02  4.5612e+02  3.5813e+00 -4.4688e+02 -3.3511e+00
4.1567e+00     2.9409e+01  2.3912e-01 -3.1005e+01 -8.6459e-02  4.5728e+02  3.5908e+00 -4.4808e+02 -3.3543e+00
4.1950e+00     3.0898e+01  2.6377e-01 -3.0354e+01 -7.4456e-02  4.5843e+02  3.6004e+00 -4.4925e+02 -3.3574e+00
4.2333e+00     2.8946e+01  2.6257e-01 -3.2403e+01 -6.7156e-02  4.5958e+02  3.6105e+00 -4.5045e+02 -3.3601e+00
4.2717e+00     2.6190e+01  2.2721e-01 -2.6099e+01 -8.2399e-02  4.6063e+02  3.6198e+00 -4.5157e+02 -3.3630e+00
4.3100e+00     2.8722e+01  2.4513e-01 -2.7844e+01 -1.1143e-01  4.6168e+02  3.6289e+00 -4.5260e+02 -3.3667e+00
4.3483e+00     3.0460e+01  2.6135e-01 -2.9448e+01 -5.8467e-02  4.6282e+02  3.6386e+00 -4.5370e+02 -3.3699e+00
4.3867e+00     3.0622e+01  2.3992e-01 -2.8976e+01 -4.6369e-02  4.6399e+02  3.6482e+00 -4.5482e+02 -3.3719e+00
4.4250e+00     2.9395e+01  2.4488e-01 -2.8991e+01 -3.1915e-02  4.6513e+02  3.6574e+00 -4.5593e+02 -3.3734e+00
4.4633e+00     3.0643e+01  2.4399e-01 -2.9983e+01 -1.7545e-02  4.6628e+02  3.6668e+00 -4.5705e+02 -3.3744e+00
4.5017e+00     2.8072e+01  2.5018e-01 -2.8294e+01 -3.1801e-02  4.6741e+02  3.6762e+00 -4.5817e+02 -3.3753e+00
4.5400e+00     2.8587e+01  2.6577e-01 -2.9163e+01 -5.2928e-02  4.6849e+02  3.6861e+00 -4.5927e+02 -3.3770e+00
4.5783e+00     2.8581e+01  2.6282e-01 -2.8106e+01 -4.3985e-02  4.6958e+02  3.6962e+00 -4.6036e+02 -3.3788e+00
4.6167e+00     3.0840e+01  2.8010e-01 -2.7227e+01  1.0613e-03  4.7072e+02  3.7066e+00 -4.6142e+02 -3.3796e+00
4.6550e+00     2.9396e+01  2.4340e-01 -3.2016e+01  2.9894e-02  4.7187e+02  3.7166e+00 -4.6256e+02 -3.3790e+00
4.6933e+00     2.7864e+01  1.9944e-01 -2.9422e+01 -1.3482e-02  4.7297e+02  3.7251e+00 -4.6373e+02 -3.3787e+00
4.7317e+00     2.5305e+01  1.8017e-01 -2.8352e+01  7.6243e-03  4.7399e+02  3.7324e+00 -4.6484e+02 -3.3788e+00
4.7700e+00     2.5160e+01  1.8758e-01 -2.7127e+01  6.0708e-02  4.7495e+02  3.7394e+00 -4.6590e+02 -3.3775e+00
4.8083e+00     2.6984e+01  2.0390e-01 -2.5057e+01  5.2661e-02  4.7595e+02  3.7469e+00 -4.6690e+02 -3.3754e+00
4.8467e+00     2.9142e+01  2.0904e-01 -2.7968e+01  2.9456e-02  4.7702e+02  3.7548e+00 -4.6791e+02 -3.3738e+00
4.8850e+00     3.2448e+01  2.3427e-01 -3.1669e+01  2.4938e-02  4.7820e+02  3.7633e+00 -4.6905e+02 -3.3727e+00
4.9233e+00     3.1928e+01  2.3029e-01 -3.0505e+01  6.7703e-03  4.7943e+02  3.7722e+00 -4.7024e+02 -3.3721e+00
4.9617e+00     3.0588e+01  2.0674e-01 -3.0152e+01  1.9877e-02  4.8063e+02  3.7805e+00 -4.7140e+02 -3.3716e+00
