-1.8000e+01     0.0000e+00  0.0000e+00 -0.0000e+00 -0.0000e+00  0.0000e+00  0.0000e+00 -0.0000e+00 -0.0000e+00
-1.7962e+01     0.0000e+00  0.0000e+00 -0.0000e+00 -0.0000e+00  0.0000e+00  0.0000e+00 -0.0000e+00 -0.0000e+00
-1.7923e+01     0.0000e+00  0.0000e+00 -0.0000e+00 -0.0000e+00  0.0000e+00  0.0000e+00 -0.0000e+00 -0.0000e+00
-1.7885e+01     0.0000e+00  0.0000e+00 -0.0000e+00 -0.0000e+00  0.0000e+00  0.0000e+00 -0.0000e+00 -0.0000e+00
-1.7847e+01     0.0000e+00  0.0000e+00 -0.0000e+00 -0.0000e+00  0.0000e+00  0.0000e+00 -0.0000e+00 -0.0000e+00
-1.7808e+01     0.0000e+00  0.0000e+00 -0.0000e+00 -0.0000e+00  0.0000e+00  0.0000e+00 -0.0000e+00 -0.0000e+00
-1.7770e+01     0.0000e+00  0.0000e+00 -0.0000e+00 -0.0000e+00  0.0000e+00  0.0000e+00 -0.0000e+00 -0.0000e+00
-1.7732e+01     0.0000e+00  0.0000e+00 -0.0000e+00 -0.0000e+00  0.0000e+00  0.0000e+00 -0.0000e+00 -0.0000e+00
-1.7693e+01     0.0000e+00  0.0000e+00 -0.0000e+00 -0.0000e+00  0.0000e+00  0.0000e+00 -0.0000e+00 -0.0000e+00
-1.7655e+01     0.0000e+00  0.0000e+00 -0.0000e+00 -0.0000e+00  0.0000e+00  0.0000e+00 -0.0000e+00 -0.0000e+00
-1.7617e+01     0.0000e+00  0.0000e+00 -0.0000e+00 -0.0000e+00  0.0000e+00  0.0000e+00 -0.0000e+00 -0.0000e+00
-1.7578e+01     0.0000e+00  0.0000e+00 -0.0000e+00 -0.0000e+00  0.0000e+00  0.0000e+00 -0.0000e+00 -0.0000e+00
-1.7540e+01     0.0000e+00  0.0000e+00 -0.0000e+00 -0.0000e+00  0.0000e+00  0.0000e+00 -0.0000e+00 -0.0000e+00
-1.7502e+01     0.0000e+00  0.0000e+00 -0.0000e+00 -0.0000e+00  0.0000e+00  0.0000e+00 -0.0000e+00 -0.0000e+00
-1.7463e+01     0.0000e+00  0.0000e+00 -0.0000e+00 -0.0000e+00  0.0000e+00  0.0000e+00 -0.0000e+00 -0.0000e+00
-1.7425e+01     0.0000e+00  0.0000e+00 -0.0000e+00 -0.0000e+00  0.0000e+00  0.0000e+00 -0.0000e+00 -0.0000e+00
-1.7387e+01     0.0000e+00  0.0000e+00 -0.0000e+00 -0.0000e+00  0.0000e+00  0.0000e+00 -0.0000e+00 -0.0000e+00
-1.7348e+01     0.0000e+00  0.0000e+00 -0.0000e+00 -0.0000e+00  0.0000e+00  0.0000e+00 -0.0000e+00 -0.0000e+00
-1.7310e+01     0.0000e+00  0.0000e+00 -0.0000e+00 -0.0000e+00  0.0000e+00  0.0000e+00 -0.0000e+00 -0.0000e+00
-1.7272e+01     0.0000e+00  0.0000e+00 -0.0000e+00 -0.0000e+00  0.0000e+00  0.0000e+00 -0.0000e+00 -0.0000e+00
-1.7233e+01     0.0000e+00  0.0000e+00 -0.0000e+00 -0.0000e+00  0.0000e+00  0.0000e+00 -0.0000e+00 -0.0000e+00
-1.7195e+01     0.0000e+00  0.0000e+00 -0.0000e+00 -0.0000e+00  0.0000e+00  0.0000e+00 -0.0000e+00 -0.0000e+00
-1.7157e+01     0.0000e+00  0.0000e+00 -0.0000e+00 -0.0000e+00  0.0000e+00  0.0000e+00 -0.0000e+00 -0.0000e+00
-1.7118e+01     0.0000e+00  0.0000e+00 -0.0000e+00 -0.0000e+00  0.0000e+00  0.0000e+00 -0.0000e+00 -0.0000e+00
-1.7080e+01     0.0000e+00  0.0000e+00 -0.0000e+00 -0.0000e+00  0.0000e+00  0.0000e+00 -0.0000e+00 -0.0000e+00
-1.7042e+01     0.0000e+00  0.0000e+00 -0.0000e+00 -0.0000e+00  0.0000e+00  0.0000e+00 -0.0000e+00 -0.0000e+00
-1.7003e+01     0.0000e+00  0.0000e+00 -0.0000e+00 -0.0000e+00  0.0000e+00  0.0000e+00 -0.0000e+00 -0.0000e+00
-1.6965e+01     0.0000e+00  0.0000e+00 -0.0000e+00 -0.0000e+00  0.0000e+00  0.0000e+00 -0.0000e+00 -0.0000e+00
-1.6927e+01     0.0000e+00  0.0000e+00 -0.0000e+00 -0.0000e+00  0.0000e+00  0.0000e+00 -0.0000e+00 -0.0000e+00
-1.6888e+01     0.0000e+00  0.0000e+00 -0.0000e+00 -0.0000e+00  0.0000e+00  0.0000e+00 -0.0000e+00 -0.0000e+00
-1.6850e+01     0.0000e+00  0.0000e+00 -0.0000e+00 -0.0000e+00  0.0000e+00  0.0000e+00 -0.0000e+00 -0.0000e+00
-1.6812e+01     0.0000e+00  0.0000e+00 -0.0000e+00 -0.0000e+00  0.0000e+00  0.0000e+00 -0.0000e+00 -0.0000e+00
-1.6773e+01     0.0000e+00  0.0000e+00 -0.0000e+00 -0.0000e+00  0.0000e+00  0.0000e+00 -0.0000e+00 -0.0000e+00
-1.6735e+01     0.0000e+00  0.0000e+00 -0.0000e+00 -0.0000e+00  0.0000e+00  0.0000e+00 -0.0000e+00 -0.0000e+00
-1.6697e+01     0.0000e+00  0.0000e+00 -0.0000e+00 -0.0000e+00  0.0000e+00  0.0000e+00 -0.0000e+00 -0.0000e+00
-1.6658e+01     0.0000e+00  0.0000e+00 -0.0000e+00 -0.0000e+00  0.0000e+00  0.0000e+00 -0.0000e+00 -0.0000e+00
-1.6620e+01     0.0000e+00  0.0000e+00 -0.0000e+00 -0.0000e+00  0.0000e+00  0.0000e+00 -0.0000e+00 -0.0000e+00
-1.6582e+01     0.0000e+00  0.0000e+00 -0.0000e+00 -0.0000e+00  0.0000e+00  0.0000e+00 -0.0000e+00 -0.0000e+00
-1.6543e+01     0.0000e+00  0.0000e+00 -0.0000e+00 -0.0000e+00  0.0000e+00  0.0000e+00 -0.0000e+00 -0.0000e+00
-1.6505e+01     0.0000e+00  0.0000e+00 -0.0000e+00 -0.0000e+00  0.0000e+00  0.0000e+00 -0.0000e+00 -0.0000e+00
-1.6467e+01     0.0000e+00  0.0000e+00 -0.0000e+00 -0.0000e+00  0.0000e+00  0.0000e+00 -0.0000e+00 -0.0000e+00
-1.6428e+01     0.0000e+00  0.0000e+00 -0.0000e+00 -0.0000e+00  0.0000e+00  0.0000e+00 -0.0000e+00 -0.0000e+00
-1.6390e+01     0.0000e+00  0.0000e+00 -0.0000e+00 -0.0000e+00  0.0000e+00  0.0000e+00 -0.0000e+00 -0.0000e+00
-1.6352e+01     0.0000e+00  0.0000e+00 -0.0000e+00 -0.0000e+00  0.0000e+00  0.0000e+00 -0.0000e+00 -0.0000e+00
-1.6313e+01     0.0000e+00  0.0000e+00 -0.0000e+00 -0.0000e+00  0.0000e+00  0.0000e+00 -0.0000e+00 -0.0000e+00
-1.6275e+01     0.0000e+00  0.0000e+00 -0.0000e+00 -0.0000e+00  0.0000e+00  0.0000e+00 -0.0000e+00 -0.0000e+00
-1.6237e+01     0.0000e+00  0.0000e+00 -0.0000e+00 -0.0000e+00  0.0000e+00  0.0000e+00 -0.0000e+00 -0.0000e+00
-1.6198e+01     0.0000e+00  0.0000e+00 -0.0000e+00 -0.0000e+00  0.0000e+00  0.0000e+00 -0.0000e+00 -0.0000e+00
-1.6160e+01     0.0000e+00  0.0000e+00 -0.0000e+00 -0.0000e+00  0.0000e+00  0.0000e+00 -0.0000e+00 -0.0000e+00
-1.6122e+01     0.0000e+00  0.0000e+00 -0.0000e+00 -0.0000e+00  0.0000e+00  0.0000e+00 -0.0000e+00 -0.0000e+00
-1.6083e+01     0.0000e+00  0.0000e+00 -0.0000e+00 -0.0000e+00  0.0000e+00  0.0000e+00 -0.0000e+00 -0.0000e+00
-1.6045e+01     0.0000e+00  0.0000e+00 -0.0000e+00 -0.0000e+00  0.0000e+00  0.0000e+00 -0.0000e+00 -0.0000e+00
-1.6007e+01     0.0000e+00  0.0000e+00 -0.0000e+00 -0.0000e+00  0.0000e+00  0.0000e+00 -0.0000e+00 -0.0000e+00
-1.5968e+01     0.0000e+00  0.0000e+00 -0.0000e+00 -0.0000e+00  0.0000e+00  0.0000e+00 -0.0000e+00 -0.0000e+00
-1.5930e+01     0.0000e+00  0.0000e+00 -0.0000e+00 -0.0000e+00  0.0000e+00  0.0000e+00 -0.0000e+00 -0.0000e+00
-1.5892e+01     0.0000e+00  0.0000e+00 -0.0000e+00 -0.0000e+00  0.0000e+00  0.0000e+00 -0.0000e+00 -0.0000e+00
-1.5853e+01     0.0000e+00  0.0000e+00 -0.0000e+00 -0.0000e+00  0.0000e+00  0.0000e+00 -0.0000e+00 -0.0000e+00
-1.5815e+01     0.0000e+00  0.0000e+00 -0.0000e+00 -0.0000e+00  0.0000e+00  0.0000e+00 -0.0000e+00 -0.0000e+00
-1.5777e+01     0.0000e+00  0.0000e+00 -0.0000e+00 -0.0000e+00  0.0000e+00  0.0000e+00 -0.0000e+00 -0.0000e+00
-1.5738e+01     0.0000e+00  0.0000e+00 -0.0000e+00 -0.0000e+00  0.0000e+00  0.0000e+00 -0.0000e+00 -0.0000e+00
-1.5700e+01     0.0000e+00  0.0000e+00 -0.0000e+00 -0.0000e+00  0.0000e+00  0.0000e+00 -0.0000e+00 -0.0000e+00
-1.5662e+01     0.0000e+00  0.0000e+00 -0.0000e+00 -0.0000e+00  0.0000e+00  0.0000e+00 -0.0000e+00 -0.0000e+00
-1.5623e+01     0.0000e+00  0.0000e+00 -0.0000e+00 -0.0000e+00  0.0000e+00  0.0000e+00 -0.0000e+00 -0.0000e+00
-1.5585e+01     0.0000e+00  0.0000e+00 -0.0000e+00 -0.0000e+00  0.0000e+00  0.0000e+00 -0.0000e+00 -0.0000e+00
-1.5547e+01     0.0000e+00  0.0000e+00 -0.0000e+00 -0.0000e+00  0.0000e+00  0.0000e+00 -0.0000e+00 -0.0000e+00
-1.5508e+01     0.0000e+00  0.0000e+00 -0.0000e+00 -0.0000e+00  0.0000e+00  0.0000e+00 -0.0000e+00 -0.0000e+00
-1.5470e+01     0.0000e+00  0.0000e+00 -0.0000e+00 -0.0000e+00  0.0000e+00  0.0000e+00 -0.0000e+00 -0.0000e+00
-1.5432e+01     0.0000e+00  0.0000e+00 -0.0000e+00 -0.0000e+00  0.0000e+00  0.0000e+00 -0.0000e+00 -0.0000e+00
-1.5393e+01     0.0000e+00  0.0000e+00 -0.0000e+00 -0.0000e+00  0.0000e+00  0.0000e+00 -0.0000e+00 -0.0000e+00
-1.5355e+01     0.0000e+00  0.0000e+00 -0.0000e+00 -0.0000e+00  0.0000e+00  0.0000e+00 -0.0000e+00 -0.0000e+00
-1.5317e+01     0.0000e+00  0.0000e+00 -0.0000e+00 -0.0000e+00  0.0000e+00  0.0000e+00 -0.0000e+00 -0.0000e+00
-1.5278e+01     4.4709e+00  1.0033e-01 -4.4712e+00 -6.8945e-02  8.5549e-02  1.9198e-03 -8.5554e-02 -1.3192e-03
-1.5240e+01     4.2069e+00  8.0942e-02 -4.2069e+00 -6.4223e-02  2.5160e-01  5.3884e-03 -2.5161e-01 -3.8674e-03
-1.5202e+01     6.8490e+00  1.0243e-01 -6.8490e+00 -1.0474e-01  4.6315e-01  8.8972e-03 -4.6316e-01 -7.1004e-03
-1.5163e+01     1.1799e+01  1.1455e-01 -1.1799e+01 -1.2544e-01  8.1997e-01  1.3049e-02 -8.1999e-01 -1.1505e-02
-1.5125e+01     1.0289e+01  8.9027e-02 -1.0289e+01 -1.2067e-01  1.2426e+00  1.6944e-02 -1.2426e+00 -1.6214e-02
-1.5087e+01     6.1827e+00  6.8278e-02 -6.1828e+00 -4.8072e-02  1.5578e+00  1.9954e-02 -1.5578e+00 -1.9443e-02
-1.5048e+01     5.0395e+00  5.3837e-02 -5.0395e+00 -3.7842e-02  1.7726e+00  2.2291e-02 -1.7726e+00 -2.1087e-02
-1.5010e+01     3.6023e+00  3.0216e-02 -3.6021e+00 -2.8071e-02  1.9379e+00  2.3899e-02 -1.9379e+00 -2.2348e-02
-1.4972e+01     1.1262e+01  6.8995e-02 -1.1262e+01 -6.7524e-02  2.2223e+00  2.5798e-02 -2.2223e+00 -2.4177e-02
-1.4933e+01     1.2191e+01  3.4771e-02 -1.2191e+01 -5.7081e-02  2.6711e+00  2.7783e-02 -2.6711e+00 -2.6562e-02
-1.4895e+01     3.4772e+00  3.2533e-02 -3.4772e+00 -2.2547e-02  2.9709e+00  2.9071e-02 -2.9709e+00 -2.8085e-02
-1.4857e+01     9.8222e+00  1.0336e-01 -9.8225e+00 -5.8821e-02  3.2254e+00  3.1671e-02 -3.2254e+00 -2.9642e-02
-1.4818e+01     1.7786e+01  8.3960e-02 -1.7786e+01 -1.0151e-01  3.7536e+00  3.5256e-02 -3.7537e+00 -3.2710e-02
-1.4780e+01     2.2407e+01  1.3531e-01 -2.2407e+01 -1.4026e-01  4.5227e+00  3.9451e-02 -4.5227e+00 -3.7336e-02
-1.4742e+01     9.5015e+00  3.2699e-02 -9.5013e+00 -4.7278e-02  5.1333e+00  4.2666e-02 -5.1333e+00 -4.0925e-02
-1.4703e+01     1.4343e+01  1.1921e-01 -1.4343e+01 -5.4118e-02  5.5896e+00  4.5573e-02 -5.5896e+00 -4.2865e-02
-1.4665e+01     1.8219e+01  6.0441e-02 -1.8219e+01 -7.9495e-02  6.2126e+00  4.9011e-02 -6.2126e+00 -4.5422e-02
-1.4627e+01     1.7682e+01  5.8835e-02 -1.7682e+01 -5.7296e-02  6.8996e+00  5.1293e-02 -6.8996e+00 -4.8039e-02
-1.4588e+01     1.1470e+01  4.6056e-02 -1.1469e+01 -3.5370e-02  7.4574e+00  5.3300e-02 -7.4574e+00 -4.9812e-02
-1.4550e+01     2.2605e+01  8.3854e-02 -2.2605e+01 -7.2288e-02  8.1094e+00  5.5786e-02 -8.1094e+00 -5.1872e-02
-1.4512e+01     2.6665e+01  2.5554e-01 -2.6666e+01 -2.8404e-01  9.0522e+00  6.2280e-02 -9.0522e+00 -5.8690e-02
-1.4473e+01     1.7206e+01  2.1721e-01 -1.7205e+01 -1.6694e-01  9.8916e+00  7.1326e-02 -9.8916e+00 -6.7320e-02
-1.4435e+01     1.0650e+01  1.1181e-01 -1.0650e+01 -1.0881e-01  1.0425e+01  7.7622e-02 -1.0425e+01 -7.2596e-02
-1.4397e+01     1.3853e+01  1.3217e-01 -1.3852e+01 -1.0652e-01  1.0893e+01  8.2290e-02 -1.0893e+01 -7.6716e-02
-1.4358e+01     1.1208e+01  5.3696e-02 -1.1208e+01 -5.6550e-02  1.1373e+01  8.5847e-02 -1.1373e+01 -7.9837e-02
-1.4320e+01     9.4193e+00  4.4228e-02 -9.4195e+00 -3.0945e-02  1.1768e+01  8.7721e-02 -1.1768e+01 -8.1511e-02
-1.4282e+01     1.6568e+01  6.6882e-02 -1.6568e+01 -6.7216e-02  1.2265e+01  8.9847e-02 -1.2265e+01 -8.3389e-02
-1.4243e+01     1.4348e+01  6.5812e-02 -1.4348e+01 -6.5682e-02  1.2857e+01  9.2386e-02 -1.2857e+01 -8.5932e-02
-1.4205e+01     1.6922e+01  9.6517e-02 -1.6922e+01 -9.4303e-02  1.3455e+01  9.5492e-02 -1.3455e+01 -8.8993e-02
-1.4167e+01     1.5474e+01  7.8445e-02 -1.5473e+01 -8.8426e-02  1.4075e+01  9.8840e-02 -1.4075e+01 -9.2490e-02
-1.4128e+01     2.0222e+01  1.0948e-01 -2.0221e+01 -1.4545e-01  1.4758e+01  1.0244e-01 -1.4758e+01 -9.6965e-02
-1.4090e+01     1.9000e+01  1.4180e-01 -1.9000e+01 -1.2890e-01  1.5508e+01  1.0724e-01 -1.5508e+01 -1.0221e-01
-1.4052e+01     1.4682e+01  9.0116e-02 -1.4681e+01 -7.3729e-02  1.6153e+01  1.1168e-01 -1.6153e+01 -1.0609e-01
-1.4013e+01     1.1239e+01  9.3093e-02 -1.1240e+01 -1.3273e-01  1.6649e+01  1.1519e-01 -1.6649e+01 -1.1004e-01
-1.3975e+01     1.4234e+01  6.2695e-02 -1.4234e+01 -5.6729e-02  1.7136e+01  1.1817e-01 -1.7136e+01 -1.1367e-01
-1.3937e+01     5.1949e+00  3.0459e-02 -5.1943e+00 -2.3378e-02  1.7508e+01  1.1995e-01 -1.7508e+01 -1.1520e-01
-1.3898e+01     2.1978e+01  1.0519e-01 -2.1979e+01 -8.3182e-02  1.8028e+01  1.2255e-01 -1.8028e+01 -1.1724e-01
-1.3860e+01     1.4656e+01  4.5087e-02 -1.4656e+01 -6.3965e-02  1.8729e+01  1.2542e-01 -1.8729e+01 -1.2005e-01
-1.3822e+01     1.0496e+01  2.2004e-02 -1.0499e+01 -4.2160e-02  1.9210e+01  1.2671e-01 -1.9210e+01 -1.2209e-01
-1.3783e+01     1.5404e+01  6.2689e-02 -1.5404e+01 -6.4796e-02  1.9706e+01  1.2833e-01 -1.9706e+01 -1.2413e-01
-1.3745e+01     8.9679e+00  7.1495e-02 -8.9677e+00 -5.8321e-02  2.0172e+01  1.3089e-01 -2.0172e+01 -1.2649e-01
-1.3707e+01     1.3159e+01  1.0943e-01 -1.3159e+01 -1.0532e-01  2.0596e+01  1.3436e-01 -2.0596e+01 -1.2962e-01
-1.3668e+01     2.2206e+01  1.5571e-01 -2.2205e+01 -1.9520e-01  2.1272e+01  1.3943e-01 -2.1272e+01 -1.3537e-01
-1.3630e+01     8.7718e+00  5.8687e-02 -8.7713e+00 -5.9296e-02  2.1865e+01  1.4353e-01 -2.1865e+01 -1.4024e-01
-1.3592e+01     1.6166e+01  9.8212e-02 -1.6166e+01 -1.0180e-01  2.2342e+01  1.4653e-01 -2.2342e+01 -1.4332e-01
-1.3553e+01     2.8900e+01  1.8621e-01 -2.8904e+01 -2.2874e-01  2.3204e+01  1.5198e-01 -2.3204e+01 -1.4965e-01
-1.3515e+01     1.8281e+01  1.1703e-01 -1.8283e+01 -1.4336e-01  2.4107e+01  1.5778e-01 -2.4107e+01 -1.5677e-01
-1.3477e+01     1.5152e+01  1.0068e-01 -1.5152e+01 -1.1160e-01  2.4747e+01  1.6194e-01 -2.4747e+01 -1.6165e-01
-1.3438e+01     1.3920e+01  7.4484e-02 -1.3920e+01 -7.9386e-02  2.5303e+01  1.6530e-01 -2.5303e+01 -1.6530e-01
-1.3400e+01     2.0640e+01  1.4665e-01 -2.0639e+01 -1.6838e-01  2.5965e+01  1.6953e-01 -2.5965e+01 -1.7004e-01
-1.3362e+01     1.4671e+01  1.0338e-01 -1.4670e+01 -1.1253e-01  2.6640e+01  1.7431e-01 -2.6640e+01 -1.7542e-01
-1.3323e+01     2.2274e+01  2.0013e-01 -2.2274e+01 -1.8459e-01  2.7347e+01  1.8012e-01 -2.7347e+01 -1.8110e-01
-1.3285e+01     1.9739e+01  2.0032e-01 -1.9741e+01 -2.2383e-01  2.8151e+01  1.8778e-01 -2.8151e+01 -1.8892e-01
-1.3247e+01     1.5887e+01  1.5737e-01 -1.5888e+01 -1.1304e-01  2.8833e+01  1.9463e-01 -2.8833e+01 -1.9536e-01
-1.3208e+01     2.1004e+01  1.9259e-01 -2.1004e+01 -2.2132e-01  2.9539e+01  2.0132e-01 -2.9539e+01 -2.0176e-01
-1.3170e+01     1.8878e+01  2.1134e-01 -1.8878e+01 -2.1649e-01  3.0302e+01  2.0905e-01 -3.0302e+01 -2.1014e-01
-1.3132e+01     2.0288e+01  1.8484e-01 -2.0287e+01 -2.0948e-01  3.1051e+01  2.1663e-01 -3.1051e+01 -2.1829e-01
-1.3093e+01     1.9406e+01  1.8740e-01 -1.9405e+01 -1.8260e-01  3.1811e+01  2.2376e-01 -3.1811e+01 -2.2579e-01
-1.3055e+01     1.6471e+01  1.7327e-01 -1.6470e+01 -1.7037e-01  3.2497e+01  2.3066e-01 -3.2497e+01 -2.3254e-01
-1.3017e+01     2.0698e+01  2.3515e-01 -2.0698e+01 -2.2181e-01  3.3208e+01  2.3847e-01 -3.3209e+01 -2.4005e-01
-1.2978e+01     2.2351e+01  2.4906e-01 -2.2350e+01 -2.9304e-01  3.4032e+01  2.4774e-01 -3.4032e+01 -2.4990e-01
-1.2940e+01     1.8721e+01  2.6072e-01 -1.8722e+01 -3.0317e-01  3.4818e+01  2.5749e-01 -3.4818e+01 -2.6131e-01
-1.2902e+01     2.2308e+01  3.2944e-01 -2.2307e+01 -3.7823e-01  3.5603e+01  2.6878e-01 -3.5603e+01 -2.7435e-01
-1.2863e+01     2.5459e+01  3.7105e-01 -2.5459e+01 -3.6334e-01  3.6517e+01  2.8219e-01 -3.6517e+01 -2.8854e-01
-1.2825e+01     2.2014e+01  3.8630e-01 -2.2015e+01 -3.2509e-01  3.7426e+01  2.9668e-01 -3.7426e+01 -3.0171e-01
-1.2787e+01     2.3763e+01  4.0415e-01 -2.3763e+01 -3.8444e-01  3.8302e+01  3.1180e-01 -3.8302e+01 -3.1529e-01
-1.2748e+01     2.1078e+01  3.9034e-01 -2.1078e+01 -2.6205e-01  3.9160e+01  3.2701e-01 -3.9160e+01 -3.2766e-01
-1.2710e+01     1.4204e+01  2.0315e-01 -1.4204e+01 -1.6647e-01  3.9835e+01  3.3836e-01 -3.9835e+01 -3.3586e-01
-1.2672e+01     2.5487e+01  2.1179e-01 -2.5485e+01 -2.4462e-01  4.0594e+01  3.4630e-01 -4.0594e+01 -3.4372e-01
-1.2633e+01     1.9831e+01  1.7524e-01 -1.9831e+01 -2.2428e-01  4.1461e+01  3.5371e-01 -4.1461e+01 -3.5269e-01
-1.2595e+01     2.4022e+01  1.7109e-01 -2.4023e+01 -2.0774e-01  4.2300e+01  3.6034e-01 -4.2300e+01 -3.6096e-01
-1.2557e+01     3.3772e+01  2.0128e-01 -3.3772e+01 -1.9654e-01  4.3406e+01  3.6746e-01 -4.3406e+01 -3.6870e-01
-1.2518e+01     1.8732e+01  1.1226e-01 -1.8733e+01 -9.0976e-02  4.4411e+01  3.7346e-01 -4.4411e+01 -3.7420e-01
-1.2480e+01     7.4836e+00  3.3198e-02 -7.4837e+00 -2.4805e-02  4.4913e+01  3.7624e-01 -4.4913e+01 -3.7641e-01
-1.2442e+01     6.1673e+00  3.5108e-02 -6.1676e+00 -2.8679e-02  4.5174e+01  3.7755e-01 -4.5174e+01 -3.7744e-01
-1.2403e+01     1.8271e+01  1.0851e-01 -1.8271e+01 -9.6636e-02  4.5641e+01  3.8030e-01 -4.5641e+01 -3.7984e-01
-1.2365e+01     2.3333e+01  1.6417e-01 -2.3334e+01 -1.7896e-01  4.6437e+01  3.8552e-01 -4.6438e+01 -3.8511e-01
-1.2327e+01     1.2433e+01  7.7868e-02 -1.2433e+01 -8.4184e-02  4.7122e+01  3.9015e-01 -4.7122e+01 -3.9014e-01
-1.2288e+01     2.4443e+01  1.4100e-01 -2.4442e+01 -1.2328e-01  4.7827e+01  3.9434e-01 -4.7828e+01 -3.9411e-01
-1.2250e+01     2.6498e+01  1.2530e-01 -2.6497e+01 -1.1271e-01  4.8802e+01  3.9943e-01 -4.8802e+01 -3.9863e-01
-1.2212e+01     2.2271e+01  1.1349e-01 -2.2271e+01 -1.2167e-01  4.9735e+01  4.0400e-01 -4.9735e+01 -4.0311e-01
-1.2173e+01     1.9580e+01  1.0563e-01 -1.9580e+01 -9.4460e-02  5.0536e+01  4.0819e-01 -5.0536e+01 -4.0725e-01
-1.2135e+01     1.9174e+01  6.6493e-02 -1.9174e+01 -7.4813e-02  5.1278e+01  4.1149e-01 -5.1278e+01 -4.1049e-01
-1.2097e+01     2.4105e+01  7.1844e-02 -2.4106e+01 -8.9509e-02  5.2106e+01  4.1413e-01 -5.2106e+01 -4.1363e-01
-1.2058e+01     1.8621e+01  5.2711e-02 -1.8621e+01 -5.0775e-02  5.2923e+01  4.1652e-01 -5.2924e+01 -4.1632e-01
-1.2020e+01     1.9816e+01  6.1000e-02 -1.9816e+01 -5.1778e-02  5.3659e+01  4.1869e-01 -5.3659e+01 -4.1828e-01
-1.1982e+01     2.0023e+01  5.1393e-02 -2.0023e+01 -1.1249e-01  5.4421e+01  4.2084e-01 -5.4421e+01 -4.2142e-01
-1.1943e+01     1.9844e+01  6.2742e-02 -1.9844e+01 -8.0943e-02  5.5184e+01  4.2303e-01 -5.5184e+01 -4.2512e-01
-1.1905e+01     8.8888e+00  4.3481e-02 -8.8890e+00 -5.9519e-02  5.5734e+01  4.2506e-01 -5.5734e+01 -4.2781e-01
-1.1867e+01     2.2041e+01  9.3436e-02 -2.2041e+01 -1.2811e-01  5.6326e+01  4.2768e-01 -5.6326e+01 -4.3140e-01
-1.1828e+01     1.9769e+01  1.0951e-01 -1.9771e+01 -1.0696e-01  5.7126e+01  4.3156e-01 -5.7126e+01 -4.3590e-01
-1.1790e+01     2.4127e+01  1.2580e-01 -2.4127e+01 -1.0453e-01  5.7966e+01  4.3607e-01 -5.7966e+01 -4.3995e-01
-1.1752e+01     2.2985e+01  9.5443e-02 -2.2985e+01 -1.1257e-01  5.8867e+01  4.4030e-01 -5.8867e+01 -4.4410e-01
-1.1713e+01     3.2095e+01  9.9368e-02 -3.2096e+01 -1.3125e-01  5.9921e+01  4.4403e-01 -5.9921e+01 -4.4877e-01
-1.1675e+01     2.1654e+01  8.5628e-02 -2.1654e+01 -8.6138e-02  6.0950e+01  4.4757e-01 -6.0950e+01 -4.5293e-01
-1.1637e+01     2.8019e+01  1.0001e-01 -2.8020e+01 -1.1988e-01  6.1900e+01  4.5112e-01 -6.1900e+01 -4.5687e-01
-1.1598e+01     2.2855e+01  7.6049e-02 -2.2855e+01 -6.3285e-02  6.2874e+01  4.5449e-01 -6.2874e+01 -4.6037e-01
-1.1560e+01     2.4209e+01  7.4357e-02 -2.4209e+01 -7.4636e-02  6.3774e+01  4.5737e-01 -6.3774e+01 -4.6301e-01
-1.1522e+01     2.4456e+01  8.4095e-02 -2.4456e+01 -7.9962e-02  6.4705e+01  4.6040e-01 -6.4705e+01 -4.6597e-01
-1.1483e+01     2.6765e+01  9.7779e-02 -2.6771e+01 -1.2000e-01  6.5685e+01  4.6388e-01 -6.5686e+01 -4.6980e-01
-1.1445e+01     1.7036e+01  7.3559e-02 -1.7036e+01 -6.0649e-02  6.6524e+01  4.6716e-01 -6.6524e+01 -4.7325e-01
-1.1407e+01     1.8899e+01  7.6571e-02 -1.8900e+01 -7.9901e-02  6.7211e+01  4.7003e-01 -6.7212e+01 -4.7594e-01
-1.1368e+01     3.1175e+01  1.6326e-01 -3.1175e+01 -1.9666e-01  6.8169e+01  4.7462e-01 -6.8170e+01 -4.8124e-01
-1.1330e+01     2.1731e+01  8.4691e-02 -2.1731e+01 -1.0378e-01  6.9182e+01  4.7936e-01 -6.9182e+01 -4.8698e-01
-1.1292e+01     3.1022e+01  2.0173e-01 -3.1022e+01 -1.8747e-01  7.0191e+01  4.8484e-01 -7.0191e+01 -4.9256e-01
-1.1253e+01     2.5731e+01  1.4337e-01 -2.5732e+01 -1.5456e-01  7.1277e+01  4.9145e-01 -7.1277e+01 -4.9910e-01
-1.1215e+01     2.8910e+00  1.5773e-02 -2.8910e+00 -2.3484e-02  7.1825e+01  4.9449e-01 -7.1825e+01 -5.0251e-01
-1.1177e+01     2.3047e+01  1.5959e-01 -2.3050e+01 -1.1589e-01  7.2321e+01  4.9785e-01 -7.2322e+01 -5.0518e-01
-1.1138e+01     2.7671e+01  1.5249e-01 -2.7664e+01 -1.4312e-01  7.3292e+01  5.0382e-01 -7.3292e+01 -5.1013e-01
-1.1100e+01     1.6178e+01  5.5519e-02 -1.6178e+01 -8.8212e-02  7.4131e+01  5.0780e-01 -7.4131e+01 -5.1456e-01
-1.1062e+01     1.7204e+01  1.2771e-01 -1.7205e+01 -8.1558e-02  7.4769e+01  5.1130e-01 -7.4770e+01 -5.1781e-01
-1.1023e+01     1.6357e+01  1.2120e-01 -1.6357e+01 -1.2998e-01  7.5412e+01  5.1607e-01 -7.5412e+01 -5.2185e-01
-1.0985e+01     1.9908e+01  1.1101e-01 -1.9909e+01 -1.0117e-01  7.6105e+01  5.2051e-01 -7.6106e+01 -5.2628e-01
-1.0947e+01     3.8350e+01  1.1109e-01 -3.8349e+01 -1.1881e-01  7.7220e+01  5.2476e-01 -7.7220e+01 -5.3049e-01
-1.0908e+01     2.2593e+01  5.4697e-02 -2.2574e+01 -6.9029e-02  7.8386e+01  5.2793e-01 -7.8386e+01 -5.3408e-01
-1.0870e+01     6.2303e+01  1.0197e-01 -6.2240e+01 -9.9158e-02  8.0011e+01  5.3093e-01 -8.0009e+01 -5.3730e-01
-1.0832e+01     3.3621e+01  9.0631e-02 -3.3623e+01 -1.3951e-01  8.1846e+01  5.3462e-01 -8.1843e+01 -5.4187e-01
-1.0793e+01     3.4665e+01  1.4618e-01 -3.4666e+01 -1.5271e-01  8.3153e+01  5.3915e-01 -8.3150e+01 -5.4746e-01
-1.0755e+01     2.9350e+01  9.2434e-02 -2.9350e+01 -9.6509e-02  8.4378e+01  5.4371e-01 -8.4375e+01 -5.5223e-01
-1.0717e+01     1.9237e+01  5.2739e-02 -1.9238e+01 -5.5402e-02  8.5308e+01  5.4649e-01 -8.5305e+01 -5.5513e-01
-1.0678e+01     3.1087e+01  1.2445e-01 -3.1089e+01 -1.2250e-01  8.6270e+01  5.4988e-01 -8.6268e+01 -5.5854e-01
-1.0640e+01     2.6350e+01  1.2645e-01 -2.6353e+01 -1.3304e-01  8.7369e+01  5.5468e-01 -8.7367e+01 -5.6343e-01
-1.0602e+01     1.2049e+01  6.7179e-02 -1.2051e+01 -5.9423e-02  8.8104e+01  5.5839e-01 -8.8102e+01 -5.6711e-01
-1.0563e+01     5.1800e+01  1.6355e-01 -5.1841e+01 -1.8321e-01  8.9326e+01  5.6280e-01 -8.9324e+01 -5.7175e-01
-1.0525e+01     1.3420e+01  1.1658e-01 -1.3420e+01 -1.3848e-01  9.0574e+01  5.6816e-01 -9.0573e+01 -5.7791e-01
-1.0487e+01     2.3336e+01  1.8297e-01 -2.3336e+01 -2.9221e-01  9.1277e+01  5.7389e-01 -9.1276e+01 -5.8615e-01
-1.0448e+01     2.3383e+01  1.7881e-01 -2.3384e+01 -2.0094e-01  9.2171e+01  5.8082e-01 -9.2170e+01 -5.9559e-01
-1.0410e+01     1.5387e+01  1.2308e-01 -1.5386e+01 -1.3168e-01  9.2913e+01  5.8659e-01 -9.2912e+01 -6.0195e-01
-1.0372e+01     2.2680e+01  1.0657e-01 -2.2680e+01 -1.4190e-01  9.3642e+01  5.9099e-01 -9.3641e+01 -6.0719e-01
-1.0333e+01     2.1484e+01  1.4952e-01 -2.1484e+01 -1.6629e-01  9.4487e+01  5.9589e-01 -9.4486e+01 -6.1308e-01
-1.0295e+01     1.5048e+01  8.2893e-02 -1.5049e+01 -1.2366e-01  9.5186e+01  6.0034e-01 -9.5185e+01 -6.1863e-01
-1.0257e+01     2.0760e+01  1.7340e-01 -2.0758e+01 -1.6918e-01  9.5871e+01  6.0524e-01 -9.5870e+01 -6.2423e-01
-1.0218e+01     2.1489e+01  2.7929e-01 -2.1491e+01 -1.9377e-01  9.6679e+01  6.1390e-01 -9.6678e+01 -6.3118e-01
-1.0180e+01     3.5375e+01  3.6432e-01 -3.5386e+01 -3.4778e-01  9.7767e+01  6.2622e-01 -9.7767e+01 -6.4154e-01
-1.0142e+01     3.2463e+01  3.5057e-01 -3.2468e+01 -3.0901e-01  9.9065e+01  6.3990e-01 -9.9065e+01 -6.5411e-01
-1.0103e+01     2.0770e+01  2.4726e-01 -2.0771e+01 -2.4319e-01  1.0008e+02  6.5134e-01 -1.0008e+02 -6.6468e-01
-1.0065e+01     1.8628e+01  2.5804e-01 -1.8628e+01 -2.5071e-01  1.0084e+02  6.6100e-01 -1.0084e+02 -6.7413e-01
-1.0027e+01     2.6171e+01  3.5968e-01 -2.6169e+01 -3.2878e-01  1.0170e+02  6.7282e-01 -1.0169e+02 -6.8521e-01
-9.9883e+00     3.2557e+01  4.2544e-01 -3.2553e+01 -4.1869e-01  1.0282e+02  6.8785e-01 -1.0282e+02 -6.9952e-01
-9.9500e+00     1.9226e+01  1.9734e-01 -1.9224e+01 -2.0657e-01  1.0381e+02  6.9976e-01 -1.0381e+02 -7.1148e-01
-9.9117e+00     3.4828e+01  2.0884e-01 -3.4826e+01 -2.4851e-01  1.0484e+02  7.0754e-01 -1.0484e+02 -7.2019e-01
-9.8733e+00     2.2636e+01  1.5954e-01 -2.2637e+01 -1.2966e-01  1.0594e+02  7.1459e-01 -1.0594e+02 -7.2743e-01
-9.8350e+00     2.3141e+01  1.6527e-01 -2.3141e+01 -1.3412e-01  1.0682e+02  7.2080e-01 -1.0682e+02 -7.3247e-01
-9.7967e+00     3.4702e+01  2.2345e-01 -3.4704e+01 -2.6614e-01  1.0793e+02  7.2824e-01 -1.0793e+02 -7.4013e-01
-9.7583e+00     2.4226e+01  1.6970e-01 -2.4227e+01 -1.9082e-01  1.0905e+02  7.3576e-01 -1.0905e+02 -7.4888e-01
-9.7200e+00     2.6455e+01  2.5113e-01 -2.6454e+01 -2.1629e-01  1.1002e+02  7.4381e-01 -1.1002e+02 -7.5667e-01
-9.6817e+00     2.2165e+01  1.3858e-01 -2.2166e+01 -1.6629e-01  1.1095e+02  7.5127e-01 -1.1095e+02 -7.6399e-01
-9.6433e+00     2.3209e+01  1.4837e-01 -2.3211e+01 -1.5141e-01  1.1182e+02  7.5676e-01 -1.1182e+02 -7.7007e-01
-9.6050e+00     1.6529e+01  8.3998e-02 -1.6530e+01 -7.8828e-02  1.1258e+02  7.6121e-01 -1.1258e+02 -7.7447e-01
-9.5667e+00     3.2251e+01  1.5992e-01 -3.2251e+01 -1.5162e-01  1.1352e+02  7.6588e-01 -1.1352e+02 -7.7888e-01
-9.5283e+00     2.5127e+01  1.2983e-01 -2.5127e+01 -1.2326e-01  1.1461e+02  7.7142e-01 -1.1461e+02 -7.8414e-01
-9.4900e+00     1.4261e+01  9.2933e-02 -1.4262e+01 -9.4300e-02  1.1537e+02  7.7568e-01 -1.1537e+02 -7.8830e-01
-9.4517e+00     1.4494e+01  6.7928e-02 -1.4499e+01 -8.4048e-02  1.1592e+02  7.7876e-01 -1.1592e+02 -7.9172e-01
-9.4133e+00     1.7990e+01  9.2571e-02 -1.7989e+01 -1.0068e-01  1.1654e+02  7.8183e-01 -1.1654e+02 -7.9525e-01
-9.3750e+00     1.2312e+01  7.6143e-02 -1.2311e+01 -4.8320e-02  1.1712e+02  7.8506e-01 -1.1712e+02 -7.9810e-01
-9.3367e+00     2.5479e+01  1.3161e-01 -2.5481e+01 -1.3478e-01  1.1784e+02  7.8903e-01 -1.1784e+02 -8.0161e-01
-9.2983e+00     3.8796e+01  1.5369e-01 -3.8797e+01 -1.7305e-01  1.1907e+02  7.9449e-01 -1.1907e+02 -8.0750e-01
-9.2600e+00     4.2598e+01  1.6938e-01 -4.2597e+01 -1.8732e-01  1.2063e+02  8.0068e-01 -1.2063e+02 -8.1439e-01
-9.2217e+00     1.5231e+01  7.6660e-02 -1.5230e+01 -7.8613e-02  1.2174e+02  8.0538e-01 -1.2174e+02 -8.1948e-01
-9.1833e+00     3.6390e+01  1.8513e-01 -3.6391e+01 -1.6993e-01  1.2272e+02  8.1039e-01 -1.2272e+02 -8.2424e-01
-9.1450e+00     4.3684e+01  1.5398e-01 -4.3694e+01 -1.5580e-01  1.2426e+02  8.1688e-01 -1.2426e+02 -8.3047e-01
-9.1067e+00     1.9664e+01  7.3232e-02 -1.9662e+01 -6.3264e-02  1.2547e+02  8.2123e-01 -1.2547e+02 -8.3466e-01
-9.0683e+00     3.3385e+01  1.3341e-01 -3.3385e+01 -1.1438e-01  1.2648e+02  8.2518e-01 -1.2648e+02 -8.3806e-01
-9.0300e+00     4.1163e+01  1.2587e-01 -4.1163e+01 -1.2357e-01  1.2791e+02  8.3014e-01 -1.2791e+02 -8.4261e-01
-8.9917e+00     4.5194e+01  1.6313e-01 -4.5196e+01 -1.9158e-01  1.2956e+02  8.3567e-01 -1.2956e+02 -8.4864e-01
-8.9533e+00     2.3307e+01  7.4323e-02 -2.3306e+01 -7.1399e-02  1.3087e+02  8.4022e-01 -1.3087e+02 -8.5367e-01
-8.9150e+00     4.4891e+01  1.5922e-01 -4.4887e+01 -1.7119e-01  1.3218e+02  8.4469e-01 -1.3218e+02 -8.5832e-01
-8.8767e+00     5.9083e+01  1.7689e-01 -5.9078e+01 -1.9197e-01  1.3417e+02  8.5112e-01 -1.3417e+02 -8.6527e-01
-8.8383e+00     4.2319e+01  1.4188e-01 -4.2331e+01 -1.3333e-01  1.3611e+02  8.5722e-01 -1.3611e+02 -8.7149e-01
-8.8000e+00     3.3391e+01  1.1842e-01 -3.3392e+01 -1.3228e-01  1.3756e+02  8.6220e-01 -1.3756e+02 -8.7657e-01
-8.7617e+00     1.8425e+01  5.3281e-02 -1.8428e+01 -5.4408e-02  1.3855e+02  8.6548e-01 -1.3855e+02 -8.8015e-01
-8.7233e+00     4.5778e+01  9.5934e-02 -4.5744e+01 -8.9153e-02  1.3978e+02  8.6834e-01 -1.3978e+02 -8.8289e-01
-8.6850e+00     2.2343e+01  5.0244e-02 -2.2343e+01 -5.2028e-02  1.4108e+02  8.7114e-01 -1.4108e+02 -8.8559e-01
-8.6467e+00     2.5827e+01  5.4635e-02 -2.5827e+01 -6.5396e-02  1.4200e+02  8.7314e-01 -1.4200e+02 -8.8784e-01
-8.6083e+00     5.1611e+01  1.0119e-01 -5.1613e+01 -9.7726e-02  1.4348e+02  8.7613e-01 -1.4348e+02 -8.9096e-01
-8.5700e+00     3.9775e+01  7.2815e-02 -3.9758e+01 -8.4099e-02  1.4523e+02  8.7945e-01 -1.4523e+02 -8.9444e-01
-8.5317e+00     1.9364e+01  4.6979e-02 -1.9364e+01 -5.0542e-02  1.4636e+02  8.8175e-01 -1.4636e+02 -8.9702e-01
-8.4933e+00     3.6237e+01  1.2017e-01 -3.6237e+01 -9.5953e-02  1.4743e+02  8.8495e-01 -1.4743e+02 -8.9982e-01
-8.4550e+00     5.4597e+01  1.4210e-01 -5.4596e+01 -1.5050e-01  1.4917e+02  8.8996e-01 -1.4916e+02 -9.0454e-01
-8.4167e+00     2.0807e+01  4.2038e-02 -2.0809e+01 -4.2203e-02  1.5061e+02  8.9349e-01 -1.5061e+02 -9.0822e-01
-8.3783e+00     4.2341e+01  9.0794e-02 -4.2340e+01 -8.7897e-02  1.5182e+02  8.9603e-01 -1.5182e+02 -9.1071e-01
-8.3400e+00     1.3194e+01  3.5219e-02 -1.3196e+01 -3.0557e-02  1.5288e+02  8.9844e-01 -1.5288e+02 -9.1298e-01
-8.3017e+00     2.4464e+01  7.9471e-02 -2.4463e+01 -8.0903e-02  1.5360e+02  9.0063e-01 -1.5360e+02 -9.1511e-01
-8.2633e+00     3.2117e+01  8.7434e-02 -3.2117e+01 -7.2685e-02  1.5468e+02  9.0383e-01 -1.5468e+02 -9.1805e-01
-8.2250e+00     3.8456e+01  1.1815e-01 -3.8459e+01 -1.0333e-01  1.5603e+02  9.0776e-01 -1.5603e+02 -9.2142e-01
-8.1867e+00     3.7634e+01  1.2152e-01 -3.7633e+01 -1.0833e-01  1.5749e+02  9.1235e-01 -1.5749e+02 -9.2547e-01
-8.1483e+00     3.1934e+01  1.2646e-01 -3.1935e+01 -1.2187e-01  1.5882e+02  9.1709e-01 -1.5882e+02 -9.2987e-01
-8.1100e+00     3.5268e+01  1.2295e-01 -3.5268e+01 -1.2125e-01  1.6011e+02  9.2187e-01 -1.6011e+02 -9.3453e-01
-8.0717e+00     2.6410e+01  7.8123e-02 -2.6410e+01 -8.5588e-02  1.6129e+02  9.2571e-01 -1.6129e+02 -9.3848e-01
-8.0333e+00     3.8755e+01  1.1232e-01 -3.8753e+01 -1.2944e-01  1.6253e+02  9.2936e-01 -1.6253e+02 -9.4260e-01
-7.9950e+00     4.1298e+01  1.1689e-01 -4.1299e+01 -1.1796e-01  1.6407e+02  9.3374e-01 -1.6406e+02 -9.4733e-01
-7.9567e+00     3.7196e+01  1.0057e-01 -3.7200e+01 -1.1143e-01  1.6557e+02  9.3790e-01 -1.6557e+02 -9.5172e-01
-7.9183e+00     6.5788e+01  1.5248e-01 -6.5791e+01 -1.5539e-01  1.6754e+02  9.4275e-01 -1.6754e+02 -9.5683e-01
-7.8800e+00     2.5017e+01  6.0817e-02 -2.5016e+01 -5.9184e-02  1.6928e+02  9.4683e-01 -1.6927e+02 -9.6093e-01
-7.8417e+00     3.4369e+01  9.4358e-02 -3.4365e+01 -8.1333e-02  1.7041e+02  9.4980e-01 -1.7041e+02 -9.6362e-01
-7.8033e+00     2.7197e+01  5.6585e-02 -2.7201e+01 -6.9415e-02  1.7159e+02  9.5269e-01 -1.7159e+02 -9.6651e-01
-7.7650e+00     2.7735e+01  6.6438e-02 -2.7739e+01 -6.8581e-02  1.7264e+02  9.5504e-01 -1.7264e+02 -9.6915e-01
-7.7267e+00     4.5931e+01  9.9976e-02 -4.5929e+01 -9.2516e-02  1.7405e+02  9.5822e-01 -1.7405e+02 -9.7223e-01
-7.6883e+00     1.9258e+01  6.5304e-02 -1.9268e+01 -4.2020e-02  1.7530e+02  9.6139e-01 -1.7530e+02 -9.7480e-01
-7.6500e+00     2.2295e+01  5.4052e-02 -2.2290e+01 -4.6592e-02  1.7609e+02  9.6367e-01 -1.7609e+02 -9.7650e-01
-7.6117e+00     5.9795e+01  1.8175e-01 -5.9794e+01 -2.1726e-01  1.7766e+02  9.6818e-01 -1.7766e+02 -9.8155e-01
-7.5733e+00     2.3869e+01  6.0604e-02 -2.3877e+01 -7.6200e-02  1.7926e+02  9.7282e-01 -1.7926e+02 -9.8716e-01
-7.5350e+00     5.0599e+01  1.4847e-01 -5.0599e+01 -1.7122e-01  1.8069e+02  9.7682e-01 -1.8069e+02 -9.9190e-01
-7.4967e+00     4.7904e+01  1.4097e-01 -4.7902e+01 -1.4074e-01  1.8257e+02  9.8236e-01 -1.8257e+02 -9.9787e-01
-7.4583e+00     2.1211e+01  4.1062e-02 -2.1212e+01 -6.3105e-02  1.8390e+02  9.8584e-01 -1.8390e+02 -1.0018e+00
-7.4200e+00     4.3297e+01  1.1057e-01 -4.3296e+01 -1.4217e-01  1.8513e+02  9.8874e-01 -1.8513e+02 -1.0057e+00
-7.3817e+00     2.2622e+01  7.1530e-02 -2.2621e+01 -7.5902e-02  1.8639e+02  9.9223e-01 -1.8639e+02 -1.0099e+00
-7.3433e+00     4.6721e+01  1.0686e-01 -4.6722e+01 -9.8941e-02  1.8772e+02  9.9564e-01 -1.8772e+02 -1.0132e+00
-7.3050e+00     3.4189e+01  1.0006e-01 -3.4188e+01 -1.0795e-01  1.8927e+02  9.9960e-01 -1.8927e+02 -1.0172e+00
-7.2667e+00     4.8408e+01  1.8563e-01 -4.8407e+01 -1.7418e-01  1.9085e+02  1.0051e+00 -1.9085e+02 -1.0226e+00
-7.2283e+00     3.6954e+01  1.2711e-01 -3.6952e+01 -1.2344e-01  1.9248e+02  1.0111e+00 -1.9248e+02 -1.0283e+00
-7.1900e+00     5.2266e+01  2.0114e-01 -5.2266e+01 -2.0649e-01  1.9419e+02  1.0173e+00 -1.9419e+02 -1.0346e+00
-7.1517e+00     4.5873e+01  3.2015e-01 -4.5873e+01 -2.5632e-01  1.9607e+02  1.0273e+00 -1.9607e+02 -1.0434e+00
-7.1133e+00     4.7377e+01  2.7813e-01 -4.7380e+01 -3.2135e-01  1.9785e+02  1.0388e+00 -1.9785e+02 -1.0545e+00
-7.0750e+00     6.1001e+01  3.9059e-01 -6.1008e+01 -3.3235e-01  1.9992e+02  1.0516e+00 -1.9992e+02 -1.0670e+00
-7.0367e+00     4.1936e+01  3.4132e-01 -4.1944e+01 -3.1259e-01  2.0189e+02  1.0656e+00 -2.0189e+02 -1.0793e+00
-6.9983e+00     5.1696e+01  5.0832e-01 -5.1693e+01 -5.2258e-01  2.0369e+02  1.0818e+00 -2.0369e+02 -1.0953e+00
-6.9600e+00     3.5066e+01  3.1002e-01 -3.5064e+01 -2.7455e-01  2.0535e+02  1.0975e+00 -2.0535e+02 -1.1106e+00
-6.9217e+00     3.9095e+01  3.3097e-01 -3.9093e+01 -3.5813e-01  2.0676e+02  1.1097e+00 -2.0676e+02 -1.1227e+00
-6.8833e+00     5.0204e+01  4.1296e-01 -5.0208e+01 -3.9654e-01  2.0847e+02  1.1240e+00 -2.0847e+02 -1.1371e+00
-6.8450e+00     4.3583e+01  3.6527e-01 -4.3586e+01 -3.7382e-01  2.1027e+02  1.1389e+00 -2.1027e+02 -1.1519e+00
-6.8067e+00     5.1492e+01  4.7129e-01 -5.1494e+01 -4.7565e-01  2.1209e+02  1.1549e+00 -2.1209e+02 -1.1681e+00
-6.7683e+00     4.9816e+01  4.7356e-01 -4.9814e+01 -5.1104e-01  2.1403e+02  1.1730e+00 -2.1403e+02 -1.1870e+00
-6.7300e+00     4.8284e+01  4.4171e-01 -4.8285e+01 -4.6250e-01  2.1590e+02  1.1905e+00 -2.1590e+02 -1.2056e+00
-6.6917e+00     3.2677e+01  3.5926e-01 -3.2677e+01 -3.2823e-01  2.1745e+02  1.2058e+00 -2.1745e+02 -1.2208e+00
-6.6533e+00     4.0320e+01  4.1186e-01 -4.0321e+01 -3.5850e-01  2.1885e+02  1.2205e+00 -2.1885e+02 -1.2339e+00
-6.6150e+00     2.1828e+01  1.8332e-01 -2.1828e+01 -1.8994e-01  2.2004e+02  1.2319e+00 -2.2004e+02 -1.2444e+00
-6.5767e+00     3.7373e+01  3.3846e-01 -3.7374e+01 -3.0325e-01  2.2117e+02  1.2419e+00 -2.2117e+02 -1.2538e+00
-6.5383e+00     4.1430e+01  4.3628e-01 -4.1433e+01 -4.2309e-01  2.2268e+02  1.2567e+00 -2.2268e+02 -1.2677e+00
-6.5000e+00     3.5178e+01  4.4674e-01 -3.5178e+01 -3.7949e-01  2.2414e+02  1.2736e+00 -2.2415e+02 -1.2831e+00
-6.4617e+00     3.2715e+01  3.0632e-01 -3.2715e+01 -3.4143e-01  2.2544e+02  1.2880e+00 -2.2544e+02 -1.2969e+00
-6.4233e+00     4.6966e+01  3.9014e-01 -4.6966e+01 -4.6953e-01  2.2697e+02  1.3014e+00 -2.2697e+02 -1.3124e+00
-6.3850e+00     5.5523e+01  3.6804e-01 -5.5523e+01 -3.3757e-01  2.2893e+02  1.3159e+00 -2.2893e+02 -1.3278e+00
-6.3467e+00     3.5129e+01  3.0846e-01 -3.5123e+01 -3.2983e-01  2.3066e+02  1.3288e+00 -2.3066e+02 -1.3406e+00
-6.3083e+00     5.1053e+01  4.9103e-01 -5.1051e+01 -5.3282e-01  2.3231e+02  1.3441e+00 -2.3231e+02 -1.3571e+00
-6.2700e+00     2.9895e+01  3.2357e-01 -2.9896e+01 -3.2630e-01  2.3386e+02  1.3597e+00 -2.3386e+02 -1.3736e+00
-6.2317e+00     2.8796e+01  3.4493e-01 -2.8794e+01 -3.7383e-01  2.3499e+02  1.3725e+00 -2.3499e+02 -1.3869e+00
-6.1933e+00     3.6278e+01  3.8562e-01 -3.6277e+01 -4.2929e-01  2.3623e+02  1.3865e+00 -2.3623e+02 -1.4023e+00
-6.1550e+00     3.1097e+01  3.6512e-01 -3.1098e+01 -3.9880e-01  2.3752e+02  1.4008e+00 -2.3752e+02 -1.4182e+00
-6.1167e+00     2.4896e+01  2.6870e-01 -2.4896e+01 -2.1774e-01  2.3859e+02  1.4130e+00 -2.3859e+02 -1.4300e+00
-6.0783e+00     4.4509e+01  3.7707e-01 -4.4480e+01 -4.0949e-01  2.3992e+02  1.4253e+00 -2.3992e+02 -1.4420e+00
-6.0400e+00     4.4854e+01  5.7120e-01 -4.4859e+01 -5.8776e-01  2.4163e+02  1.4435e+00 -2.4163e+02 -1.4610e+00
-6.0017e+00     3.5065e+01  4.2304e-01 -3.5068e+01 -4.6478e-01  2.4316e+02  1.4625e+00 -2.4316e+02 -1.4812e+00
-5.9633e+00     3.6730e+01  3.3014e-01 -3.6728e+01 -3.7977e-01  2.4453e+02  1.4769e+00 -2.4453e+02 -1.4973e+00
-5.9250e+00     2.8597e+01  2.5190e-01 -2.8598e+01 -2.3338e-01  2.4578e+02  1.4881e+00 -2.4578e+02 -1.5091e+00
-5.8867e+00     6.4664e+01  4.3505e-01 -6.4707e+01 -4.6923e-01  2.4757e+02  1.5012e+00 -2.4757e+02 -1.5225e+00
-5.8483e+00     5.2564e+01  4.7878e-01 -5.2560e+01 -4.5119e-01  2.4981e+02  1.5187e+00 -2.4981e+02 -1.5401e+00
-5.8100e+00     1.9661e+01  2.2986e-01 -1.9662e+01 -2.3210e-01  2.5119e+02  1.5322e+00 -2.5119e+02 -1.5532e+00
-5.7717e+00     1.9590e+01  2.9577e-01 -1.9589e+01 -2.6316e-01  2.5194e+02  1.5423e+00 -2.5194e+02 -1.5627e+00
-5.7333e+00     1.9491e+01  2.9779e-01 -1.9490e+01 -3.6497e-01  2.5269e+02  1.5537e+00 -2.5269e+02 -1.5747e+00
-5.6950e+00     1.8573e+01  3.6068e-01 -1.8574e+01 -3.0848e-01  2.5342e+02  1.5663e+00 -2.5342e+02 -1.5876e+00
-5.6567e+00     1.6419e+01  2.4246e-01 -1.6419e+01 -2.4822e-01  2.5409e+02  1.5778e+00 -2.5409e+02 -1.5982e+00
-5.6183e+00     1.4145e+01  2.0984e-01 -1.4145e+01 -2.5737e-01  2.5467e+02  1.5865e+00 -2.5467e+02 -1.6079e+00
-5.5800e+00     1.9585e+01  2.7265e-01 -1.9586e+01 -3.2493e-01  2.5532e+02  1.5957e+00 -2.5532e+02 -1.6191e+00
-5.5417e+00     2.5353e+01  2.9822e-01 -2.5352e+01 -3.3926e-01  2.5618e+02  1.6066e+00 -2.5618e+02 -1.6318e+00
-5.5033e+00     2.4225e+01  1.8498e-01 -2.4223e+01 -1.8745e-01  2.5713e+02  1.6159e+00 -2.5713e+02 -1.6418e+00
-5.4650e+00     1.7788e+01  1.8011e-01 -1.7789e+01 -1.5272e-01  2.5793e+02  1.6228e+00 -2.5793e+02 -1.6484e+00
-5.4267e+00     2.7346e+01  2.6408e-01 -2.7346e+01 -2.5168e-01  2.5880e+02  1.6313e+00 -2.5880e+02 -1.6561e+00
-5.3883e+00     2.4315e+01  2.3425e-01 -2.4314e+01 -2.3241e-01  2.5978e+02  1.6409e+00 -2.5978e+02 -1.6654e+00
-5.3500e+00     1.7277e+01  1.3962e-01 -1.7276e+01 -1.5416e-01  2.6058e+02  1.6480e+00 -2.6058e+02 -1.6728e+00
-5.3117e+00     2.1972e+01  2.0392e-01 -2.1973e+01 -2.2830e-01  2.6133e+02  1.6546e+00 -2.6133e+02 -1.6801e+00
-5.2733e+00     2.3431e+01  2.4899e-01 -2.3431e+01 -2.8334e-01  2.6220e+02  1.6633e+00 -2.6220e+02 -1.6899e+00
-5.2350e+00     2.1738e+01  2.1624e-01 -2.1738e+01 -2.6882e-01  2.6306e+02  1.6722e+00 -2.6306e+02 -1.7004e+00
-5.1967e+00     2.3131e+01  2.6743e-01 -2.3133e+01 -2.5557e-01  2.6392e+02  1.6814e+00 -2.6392e+02 -1.7105e+00
-5.1583e+00     2.2523e+01  2.4426e-01 -2.2521e+01 -2.2301e-01  2.6480e+02  1.6912e+00 -2.6480e+02 -1.7196e+00
-5.1200e+00     1.8958e+01  1.5616e-01 -1.8958e+01 -1.7847e-01  2.6559e+02  1.6989e+00 -2.6559e+02 -1.7273e+00
-5.0817e+00     2.0391e+01  1.8903e-01 -2.0390e+01 -1.9133e-01  2.6634e+02  1.7055e+00 -2.6634e+02 -1.7344e+00
-5.0433e+00     1.8876e+01  1.6103e-01 -1.8876e+01 -1.6258e-01  2.6709e+02  1.7122e+00 -2.6709e+02 -1.7411e+00
-5.0050e+00     1.8125e+01  1.6242e-01 -1.8125e+01 -1.7513e-01  2.6780e+02  1.7184e+00 -2.6780e+02 -1.7476e+00
-4.9667e+00     2.3777e+01  2.3278e-01 -2.3776e+01 -2.4098e-01  2.6860e+02  1.7259e+00 -2.6860e+02 -1.7556e+00
-4.9283e+00     1.6683e+01  1.7889e-01 -1.6682e+01 -1.7054e-01  2.6938e+02  1.7338e+00 -2.6938e+02 -1.7634e+00
-4.8900e+00     1.9772e+01  2.3111e-01 -1.9775e+01 -2.4911e-01  2.7008e+02  1.7417e+00 -2.7008e+02 -1.7715e+00
-4.8517e+00     3.2654e+01  3.6065e-01 -3.2658e+01 -4.9749e-01  2.7108e+02  1.7530e+00 -2.7108e+02 -1.7858e+00
-4.8133e+00     2.9526e+01  2.9488e-01 -2.9526e+01 -4.0856e-01  2.7227e+02  1.7655e+00 -2.7227e+02 -1.8031e+00
-4.7750e+00     2.2960e+01  2.9989e-01 -2.2962e+01 -3.6211e-01  2.7327e+02  1.7769e+00 -2.7327e+02 -1.8178e+00
-4.7367e+00     2.4025e+01  2.7625e-01 -2.4025e+01 -2.8735e-01  2.7417e+02  1.7879e+00 -2.7417e+02 -1.8303e+00
-4.6983e+00     2.4645e+01  2.0299e-01 -2.4644e+01 -2.5978e-01  2.7510e+02  1.7971e+00 -2.7510e+02 -1.8407e+00
-4.6600e+00     2.4443e+01  3.2018e-01 -2.4445e+01 -3.4112e-01  2.7604e+02  1.8071e+00 -2.7604e+02 -1.8522e+00
-4.6217e+00     1.8431e+01  1.8281e-01 -1.8432e+01 -2.3375e-01  2.7686e+02  1.8167e+00 -2.7686e+02 -1.8632e+00
-4.5833e+00     2.4446e+01  2.1918e-01 -2.4449e+01 -2.3943e-01  2.7768e+02  1.8244e+00 -2.7768e+02 -1.8723e+00
-4.5450e+00     2.4690e+01  2.7542e-01 -2.4690e+01 -3.1557e-01  2.7862e+02  1.8339e+00 -2.7862e+02 -1.8829e+00
-4.5067e+00     2.2438e+01  2.1937e-01 -2.2437e+01 -2.7079e-01  2.7952e+02  1.8434e+00 -2.7953e+02 -1.8941e+00
-4.4683e+00     1.8976e+01  1.9291e-01 -1.8975e+01 -2.2969e-01  2.8032e+02  1.8512e+00 -2.8032e+02 -1.9037e+00
-4.4300e+00     1.4060e+01  1.8941e-01 -1.4061e+01 -2.0978e-01  2.8095e+02  1.8586e+00 -2.8095e+02 -1.9121e+00
-4.3917e+00     1.8829e+01  3.0535e-01 -1.8828e+01 -2.9643e-01  2.8158e+02  1.8680e+00 -2.8158e+02 -1.9218e+00
-4.3533e+00     1.6895e+01  2.5179e-01 -1.6895e+01 -2.6936e-01  2.8226e+02  1.8787e+00 -2.8226e+02 -1.9326e+00
-4.3150e+00     1.4413e+01  2.0758e-01 -1.4412e+01 -2.2146e-01  2.8286e+02  1.8875e+00 -2.8286e+02 -1.9420e+00
-4.2767e+00     1.5842e+01  2.2094e-01 -1.5844e+01 -2.5604e-01  2.8344e+02  1.8957e+00 -2.8344e+02 -1.9512e+00
-4.2383e+00     1.3642e+01  1.9222e-01 -1.3643e+01 -2.2151e-01  2.8400e+02  1.9036e+00 -2.8401e+02 -1.9603e+00
-4.2000e+00     1.5467e+01  1.9374e-01 -1.5464e+01 -2.1090e-01  2.8456e+02  1.9110e+00 -2.8456e+02 -1.9686e+00
-4.1617e+00     2.1840e+01  2.0161e-01 -2.1838e+01 -2.4486e-01  2.8528e+02  1.9185e+00 -2.8528e+02 -1.9773e+00
-4.1233e+00     2.6032e+01  2.6068e-01 -2.6031e+01 -2.7714e-01  2.8619e+02  1.9274e+00 -2.8619e+02 -1.9873e+00
-4.0850e+00     1.2027e+01  1.0247e-01 -1.2026e+01 -1.0558e-01  2.8692e+02  1.9343e+00 -2.8692e+02 -1.9946e+00
-4.0467e+00     1.2182e+01  8.4863e-02 -1.2182e+01 -9.6179e-02  2.8738e+02  1.9379e+00 -2.8738e+02 -1.9985e+00
-4.0083e+00     1.1847e+01  8.9691e-02 -1.1848e+01 -1.0969e-01  2.8784e+02  1.9413e+00 -2.8784e+02 -2.0024e+00
-3.9700e+00     1.2241e+01  1.1720e-01 -1.2230e+01 -1.2106e-01  2.8830e+02  1.9452e+00 -2.8830e+02 -2.0068e+00
-3.9317e+00     1.8932e+01  2.3099e-01 -1.8920e+01 -2.2655e-01  2.8890e+02  1.9519e+00 -2.8890e+02 -2.0135e+00
-3.8933e+00     1.5383e+01  1.6236e-01 -1.5372e+01 -1.8400e-01  2.8956e+02  1.9594e+00 -2.8956e+02 -2.0213e+00
-3.8550e+00     1.3093e+01  1.4987e-01 -1.3095e+01 -1.3978e-01  2.9010e+02  1.9654e+00 -2.9010e+02 -2.0275e+00
-3.8167e+00     8.6701e+00  1.0001e-01 -8.6643e+00 -1.0274e-01  2.9052e+02  1.9702e+00 -2.9052e+02 -2.0322e+00
-3.7783e+00     8.3772e+00  8.9139e-02 -8.3775e+00 -1.0797e-01  2.9084e+02  1.9738e+00 -2.9084e+02 -2.0362e+00
-3.7400e+00     1.5220e+01  1.6218e-01 -1.5217e+01 -1.8041e-01  2.9130e+02  1.9786e+00 -2.9129e+02 -2.0417e+00
-3.7017e+00     1.9411e+01  2.1564e-01 -1.9395e+01 -2.1863e-01  2.9196e+02  1.9858e+00 -2.9196e+02 -2.0494e+00
-3.6633e+00     2.5975e+00  1.6962e-02 -2.5963e+00 -2.0544e-02  2.9238e+02  1.9903e+00 -2.9238e+02 -2.0539e+00
-3.6250e+00     1.2478e+01  9.3675e-02 -1.2480e+01 -9.5632e-02  2.9267e+02  1.9924e+00 -2.9267e+02 -2.0562e+00
-3.5867e+00     1.0837e+01  1.0376e-01 -1.0833e+01 -9.2063e-02  2.9311e+02  1.9962e+00 -2.9311e+02 -2.0597e+00
-3.5483e+00     1.0377e+01  8.8580e-02 -1.0379e+01 -1.0047e-01  2.9352e+02  1.9998e+00 -2.9352e+02 -2.0634e+00
-3.5100e+00     1.2479e+01  1.0589e-01 -1.2480e+01 -1.1510e-01  2.9396e+02  2.0036e+00 -2.9396e+02 -2.0676e+00
-3.4717e+00     3.5748e+00  1.3995e-02 -3.5750e+00 -1.6075e-02  2.9426e+02  2.0059e+00 -2.9426e+02 -2.0701e+00
-3.4333e+00     7.3728e+00  2.6390e-02 -7.3733e+00 -2.9107e-02  2.9447e+02  2.0066e+00 -2.9447e+02 -2.0709e+00
-3.3950e+00     1.3168e+01  5.1109e-02 -1.3164e+01 -4.4686e-02  2.9487e+02  2.0081e+00 -2.9487e+02 -2.0723e+00
-3.3567e+00     6.7017e-01  5.2920e-04 -6.7250e-01 -6.0776e-04  2.9513e+02  2.0091e+00 -2.9513e+02 -2.0732e+00
-3.3183e+00     5.8393e+00  4.7843e-03 -5.8423e+00 -4.1754e-03  2.9526e+02  2.0092e+00 -2.9525e+02 -2.0733e+00
-3.2800e+00     4.8425e+00  4.5053e-03 -4.8388e+00 -2.6128e-03  2.9546e+02  2.0094e+00 -2.9546e+02 -2.0734e+00
-3.2417e+00     4.2731e+00  2.8850e-03 -4.2722e+00 -3.0262e-03  2.9564e+02  2.0095e+00 -2.9563e+02 -2.0735e+00
-3.2033e+00     5.4574e+00  2.1335e-03 -5.4570e+00 -4.7112e-03  2.9582e+02  2.0096e+00 -2.9582e+02 -2.0737e+00
-3.1650e+00     5.4690e+00  2.0687e-03 -5.4725e+00 -3.7076e-03  2.9603e+02  2.0097e+00 -2.9603e+02 -2.0738e+00
-3.1267e+00     0.0000e+00  0.0000e+00 -0.0000e+00 -0.0000e+00  2.9614e+02  2.0097e+00 -2.9613e+02 -2.0739e+00
-3.0883e+00     0.0000e+00  0.0000e+00 -0.0000e+00 -0.0000e+00  2.9614e+02  2.0097e+00 -2.9613e+02 -2.0739e+00
-3.0500e+00     0.0000e+00  0.0000e+00 -0.0000e+00 -0.0000e+00  2.9614e+02  2.0097e+00 -2.9613e+02 -2.0739e+00
-3.0117e+00     2.8815e+00  3.9877e-03 -2.8802e+00 -4.4676e-03  2.9619e+02  2.0098e+00 -2.9619e+02 -2.0740e+00
-2.9733e+00     1.4417e+01  2.0840e-02 -1.4419e+01 -3.2650e-02  2.9652e+02  2.0103e+00 -2.9652e+02 -2.0747e+00
-2.9350e+00     0.0000e+00  0.0000e+00 -0.0000e+00 -0.0000e+00  2.9680e+02  2.0107e+00 -2.9680e+02 -2.0753e+00
-2.8967e+00     1.1015e+01  8.0614e-02 -1.1014e+01 -9.5634e-02  2.9701e+02  2.0122e+00 -2.9701e+02 -2.0772e+00
-2.8583e+00     1.9413e+01  1.6685e-01 -1.9421e+01 -1.4978e-01  2.9759e+02  2.0170e+00 -2.9759e+02 -2.0819e+00
-2.8200e+00     6.1351e+00  4.9719e-02 -6.1374e+00 -5.0337e-02  2.9808e+02  2.0211e+00 -2.9808e+02 -2.0857e+00
-2.7817e+00     0.0000e+00  0.0000e+00 -0.0000e+00 -0.0000e+00  2.9820e+02  2.0221e+00 -2.9820e+02 -2.0867e+00
-2.7433e+00     0.0000e+00  0.0000e+00 -0.0000e+00 -0.0000e+00  2.9820e+02  2.0221e+00 -2.9820e+02 -2.0867e+00
-2.7050e+00     0.0000e+00  0.0000e+00 -0.0000e+00 -0.0000e+00  2.9820e+02  2.0221e+00 -2.9820e+02 -2.0867e+00
-2.6667e+00     6.0280e+00  5.3117e-03 -5.5834e+00 -5.0908e-03  2.9831e+02  2.0222e+00 -2.9830e+02 -2.0867e+00
-2.6283e+00     9.6680e-01  1.1836e-03 -1.1592e+00 -9.7953e-04  2.9845e+02  2.0223e+00 -2.9843e+02 -2.0869e+00
-2.5900e+00     0.0000e+00  0.0000e+00 -0.0000e+00 -0.0000e+00  2.9846e+02  2.0223e+00 -2.9845e+02 -2.0869e+00
-2.5517e+00     0.0000e+00  0.0000e+00 -0.0000e+00 -0.0000e+00  2.9846e+02  2.0223e+00 -2.9845e+02 -2.0869e+00
-2.5133e+00     0.0000e+00  0.0000e+00 -0.0000e+00 -0.0000e+00  2.9846e+02  2.0223e+00 -2.9845e+02 -2.0869e+00
-2.4750e+00     1.9522e+01  4.5790e-02 -1.9476e+01 -9.3189e-02  2.9884e+02  2.0232e+00 -2.9883e+02 -2.0887e+00
-2.4367e+00     1.0942e+01  4.0520e-02 -1.0996e+01 -5.9154e-02  2.9942e+02  2.0248e+00 -2.9941e+02 -2.0916e+00
-2.3983e+00     3.8394e+00  4.0815e-02 -3.8001e+00 -6.9732e-02  2.9970e+02  2.0264e+00 -2.9969e+02 -2.0940e+00
-2.3600e+00     2.5134e+01  1.7186e-01 -2.5186e+01 -2.6932e-01  3.0026e+02  2.0305e+00 -3.0025e+02 -2.1005e+00
-2.3217e+00     9.5344e+00  4.7106e-02 -9.5438e+00 -4.1703e-02  3.0092e+02  2.0347e+00 -3.0091e+02 -2.1065e+00
-2.2833e+00     4.3237e+00  7.4139e-03 -4.3221e+00 -1.5250e-02  3.0119e+02  2.0357e+00 -3.0118e+02 -2.1076e+00
-2.2450e+00     3.9425e+00  6.6814e-03 -3.9421e+00 -1.1914e-02  3.0134e+02  2.0360e+00 -3.0133e+02 -2.1081e+00
-2.2067e+00     6.3002e+00  1.3706e-02 -6.3007e+00 -1.8327e-02  3.0154e+02  2.0364e+00 -3.0153e+02 -2.1087e+00
-2.1683e+00     4.8294e+00  1.5447e-02 -4.8387e+00 -1.0233e-02  3.0175e+02  2.0369e+00 -3.0174e+02 -2.1092e+00
-2.1300e+00     1.4730e+01  3.0027e-02 -1.4736e+01 -4.4549e-02  3.0213e+02  2.0378e+00 -3.0212e+02 -2.1103e+00
-2.0917e+00     9.6175e+00  2.8050e-02 -9.6136e+00 -3.5206e-02  3.0259e+02  2.0389e+00 -3.0258e+02 -2.1118e+00
-2.0533e+00     1.9970e+01  6.0179e-02 -1.9990e+01 -5.4191e-02  3.0316e+02  2.0406e+00 -3.0315e+02 -2.1135e+00
-2.0150e+00     8.8428e-01  5.0893e-03 -8.8266e-01 -1.6766e-03  3.0356e+02  2.0418e+00 -3.0355e+02 -2.1146e+00
-1.9767e+00     1.1241e+01  1.4169e-01 -1.1242e+01 -1.0051e-01  3.0379e+02  2.0446e+00 -3.0378e+02 -2.1165e+00
-1.9383e+00     1.7697e+01  2.0933e-01 -1.7696e+01 -1.6217e-01  3.0434e+02  2.0514e+00 -3.0434e+02 -2.1216e+00
-1.9000e+00     1.0032e+01  1.6302e-01 -1.0031e+01 -1.2434e-01  3.0488e+02  2.0585e+00 -3.0487e+02 -2.1270e+00
-1.8617e+00     9.9268e+00  7.7940e-02 -9.9279e+00 -9.3268e-02  3.0526e+02  2.0631e+00 -3.0525e+02 -2.1312e+00
-1.8233e+00     0.0000e+00  0.0000e+00 -0.0000e+00 -0.0000e+00  3.0545e+02  2.0646e+00 -3.0544e+02 -2.1330e+00
-1.7850e+00     0.0000e+00  0.0000e+00 -0.0000e+00 -0.0000e+00  3.0545e+02  2.0646e+00 -3.0544e+02 -2.1330e+00
-1.7467e+00     0.0000e+00  0.0000e+00 -0.0000e+00 -0.0000e+00  3.0545e+02  2.0646e+00 -3.0544e+02 -2.1330e+00
-1.7083e+00     4.2210e+00  1.1900e-02 -4.2266e+00 -1.5265e-02  3.0553e+02  2.0648e+00 -3.0552e+02 -2.1333e+00
-1.6700e+00     5.5732e+01  3.1015e-01 -5.5747e+01 -2.1710e-01  3.0667e+02  2.0710e+00 -3.0667e+02 -2.1377e+00
-1.6317e+00     9.8311e-01  2.7928e-02 -9.8364e-01 -2.8466e-02  3.0776e+02  2.0774e+00 -3.0775e+02 -2.1424e+00
-1.5933e+00     1.5998e+01  5.1290e-01 -1.5993e+01 -4.2438e-01  3.0809e+02  2.0878e+00 -3.0808e+02 -2.1511e+00
-1.5550e+00     7.4758e+00  2.2677e-01 -7.4756e+00 -1.8756e-01  3.0853e+02  2.1019e+00 -3.0853e+02 -2.1628e+00
-1.5167e+00     9.2417e+00  2.3621e-01 -9.2415e+00 -2.3446e-01  3.0885e+02  2.1108e+00 -3.0885e+02 -2.1709e+00
-1.4783e+00     6.0279e+00  1.4854e-01 -6.0272e+00 -1.3137e-01  3.0915e+02  2.1182e+00 -3.0914e+02 -2.1779e+00
-1.4400e+00     9.5862e+00  2.1944e-01 -9.5852e+00 -1.8821e-01  3.0945e+02  2.1252e+00 -3.0944e+02 -2.1840e+00
-1.4017e+00     6.3119e+00  1.3362e-01 -6.3121e+00 -1.0553e-01  3.0975e+02  2.1320e+00 -3.0974e+02 -2.1896e+00
-1.3633e+00     2.5152e+01  5.2760e-01 -2.5152e+01 -4.7607e-01  3.1035e+02  2.1446e+00 -3.1034e+02 -2.2007e+00
-1.3250e+00     1.6496e+01  3.9036e-01 -1.6497e+01 -3.7506e-01  3.1115e+02  2.1622e+00 -3.1114e+02 -2.2170e+00
-1.2867e+00     1.0859e+01  3.0634e-01 -1.0859e+01 -2.0863e-01  3.1167e+02  2.1755e+00 -3.1166e+02 -2.2282e+00
-1.2483e+00     1.3493e+01  2.5216e-01 -1.3493e+01 -2.2845e-01  3.1214e+02  2.1862e+00 -3.1213e+02 -2.2366e+00
-1.2100e+00     8.1897e+00  1.7750e-01 -8.1901e+00 -1.5766e-01  3.1255e+02  2.1944e+00 -3.1254e+02 -2.2439e+00
-1.1717e+00     1.9196e+01  4.1397e-01 -1.9196e+01 -3.8382e-01  3.1308e+02  2.2057e+00 -3.1307e+02 -2.2543e+00
-1.1333e+00     1.3245e+01  3.1745e-01 -1.3245e+01 -2.0782e-01  3.1370e+02  2.2197e+00 -3.1369e+02 -2.2656e+00
-1.0950e+00     1.3408e+01  2.2685e-01 -1.3408e+01 -1.8147e-01  3.1421e+02  2.2301e+00 -3.1420e+02 -2.2731e+00
-1.0567e+00     1.7404e+01  3.1129e-01 -1.7404e+01 -2.4993e-01  3.1480e+02  2.2404e+00 -3.1479e+02 -2.2813e+00
-1.0183e+00     1.7112e+01  2.7797e-01 -1.7113e+01 -2.3560e-01  3.1546e+02  2.2517e+00 -3.1545e+02 -2.2906e+00
-9.8000e-01     1.5534e+01  2.4058e-01 -1.5534e+01 -1.8556e-01  3.1608e+02  2.2616e+00 -3.1607e+02 -2.2987e+00
-9.4167e-01     1.3370e+01  1.8113e-01 -1.3369e+01 -1.2846e-01  3.1664e+02  2.2697e+00 -3.1663e+02 -2.3047e+00
-9.0333e-01     1.6202e+01  2.1690e-01 -1.6203e+01 -1.5972e-01  3.1720e+02  2.2773e+00 -3.1719e+02 -2.3102e+00
-8.6500e-01     1.4336e+01  1.9151e-01 -1.4337e+01 -1.6406e-01  3.1779e+02  2.2851e+00 -3.1778e+02 -2.3164e+00
-8.2667e-01     2.0925e+01  2.7550e-01 -2.0925e+01 -2.3395e-01  3.1846e+02  2.2941e+00 -3.1845e+02 -2.3240e+00
-7.8833e-01     1.2842e+01  1.8402e-01 -1.2843e+01 -1.5051e-01  3.1911e+02  2.3029e+00 -3.1910e+02 -2.3314e+00
-7.5000e-01     1.7031e+01  2.4535e-01 -1.7034e+01 -1.8207e-01  3.1968e+02  2.3111e+00 -3.1967e+02 -2.3377e+00
-7.1167e-01     1.5919e+01  2.3392e-01 -1.5919e+01 -1.7289e-01  3.2031e+02  2.3203e+00 -3.2030e+02 -2.3445e+00
-6.7333e-01     1.5654e+01  2.3935e-01 -1.5654e+01 -1.9720e-01  3.2091e+02  2.3293e+00 -3.2090e+02 -2.3516e+00
-6.3500e-01     1.7191e+01  2.5351e-01 -1.7192e+01 -2.2488e-01  3.2154e+02  2.3387e+00 -3.2153e+02 -2.3597e+00
-5.9667e-01     1.8056e+01  2.2701e-01 -1.8056e+01 -2.0349e-01  3.2222e+02  2.3479e+00 -3.2221e+02 -2.3679e+00
-5.5833e-01     1.8275e+01  2.3301e-01 -1.8272e+01 -2.0307e-01  3.2291e+02  2.3567e+00 -3.2290e+02 -2.3757e+00
-5.2000e-01     1.8915e+01  2.0314e-01 -1.8916e+01 -2.0494e-01  3.2362e+02  2.3651e+00 -3.2361e+02 -2.3835e+00
-4.8167e-01     2.8814e+01  2.9115e-01 -2.8815e+01 -2.2547e-01  3.2454e+02  2.3745e+00 -3.2453e+02 -2.3917e+00
-4.4333e-01     1.8253e+01  1.7778e-01 -1.8254e+01 -1.4302e-01  3.2544e+02  2.3835e+00 -3.2543e+02 -2.3988e+00
-4.0500e-01     2.7985e+01  2.5105e-01 -2.8006e+01 -2.1317e-01  3.2632e+02  2.3917e+00 -3.2631e+02 -2.4056e+00
-3.6667e-01     2.1161e+01  2.2023e-01 -2.1161e+01 -1.6572e-01  3.2726e+02  2.4007e+00 -3.2725e+02 -2.4128e+00
-3.2833e-01     2.0073e+01  2.0987e-01 -2.0072e+01 -1.8076e-01  3.2805e+02  2.4090e+00 -3.2804e+02 -2.4195e+00
-2.9000e-01     2.1196e+01  2.2158e-01 -2.1197e+01 -2.1481e-01  3.2884e+02  2.4172e+00 -3.2883e+02 -2.4270e+00
-2.5167e-01     2.2558e+01  2.6074e-01 -2.2559e+01 -2.3504e-01  3.2968e+02  2.4265e+00 -3.2967e+02 -2.4356e+00
-2.1333e-01     2.2008e+01  2.5101e-01 -2.2011e+01 -2.3000e-01  3.3053e+02  2.4363e+00 -3.3052e+02 -2.4445e+00
-1.7500e-01     2.0534e+01  2.4728e-01 -2.0534e+01 -2.3212e-01  3.3134e+02  2.4458e+00 -3.3134e+02 -2.4534e+00
-1.3667e-01     1.9263e+01  2.2162e-01 -1.9263e+01 -2.1792e-01  3.3211e+02  2.4548e+00 -3.3210e+02 -2.4620e+00
-9.8333e-02     2.2541e+01  2.4019e-01 -2.2541e+01 -2.3243e-01  3.3291e+02  2.4636e+00 -3.3290e+02 -2.4706e+00
-6.0000e-02     3.3179e+01  3.5963e-01 -3.3177e+01 -3.4166e-01  3.3397e+02  2.4751e+00 -3.3396e+02 -2.4816e+00
-2.1667e-02     3.0586e+01  3.9075e-01 -3.0583e+01 -2.7055e-01  3.3519e+02  2.4894e+00 -3.3518e+02 -2.4933e+00
1.6667e-02     2.7065e+01  3.4988e-01 -2.7067e+01 -2.9548e-01  3.3629e+02  2.5036e+00 -3.3629e+02 -2.5041e+00
5.5000e-02     1.6285e+01  2.2224e-01 -1.6286e+01 -1.8175e-01  3.3712e+02  2.5145e+00 -3.3712e+02 -2.5133e+00
9.3333e-02     2.1968e+01  2.5984e-01 -2.1969e+01 -2.2291e-01  3.3786e+02  2.5238e+00 -3.3785e+02 -2.5210e+00
1.3167e-01     2.4818e+01  2.8456e-01 -2.4820e+01 -3.2042e-01  3.3875e+02  2.5342e+00 -3.3874e+02 -2.5314e+00
1.7000e-01     2.0057e+01  2.8745e-01 -2.0058e+01 -2.5122e-01  3.3961e+02  2.5451e+00 -3.3960e+02 -2.5423e+00
2.0833e-01     2.9865e+01  3.6564e-01 -2.9867e+01 -3.3055e-01  3.4057e+02  2.5576e+00 -3.4056e+02 -2.5535e+00
2.4667e-01     2.9597e+01  4.5183e-01 -2.9598e+01 -3.8445e-01  3.4170e+02  2.5733e+00 -3.4170e+02 -2.5672e+00
2.8500e-01     2.4874e+01  3.8305e-01 -2.4875e+01 -3.5506e-01  3.4275e+02  2.5892e+00 -3.4274e+02 -2.5813e+00
3.2333e-01     2.2500e+01  3.0532e-01 -2.2500e+01 -3.5215e-01  3.4365e+02  2.6024e+00 -3.4365e+02 -2.5948e+00
3.6167e-01     2.4330e+01  3.0935e-01 -2.4329e+01 -3.2109e-01  3.4455e+02  2.6142e+00 -3.4454e+02 -2.6077e+00
4.0000e-01     2.5239e+01  3.0199e-01 -2.5239e+01 -3.0955e-01  3.4550e+02  2.6259e+00 -3.4549e+02 -2.6198e+00
4.3833e-01     2.2394e+01  2.7468e-01 -2.2394e+01 -2.6278e-01  3.4641e+02  2.6369e+00 -3.4640e+02 -2.6307e+00
4.7667e-01     2.2276e+01  2.8739e-01 -2.2277e+01 -3.4666e-01  3.4726e+02  2.6477e+00 -3.4726e+02 -2.6424e+00
5.1500e-01     3.0965e+01  4.2402e-01 -3.0961e+01 -5.1538e-01  3.4828e+02  2.6613e+00 -3.4827e+02 -2.6589e+00
5.5333e-01     2.4902e+01  3.4403e-01 -2.4904e+01 -3.8070e-01  3.4935e+02  2.6760e+00 -3.4934e+02 -2.6760e+00
5.9167e-01     2.6614e+01  3.7686e-01 -2.6616e+01 -4.0205e-01  3.5034e+02  2.6898e+00 -3.5033e+02 -2.6910e+00
6.3000e-01     2.1761e+01  2.5404e-01 -2.1761e+01 -3.3708e-01  3.5126e+02  2.7018e+00 -3.5126e+02 -2.7052e+00
6.6833e-01     2.6154e+01  3.4228e-01 -2.6155e+01 -3.6133e-01  3.5218e+02  2.7133e+00 -3.5217e+02 -2.7185e+00
7.0667e-01     2.2791e+01  2.9173e-01 -2.2792e+01 -2.6782e-01  3.5312e+02  2.7254e+00 -3.5311e+02 -2.7306e+00
7.4500e-01     2.9390e+01  3.5076e-01 -2.9390e+01 -4.1016e-01  3.5411e+02  2.7377e+00 -3.5411e+02 -2.7435e+00
7.8333e-01     2.6242e+01  3.3006e-01 -2.6243e+01 -3.1329e-01  3.5518e+02  2.7507e+00 -3.5517e+02 -2.7574e+00
8.2167e-01     2.2238e+01  3.3605e-01 -2.2239e+01 -2.6272e-01  3.5611e+02  2.7635e+00 -3.5610e+02 -2.7684e+00
8.6000e-01     2.1316e+01  2.8908e-01 -2.1317e+01 -3.6916e-01  3.5694e+02  2.7754e+00 -3.5693e+02 -2.7805e+00
8.9833e-01     1.9413e+01  3.0089e-01 -1.9419e+01 -3.3584e-01  3.5772e+02  2.7867e+00 -3.5771e+02 -2.7940e+00
9.3667e-01     2.1862e+01  3.7069e-01 -2.1862e+01 -3.8050e-01  3.5851e+02  2.7996e+00 -3.5850e+02 -2.8077e+00
9.7500e-01     1.6269e+01  2.4471e-01 -1.6268e+01 -2.7813e-01  3.5924e+02  2.8113e+00 -3.5923e+02 -2.8203e+00
1.0133e+00     2.4504e+01  3.2681e-01 -2.4503e+01 -3.4253e-01  3.6002e+02  2.8223e+00 -3.6001e+02 -2.8322e+00
1.0517e+00     2.7956e+01  4.1462e-01 -2.7956e+01 -4.3225e-01  3.6102e+02  2.8365e+00 -3.6102e+02 -2.8470e+00
1.0900e+00     2.6162e+01  3.7278e-01 -2.6163e+01 -3.9124e-01  3.6206e+02  2.8515e+00 -3.6205e+02 -2.8628e+00
1.1283e+00     2.5828e+01  3.6283e-01 -2.5827e+01 -3.6394e-01  3.6305e+02  2.8656e+00 -3.6305e+02 -2.8772e+00
1.1667e+00     2.5973e+01  3.5066e-01 -2.5973e+01 -2.9895e-01  3.6404e+02  2.8792e+00 -3.6404e+02 -2.8899e+00
1.2050e+00     2.6306e+01  3.4572e-01 -2.6307e+01 -3.5803e-01  3.6504e+02  2.8926e+00 -3.6504e+02 -2.9025e+00
1.2433e+00     2.7901e+01  3.6611e-01 -2.7900e+01 -3.4914e-01  3.6608e+02  2.9062e+00 -3.6607e+02 -2.9160e+00
1.2817e+00     3.0041e+01  3.5803e-01 -3.0042e+01 -3.5797e-01  3.6719e+02  2.9201e+00 -3.6718e+02 -2.9295e+00
1.3200e+00     2.1967e+01  2.7104e-01 -2.1967e+01 -2.4963e-01  3.6819e+02  2.9321e+00 -3.6818e+02 -2.9411e+00
1.3583e+00     2.6081e+01  3.5504e-01 -2.6081e+01 -3.4653e-01  3.6910e+02  2.9441e+00 -3.6910e+02 -2.9526e+00
1.3967e+00     2.7087e+01  3.4827e-01 -2.7087e+01 -3.7107e-01  3.7012e+02  2.9575e+00 -3.7012e+02 -2.9663e+00
1.4350e+00     2.6873e+01  3.3473e-01 -2.6874e+01 -3.1535e-01  3.7115e+02  2.9706e+00 -3.7115e+02 -2.9794e+00
1.4733e+00     3.0026e+01  3.9340e-01 -3.0025e+01 -3.3132e-01  3.7224e+02  2.9845e+00 -3.7224e+02 -2.9918e+00
1.5117e+00     2.9231e+01  3.4407e-01 -2.9230e+01 -4.1283e-01  3.7338e+02  2.9986e+00 -3.7337e+02 -3.0060e+00
1.5500e+00     3.2944e+01  3.9567e-01 -3.2942e+01 -4.7985e-01  3.7457e+02  3.0128e+00 -3.7456e+02 -3.0231e+00
1.5883e+00     2.7312e+01  3.5832e-01 -2.7312e+01 -3.9357e-01  3.7572e+02  3.0272e+00 -3.7571e+02 -3.0398e+00
1.6267e+00     2.9680e+01  3.8403e-01 -2.9680e+01 -3.8681e-01  3.7681e+02  3.0414e+00 -3.7680e+02 -3.0548e+00
1.6650e+00     2.7582e+01  3.1228e-01 -2.7581e+01 -3.0956e-01  3.7791e+02  3.0547e+00 -3.7790e+02 -3.0681e+00
1.7033e+00     2.7445e+01  2.9517e-01 -2.7445e+01 -2.7045e-01  3.7896e+02  3.0664e+00 -3.7895e+02 -3.0792e+00
1.7417e+00     2.6067e+01  2.6129e-01 -2.6068e+01 -2.1892e-01  3.7998e+02  3.0770e+00 -3.7998e+02 -3.0885e+00
1.7800e+00     2.8080e+01  3.0113e-01 -2.8080e+01 -2.3143e-01  3.8102e+02  3.0878e+00 -3.8101e+02 -3.0972e+00
1.8183e+00     2.7368e+01  3.0189e-01 -2.7367e+01 -2.2009e-01  3.8208e+02  3.0993e+00 -3.8207e+02 -3.1058e+00
1.8567e+00     2.6759e+01  2.8036e-01 -2.6760e+01 -2.3916e-01  3.8312e+02  3.1105e+00 -3.8311e+02 -3.1146e+00
1.8950e+00     2.9557e+01  3.1138e-01 -2.9557e+01 -2.7919e-01  3.8419e+02  3.1218e+00 -3.8419e+02 -3.1245e+00
1.9333e+00     3.1035e+01  2.9755e-01 -3.1035e+01 -2.3722e-01  3.8535e+02  3.1334e+00 -3.8535e+02 -3.1344e+00
1.9717e+00     3.0013e+01  2.8878e-01 -3.0013e+01 -2.0381e-01  3.8652e+02  3.1447e+00 -3.8651e+02 -3.1428e+00
2.0100e+00     3.0905e+01  3.0367e-01 -3.0905e+01 -2.0866e-01  3.8769e+02  3.1560e+00 -3.8768e+02 -3.1507e+00
2.0483e+00     3.0772e+01  3.0404e-01 -3.0773e+01 -2.3100e-01  3.8887e+02  3.1676e+00 -3.8886e+02 -3.1591e+00
2.0867e+00     3.0395e+01  3.1335e-01 -3.0395e+01 -2.2333e-01  3.9004e+02  3.1794e+00 -3.9003e+02 -3.1678e+00
2.1250e+00     2.9040e+01  3.0699e-01 -2.9040e+01 -2.1851e-01  3.9117e+02  3.1913e+00 -3.9117e+02 -3.1763e+00
2.1633e+00     2.6001e+01  2.6274e-01 -2.6001e+01 -1.9840e-01  3.9223e+02  3.2022e+00 -3.9222e+02 -3.1843e+00
2.2017e+00     2.5267e+01  2.4214e-01 -2.5267e+01 -1.6994e-01  3.9321e+02  3.2119e+00 -3.9320e+02 -3.1913e+00
2.2400e+00     2.7452e+01  2.7508e-01 -2.7452e+01 -2.0660e-01  3.9422e+02  3.2218e+00 -3.9421e+02 -3.1985e+00
2.2783e+00     2.6990e+01  2.7176e-01 -2.6990e+01 -1.9416e-01  3.9526e+02  3.2322e+00 -3.9525e+02 -3.2062e+00
2.3167e+00     2.8275e+01  2.7819e-01 -2.8275e+01 -1.9535e-01  3.9632e+02  3.2428e+00 -3.9631e+02 -3.2136e+00
2.3550e+00     3.0533e+01  2.6071e-01 -3.0533e+01 -1.5191e-01  3.9744e+02  3.2531e+00 -3.9744e+02 -3.2203e+00
2.3933e+00     3.1876e+01  2.5358e-01 -3.1876e+01 -1.2955e-01  3.9864e+02  3.2629e+00 -3.9863e+02 -3.2257e+00
2.4317e+00     3.1048e+01  2.3362e-01 -3.1047e+01 -9.9170e-02  3.9984e+02  3.2722e+00 -3.9983e+02 -3.2300e+00
2.4700e+00     2.8641e+01  2.1384e-01 -2.8641e+01 -1.0922e-01  4.0098e+02  3.2808e+00 -4.0098e+02 -3.2340e+00
2.5083e+00     2.9201e+01  2.2036e-01 -2.9200e+01 -7.6425e-02  4.0209e+02  3.2891e+00 -4.0208e+02 -3.2376e+00
2.5467e+00     2.9740e+01  2.1429e-01 -2.9740e+01 -9.1445e-02  4.0322e+02  3.2974e+00 -4.0321e+02 -3.2408e+00
2.5850e+00     3.7243e+01  2.6561e-01 -3.7246e+01 -1.5783e-01  4.0450e+02  3.3066e+00 -4.0449e+02 -3.2456e+00
2.6233e+00     3.2928e+01  2.4808e-01 -3.2929e+01 -1.2149e-01  4.0584e+02  3.3164e+00 -4.0583e+02 -3.2509e+00
2.6617e+00     3.3289e+01  2.4616e-01 -3.3287e+01 -1.1288e-01  4.0711e+02  3.3259e+00 -4.0710e+02 -3.2554e+00
2.7000e+00     3.2107e+01  2.2478e-01 -3.2108e+01 -1.3651e-01  4.0836e+02  3.3349e+00 -4.0835e+02 -3.2602e+00
2.7383e+00     3.1144e+01  2.2951e-01 -3.1144e+01 -1.5508e-01  4.0957e+02  3.3436e+00 -4.0956e+02 -3.2657e+00
2.7767e+00     3.0363e+01  2.1993e-01 -3.0358e+01 -1.3312e-01  4.1075e+02  3.3522e+00 -4.1074e+02 -3.2713e+00
2.8150e+00     2.9823e+01  2.2659e-01 -2.9823e+01 -1.4988e-01  4.1190e+02  3.3607e+00 -4.1189e+02 -3.2767e+00
2.8533e+00     3.5836e+01  2.6813e-01 -3.5834e+01 -1.3849e-01  4.1315e+02  3.3702e+00 -4.1315e+02 -3.2822e+00
2.8917e+00     2.4739e+01  1.7258e-01 -2.4739e+01 -7.0488e-02  4.1431e+02  3.3786e+00 -4.1431e+02 -3.2862e+00
2.9300e+00     2.8406e+01  2.0846e-01 -2.8407e+01 -8.6311e-02  4.1533e+02  3.3859e+00 -4.1532e+02 -3.2892e+00
2.9683e+00     2.7037e+01  2.0056e-01 -2.7037e+01 -4.6619e-02  4.1639e+02  3.3937e+00 -4.1638e+02 -3.2917e+00
3.0067e+00     2.9472e+01  2.6675e-01 -2.9472e+01 -7.5733e-02  4.1747e+02  3.4027e+00 -4.1747e+02 -3.2941e+00
3.0450e+00     3.4723e+01  2.7431e-01 -3.4726e+01 -3.0698e-02  4.1870e+02  3.4130e+00 -4.1869e+02 -3.2961e+00
3.0833e+00     3.7835e+01  2.5603e-01 -3.7837e+01 -9.6478e-02  4.2009e+02  3.4232e+00 -4.2008e+02 -3.2985e+00
3.1217e+00     3.1301e+01  2.6185e-01 -3.1304e+01 -2.5466e-02  4.2141e+02  3.4331e+00 -4.2141e+02 -3.3009e+00
3.1600e+00     3.1489e+01  2.6434e-01 -3.1486e+01 -3.6874e-02  4.2261e+02  3.4432e+00 -4.2261e+02 -3.3021e+00
3.1983e+00     2.9422e+01  2.5195e-01 -2.9420e+01 -1.3887e-01  4.2378e+02  3.4530e+00 -4.2377e+02 -3.3054e+00
3.2367e+00     3.0272e+01  2.6039e-01 -3.0271e+01 -1.5179e-01  4.2492e+02  3.4629e+00 -4.2492e+02 -3.3110e+00
3.2750e+00     3.4912e+01  3.2657e-01 -3.4913e+01 -1.9831e-01  4.2617e+02  3.4741e+00 -4.2616e+02 -3.3177e+00
3.3133e+00     2.7913e+01  2.5947e-01 -2.7913e+01 -9.7539e-02  4.2737e+02  3.4853e+00 -4.2736e+02 -3.3234e+00
3.3517e+00     2.4287e+01  2.0416e-01 -2.4287e+01 -8.9543e-02  4.2837e+02  3.4942e+00 -4.2836e+02 -3.3269e+00
3.3900e+00     3.1101e+01  2.1804e-01 -3.1098e+01 -1.0255e-01  4.2943e+02  3.5022e+00 -4.2942e+02 -3.3306e+00
3.4283e+00     2.9948e+01  2.3627e-01 -2.9950e+01 -7.7297e-02  4.3060e+02  3.5109e+00 -4.3059e+02 -3.3341e+00
3.4667e+00     2.7538e+01  2.2323e-01 -2.7539e+01 -4.5658e-02  4.3170e+02  3.5197e+00 -4.3169e+02 -3.3364e+00
3.5050e+00     3.1789e+01  3.1682e-01 -3.1793e+01 -4.9188e-02  4.3283e+02  3.5301e+00 -4.3283e+02 -3.3382e+00
3.5433e+00     3.5459e+01  3.0043e-01 -3.5459e+01 -4.0637e-02  4.3412e+02  3.5419e+00 -4.3411e+02 -3.3399e+00
3.5817e+00     3.4231e+01  2.6158e-01 -3.4233e+01 -8.5845e-02  4.3545e+02  3.5526e+00 -4.3545e+02 -3.3424e+00
3.6200e+00     2.8115e+01  1.8979e-01 -2.8115e+01 -1.1904e-02  4.3665e+02  3.5613e+00 -4.3664e+02 -3.3442e+00
3.6583e+00     3.4880e+01  2.3574e-01 -3.4881e+01 -2.7680e-02  4.3785e+02  3.5694e+00 -4.3785e+02 -3.3450e+00
3.6967e+00     2.9395e+01  1.7602e-01 -2.9394e+01 -7.2395e-02  4.3908e+02  3.5773e+00 -4.3908e+02 -3.3469e+00
3.7350e+00     2.8032e+01  2.1858e-01 -2.8031e+01 -5.9228e-02  4.4018e+02  3.5848e+00 -4.4017e+02 -3.3494e+00
3.7733e+00     2.9243e+01  2.0189e-01 -2.9243e+01 -1.4672e-01  4.4128e+02  3.5929e+00 -4.4127e+02 -3.3534e+00
3.8117e+00     3.8125e+01  2.7257e-01 -3.8125e+01 -1.5285e-01  4.4257e+02  3.6020e+00 -4.4256e+02 -3.3591e+00
3.8500e+00     3.5598e+01  2.4444e-01 -3.5598e+01  2.9263e-02  4.4398e+02  3.6119e+00 -4.4397e+02 -3.3615e+00
3.8883e+00     3.0204e+01  2.1223e-01 -3.0208e+01 -5.2123e-02  4.4524e+02  3.6206e+00 -4.4523e+02 -3.3619e+00
3.9267e+00     3.1624e+01  2.4140e-01 -3.1623e+01  4.8193e-02  4.4642e+02  3.6293e+00 -4.4641e+02 -3.3620e+00
3.9650e+00     3.1729e+01  2.2117e-01 -3.1729e+01 -1.8746e-02  4.4763e+02  3.6381e+00 -4.4762e+02 -3.3614e+00
4.0033e+00     3.2249e+01  2.0892e-01 -3.2249e+01 -6.0943e-02  4.4885e+02  3.6464e+00 -4.4885e+02 -3.3629e+00
4.0417e+00     3.1792e+01  2.5010e-01 -3.1792e+01 -7.6644e-02  4.5008e+02  3.6551e+00 -4.5007e+02 -3.3656e+00
4.0800e+00     3.2938e+01  2.4845e-01 -3.2938e+01 -6.5964e-02  4.5132e+02  3.6647e+00 -4.5131e+02 -3.3683e+00
4.1183e+00     3.7677e+01  2.7745e-01 -3.7679e+01 -8.9889e-02  4.5267e+02  3.6747e+00 -4.5266e+02 -3.3713e+00
4.1567e+00     2.9068e+01  2.0040e-01 -2.9068e+01 -8.0524e-02  4.5395e+02  3.6839e+00 -4.5394e+02 -3.3745e+00
4.1950e+00     2.7987e+01  2.0685e-01 -2.7988e+01 -2.4098e-02  4.5504e+02  3.6917e+00 -4.5503e+02 -3.3765e+00
4.2333e+00     2.8720e+01  1.8431e-01 -2.8720e+01 -8.5724e-03  4.5612e+02  3.6992e+00 -4.5612e+02 -3.3772e+00
4.2717e+00     2.9505e+01  1.8247e-01 -2.9505e+01 -2.3952e-02  4.5724e+02  3.7062e+00 -4.5723e+02 -3.3778e+00
4.3100e+00     2.9244e+01  1.7711e-01 -2.9244e+01 -3.5753e-02  4.5836e+02  3.7131e+00 -4.5836e+02 -3.3789e+00
4.3483e+00     3.2004e+01  1.9897e-01 -3.2002e+01 -2.2223e-02  4.5953e+02  3.7203e+00 -4.5953e+02 -3.3800e+00
4.3867e+00     3.0564e+01  1.8911e-01 -3.0566e+01 -2.2892e-02  4.6073e+02  3.7277e+00 -4.6073e+02 -3.3809e+00
4.4250e+00     3.0913e+01  1.9011e-01 -3.0913e+01 -2.0770e-02  4.6191e+02  3.7349e+00 -4.6190e+02 -3.3817e+00
4.4633e+00     3.0572e+01  1.8953e-01 -3.0571e+01  1.4169e-02  4.6308e+02  3.7422e+00 -4.6308e+02 -3.3819e+00
4.5017e+00     3.2609e+01  2.0118e-01 -3.2609e+01  4.0632e-02  4.6429e+02  3.7497e+00 -4.6429e+02 -3.3808e+00
4.5400e+00     3.3201e+01  2.0487e-01 -3.3201e+01  3.0431e-02  4.6555e+02  3.7574e+00 -4.6555e+02 -3.3795e+00
4.5783e+00     2.9275e+01  1.8061e-01 -2.9275e+01  3.3550e-02  4.6675e+02  3.7648e+00 -4.6674e+02 -3.3782e+00
4.6167e+00     2.8277e+01  1.6936e-01 -2.8276e+01  3.9522e-02  4.6785e+02  3.7715e+00 -4.6784e+02 -3.3768e+00
4.6550e+00     2.6021e+01  1.4618e-01 -2.6022e+01  1.7144e-02  4.6889e+02  3.7776e+00 -4.6888e+02 -3.3757e+00
4.6933e+00     2.7613e+01  1.5958e-01 -2.7613e+01  1.1107e-03  4.6991e+02  3.7834e+00 -4.6991e+02 -3.3754e+00
4.7317e+00     2.9380e+01  1.6924e-01 -2.9379e+01  2.1048e-02  4.7101e+02  3.7897e+00 -4.7100e+02 -3.3750e+00
4.7700e+00     3.0763e+01  1.8233e-01 -3.0763e+01 -6.9337e-04  4.7216e+02  3.7964e+00 -4.7215e+02 -3.3746e+00
4.8083e+00     3.1749e+01  2.0371e-01 -3.1749e+01 -3.9529e-02  4.7335e+02  3.8038e+00 -4.7335e+02 -3.3754e+00
4.8467e+00     2.9239e+01  1.9445e-01 -2.9239e+01 -4.4363e-02  4.7452e+02  3.8114e+00 -4.7451e+02 -3.3770e+00
4.8850e+00     3.0382e+01  2.0632e-01 -3.0382e+01 -6.7026e-02  4.7566e+02  3.8191e+00 -4.7565e+02 -3.3791e+00
4.9233e+00     2.8945e+01  1.8898e-01 -2.8945e+01 -6.3397e-03  4.7680e+02  3.8267e+00 -4.7679e+02 -3.3805e+00
4.9617e+00     2.9358e+01  1.7048e-01 -2.9358e+01  2.1929e-05  4.7791e+02  3.8335e+00 -4.7790e+02 -3.3806e+00
