-2.0000e+01     0.0000e+00  0.0000e+00 -0.0000e+00 -0.0000e+00  0.0000e+00  0.0000e+00 -0.0000e+00 -0.0000e+00
-1.9955e+01     0.0000e+00  0.0000e+00 -0.0000e+00 -0.0000e+00  0.0000e+00  0.0000e+00 -0.0000e+00 -0.0000e+00
-1.9910e+01     0.0000e+00  0.0000e+00 -0.0000e+00 -0.0000e+00  0.0000e+00  0.0000e+00 -0.0000e+00 -0.0000e+00
-1.9865e+01     0.0000e+00  0.0000e+00 -0.0000e+00 -0.0000e+00  0.0000e+00  0.0000e+00 -0.0000e+00 -0.0000e+00
-1.9820e+01     0.0000e+00  0.0000e+00 -0.0000e+00 -0.0000e+00  0.0000e+00  0.0000e+00 -0.0000e+00 -0.0000e+00
-1.9775e+01     0.0000e+00  0.0000e+00 -0.0000e+00 -0.0000e+00  0.0000e+00  0.0000e+00 -0.0000e+00 -0.0000e+00
-1.9730e+01     0.0000e+00  0.0000e+00 -0.0000e+00 -0.0000e+00  0.0000e+00  0.0000e+00 -0.0000e+00 -0.0000e+00
-1.9685e+01     0.0000e+00  0.0000e+00 -0.0000e+00 -0.0000e+00  0.0000e+00  0.0000e+00 -0.0000e+00 -0.0000e+00
-1.9640e+01     0.0000e+00  0.0000e+00 -0.0000e+00 -0.0000e+00  0.0000e+00  0.0000e+00 -0.0000e+00 -0.0000e+00
-1.9595e+01     0.0000e+00  0.0000e+00 -0.0000e+00 -0.0000e+00  0.0000e+00  0.0000e+00 -0.0000e+00 -0.0000e+00
-1.9550e+01     0.0000e+00  0.0000e+00 -0.0000e+00 -0.0000e+00  0.0000e+00  0.0000e+00 -0.0000e+00 -0.0000e+00
-1.9505e+01     0.0000e+00  0.0000e+00 -0.0000e+00 -0.0000e+00  0.0000e+00  0.0000e+00 -0.0000e+00 -0.0000e+00
-1.9460e+01     0.0000e+00  0.0000e+00 -0.0000e+00 -0.0000e+00  0.0000e+00  0.0000e+00 -0.0000e+00 -0.0000e+00
-1.9415e+01     0.0000e+00  0.0000e+00 -0.0000e+00 -0.0000e+00  0.0000e+00  0.0000e+00 -0.0000e+00 -0.0000e+00
-1.9370e+01     0.0000e+00  0.0000e+00 -0.0000e+00 -0.0000e+00  0.0000e+00  0.0000e+00 -0.0000e+00 -0.0000e+00
-1.9325e+01     0.0000e+00  0.0000e+00 -0.0000e+00 -0.0000e+00  0.0000e+00  0.0000e+00 -0.0000e+00 -0.0000e+00
-1.9280e+01     0.0000e+00  0.0000e+00 -0.0000e+00 -0.0000e+00  0.0000e+00  0.0000e+00 -0.0000e+00 -0.0000e+00
-1.9235e+01     0.0000e+00  0.0000e+00 -0.0000e+00 -0.0000e+00  0.0000e+00  0.0000e+00 -0.0000e+00 -0.0000e+00
-1.9190e+01     0.0000e+00  0.0000e+00 -0.0000e+00 -0.0000e+00  0.0000e+00  0.0000e+00 -0.0000e+00 -0.0000e+00
-1.9145e+01     0.0000e+00  0.0000e+00 -0.0000e+00 -0.0000e+00  0.0000e+00  0.0000e+00 -0.0000e+00 -0.0000e+00
-1.9100e+01     0.0000e+00  0.0000e+00 -0.0000e+00 -0.0000e+00  0.0000e+00  0.0000e+00 -0.0000e+00 -0.0000e+00
-1.9055e+01     0.0000e+00  0.0000e+00 -0.0000e+00 -0.0000e+00  0.0000e+00  0.0000e+00 -0.0000e+00 -0.0000e+00
-1.9010e+01     0.0000e+00  0.0000e+00 -0.0000e+00 -0.0000e+00  0.0000e+00  0.0000e+00 -0.0000e+00 -0.0000e+00
-1.8965e+01     0.0000e+00  0.0000e+00 -0.0000e+00 -0.0000e+00  0.0000e+00  0.0000e+00 -0.0000e+00 -0.0000e+00
-1.8920e+01     0.0000e+00  0.0000e+00 -0.0000e+00 -0.0000e+00  0.0000e+00  0.0000e+00 -0.0000e+00 -0.0000e+00
-1.8875e+01     0.0000e+00  0.0000e+00 -0.0000e+00 -0.0000e+00  0.0000e+00  0.0000e+00 -0.0000e+00 -0.0000e+00
-1.8830e+01     0.0000e+00  0.0000e+00 -0.0000e+00 -0.0000e+00  0.0000e+00  0.0000e+00 -0.0000e+00 -0.0000e+00
-1.8785e+01     0.0000e+00  0.0000e+00 -0.0000e+00 -0.0000e+00  0.0000e+00  0.0000e+00 -0.0000e+00 -0.0000e+00
-1.8740e+01     0.0000e+00  0.0000e+00 -0.0000e+00 -0.0000e+00  0.0000e+00  0.0000e+00 -0.0000e+00 -0.0000e+00
-1.8695e+01     0.0000e+00  0.0000e+00 -0.0000e+00 -0.0000e+00  0.0000e+00  0.0000e+00 -0.0000e+00 -0.0000e+00
-1.8650e+01     0.0000e+00  0.0000e+00 -0.0000e+00 -0.0000e+00  0.0000e+00  0.0000e+00 -0.0000e+00 -0.0000e+00
-1.8605e+01     0.0000e+00  0.0000e+00 -0.0000e+00 -0.0000e+00  0.0000e+00  0.0000e+00 -0.0000e+00 -0.0000e+00
-1.8560e+01     0.0000e+00  0.0000e+00 -0.0000e+00 -0.0000e+00  0.0000e+00  0.0000e+00 -0.0000e+00 -0.0000e+00
-1.8515e+01     0.0000e+00  0.0000e+00 -0.0000e+00 -0.0000e+00  0.0000e+00  0.0000e+00 -0.0000e+00 -0.0000e+00
-1.8470e+01     0.0000e+00  0.0000e+00 -0.0000e+00 -0.0000e+00  0.0000e+00  0.0000e+00 -0.0000e+00 -0.0000e+00
-1.8425e+01     0.0000e+00  0.0000e+00 -0.0000e+00 -0.0000e+00  0.0000e+00  0.0000e+00 -0.0000e+00 -0.0000e+00
-1.8380e+01     0.0000e+00  0.0000e+00 -0.0000e+00 -0.0000e+00  0.0000e+00  0.0000e+00 -0.0000e+00 -0.0000e+00
-1.8335e+01     0.0000e+00  0.0000e+00 -0.0000e+00 -0.0000e+00  0.0000e+00  0.0000e+00 -0.0000e+00 -0.0000e+00
-1.8290e+01     0.0000e+00  0.0000e+00 -0.0000e+00 -0.0000e+00  0.0000e+00  0.0000e+00 -0.0000e+00 -0.0000e+00
-1.8245e+01     0.0000e+00  0.0000e+00 -0.0000e+00 -0.0000e+00  0.0000e+00  0.0000e+00 -0.0000e+00 -0.0000e+00
-1.8200e+01     0.0000e+00  0.0000e+00 -0.0000e+00 -0.0000e+00  0.0000e+00  0.0000e+00 -0.0000e+00 -0.0000e+00
-1.8155e+01     0.0000e+00  0.0000e+00 -0.0000e+00 -0.0000e+00  0.0000e+00  0.0000e+00 -0.0000e+00 -0.0000e+00
-1.8110e+01     0.0000e+00  0.0000e+00 -0.0000e+00 -0.0000e+00  0.0000e+00  0.0000e+00 -0.0000e+00 -0.0000e+00
-1.8065e+01     0.0000e+00  0.0000e+00 -0.0000e+00 -0.0000e+00  0.0000e+00  0.0000e+00 -0.0000e+00 -0.0000e+00
-1.8020e+01     0.0000e+00  0.0000e+00 -0.0000e+00 -0.0000e+00  0.0000e+00  0.0000e+00 -0.0000e+00 -0.0000e+00
-1.7975e+01     0.0000e+00  0.0000e+00 -0.0000e+00 -0.0000e+00  0.0000e+00  0.0000e+00 -0.0000e+00 -0.0000e+00
-1.7930e+01     0.0000e+00  0.0000e+00 -0.0000e+00 -0.0000e+00  0.0000e+00  0.0000e+00 -0.0000e+00 -0.0000e+00
-1.7885e+01     0.0000e+00  0.0000e+00 -0.0000e+00 -0.0000e+00  0.0000e+00  0.0000e+00 -0.0000e+00 -0.0000e+00
-1.7840e+01     0.0000e+00  0.0000e+00 -0.0000e+00 -0.0000e+00  0.0000e+00  0.0000e+00 -0.0000e+00 -0.0000e+00
-1.7795e+01     0.0000e+00  0.0000e+00 -0.0000e+00 -0.0000e+00  0.0000e+00  0.0000e+00 -0.0000e+00 -0.0000e+00
-1.7750e+01     0.0000e+00  0.0000e+00 -0.0000e+00 -0.0000e+00  0.0000e+00  0.0000e+00 -0.0000e+00 -0.0000e+00
-1.7705e+01     0.0000e+00  0.0000e+00 -0.0000e+00 -0.0000e+00  0.0000e+00  0.0000e+00 -0.0000e+00 -0.0000e+00
-1.7660e+01     0.0000e+00  0.0000e+00 -0.0000e+00 -0.0000e+00  0.0000e+00  0.0000e+00 -0.0000e+00 -0.0000e+00
-1.7615e+01     0.0000e+00  0.0000e+00 -0.0000e+00 -0.0000e+00  0.0000e+00  0.0000e+00 -0.0000e+00 -0.0000e+00
-1.7570e+01     0.0000e+00  0.0000e+00 -0.0000e+00 -0.0000e+00  0.0000e+00  0.0000e+00 -0.0000e+00 -0.0000e+00
-1.7525e+01     0.0000e+00  0.0000e+00 -0.0000e+00 -0.0000e+00  0.0000e+00  0.0000e+00 -0.0000e+00 -0.0000e+00
-1.7480e+01     0.0000e+00  0.0000e+00 -0.0000e+00 -0.0000e+00  0.0000e+00  0.0000e+00 -0.0000e+00 -0.0000e+00
-1.7435e+01     0.0000e+00  0.0000e+00 -0.0000e+00 -0.0000e+00  0.0000e+00  0.0000e+00 -0.0000e+00 -0.0000e+00
-1.7390e+01     0.0000e+00  0.0000e+00 -0.0000e+00 -0.0000e+00  0.0000e+00  0.0000e+00 -0.0000e+00 -0.0000e+00
-1.7345e+01     0.0000e+00  0.0000e+00 -0.0000e+00 -0.0000e+00  0.0000e+00  0.0000e+00 -0.0000e+00 -0.0000e+00
-1.7300e+01     0.0000e+00  0.0000e+00 -0.0000e+00 -0.0000e+00  0.0000e+00  0.0000e+00 -0.0000e+00 -0.0000e+00
-1.7255e+01     0.0000e+00  0.0000e+00 -0.0000e+00 -0.0000e+00  0.0000e+00  0.0000e+00 -0.0000e+00 -0.0000e+00
-1.7210e+01     0.0000e+00  0.0000e+00 -0.0000e+00 -0.0000e+00  0.0000e+00  0.0000e+00 -0.0000e+00 -0.0000e+00
-1.7165e+01     0.0000e+00  0.0000e+00 -0.0000e+00 -0.0000e+00  0.0000e+00  0.0000e+00 -0.0000e+00 -0.0000e+00
-1.7120e+01     0.0000e+00  0.0000e+00 -0.0000e+00 -0.0000e+00  0.0000e+00  0.0000e+00 -0.0000e+00 -0.0000e+00
-1.7075e+01     0.0000e+00  0.0000e+00 -0.0000e+00 -0.0000e+00  0.0000e+00  0.0000e+00 -0.0000e+00 -0.0000e+00
-1.7030e+01     0.0000e+00  0.0000e+00 -0.0000e+00 -0.0000e+00  0.0000e+00  0.0000e+00 -0.0000e+00 -0.0000e+00
-1.6985e+01     0.0000e+00  0.0000e+00 -0.0000e+00 -0.0000e+00  0.0000e+00  0.0000e+00 -0.0000e+00 -0.0000e+00
-1.6940e+01     0.0000e+00  0.0000e+00 -0.0000e+00 -0.0000e+00  0.0000e+00  0.0000e+00 -0.0000e+00 -0.0000e+00
-1.6895e+01     0.0000e+00  0.0000e+00 -0.0000e+00 -0.0000e+00  0.0000e+00  0.0000e+00 -0.0000e+00 -0.0000e+00
-1.6850e+01     0.0000e+00  0.0000e+00 -0.0000e+00 -0.0000e+00  0.0000e+00  0.0000e+00 -0.0000e+00 -0.0000e+00
-1.6805e+01     0.0000e+00  0.0000e+00 -0.0000e+00 -0.0000e+00  0.0000e+00  0.0000e+00 -0.0000e+00 -0.0000e+00
-1.6760e+01     0.0000e+00  0.0000e+00 -0.0000e+00 -0.0000e+00  0.0000e+00  0.0000e+00 -0.0000e+00 -0.0000e+00
-1.6715e+01     0.0000e+00  0.0000e+00 -0.0000e+00 -0.0000e+00  0.0000e+00  0.0000e+00 -0.0000e+00 -0.0000e+00
-1.6670e+01     0.0000e+00  0.0000e+00 -0.0000e+00 -0.0000e+00  0.0000e+00  0.0000e+00 -0.0000e+00 -0.0000e+00
-1.6625e+01     0.0000e+00  0.0000e+00 -0.0000e+00 -0.0000e+00  0.0000e+00  0.0000e+00 -0.0000e+00 -0.0000e+00
-1.6580e+01     0.0000e+00  0.0000e+00 -0.0000e+00 -0.0000e+00  0.0000e+00  0.0000e+00 -0.0000e+00 -0.0000e+00
-1.6535e+01     0.0000e+00  0.0000e+00 -0.0000e+00 -0.0000e+00  0.0000e+00  0.0000e+00 -0.0000e+00 -0.0000e+00
-1.6490e+01     0.0000e+00  0.0000e+00 -0.0000e+00 -0.0000e+00  0.0000e+00  0.0000e+00 -0.0000e+00 -0.0000e+00
-1.6445e+01     0.0000e+00  0.0000e+00 -0.0000e+00 -0.0000e+00  0.0000e+00  0.0000e+00 -0.0000e+00 -0.0000e+00
-1.6400e+01     0.0000e+00  0.0000e+00 -0.0000e+00 -0.0000e+00  0.0000e+00  0.0000e+00 -0.0000e+00 -0.0000e+00
-1.6355e+01     0.0000e+00  0.0000e+00 -0.0000e+00 -0.0000e+00  0.0000e+00  0.0000e+00 -0.0000e+00 -0.0000e+00
-1.6310e+01     0.0000e+00  0.0000e+00 -0.0000e+00 -0.0000e+00  0.0000e+00  0.0000e+00 -0.0000e+00 -0.0000e+00
-1.6265e+01     0.0000e+00  0.0000e+00 -0.0000e+00 -0.0000e+00  0.0000e+00  0.0000e+00 -0.0000e+00 -0.0000e+00
-1.6220e+01     0.0000e+00  0.0000e+00 -0.0000e+00 -0.0000e+00  0.0000e+00  0.0000e+00 -0.0000e+00 -0.0000e+00
-1.6175e+01     0.0000e+00  0.0000e+00 -0.0000e+00 -0.0000e+00  0.0000e+00  0.0000e+00 -0.0000e+00 -0.0000e+00
-1.6130e+01     0.0000e+00  0.0000e+00 -0.0000e+00 -0.0000e+00  0.0000e+00  0.0000e+00 -0.0000e+00 -0.0000e+00
-1.6085e+01     0.0000e+00  0.0000e+00 -0.0000e+00 -0.0000e+00  0.0000e+00  0.0000e+00 -0.0000e+00 -0.0000e+00
-1.6040e+01     0.0000e+00  0.0000e+00 -0.0000e+00 -0.0000e+00  0.0000e+00  0.0000e+00 -0.0000e+00 -0.0000e+00
-1.5995e+01     0.0000e+00  0.0000e+00 -0.0000e+00 -0.0000e+00  0.0000e+00  0.0000e+00 -0.0000e+00 -0.0000e+00
-1.5950e+01     0.0000e+00  0.0000e+00 -0.0000e+00 -0.0000e+00  0.0000e+00  0.0000e+00 -0.0000e+00 -0.0000e+00
-1.5905e+01     0.0000e+00  0.0000e+00 -0.0000e+00 -0.0000e+00  0.0000e+00  0.0000e+00 -0.0000e+00 -0.0000e+00
-1.5860e+01     0.0000e+00  0.0000e+00 -0.0000e+00 -0.0000e+00  0.0000e+00  0.0000e+00 -0.0000e+00 -0.0000e+00
-1.5815e+01     0.0000e+00  0.0000e+00 -0.0000e+00 -0.0000e+00  0.0000e+00  0.0000e+00 -0.0000e+00 -0.0000e+00
-1.5770e+01     0.0000e+00  0.0000e+00 -0.0000e+00 -0.0000e+00  0.0000e+00  0.0000e+00 -0.0000e+00 -0.0000e+00
-1.5725e+01     0.0000e+00  0.0000e+00 -0.0000e+00 -0.0000e+00  0.0000e+00  0.0000e+00 -0.0000e+00 -0.0000e+00
-1.5680e+01     0.0000e+00  0.0000e+00 -0.0000e+00 -0.0000e+00  0.0000e+00  0.0000e+00 -0.0000e+00 -0.0000e+00
-1.5635e+01     0.0000e+00  0.0000e+00 -0.0000e+00 -0.0000e+00  0.0000e+00  0.0000e+00 -0.0000e+00 -0.0000e+00
-1.5590e+01     0.0000e+00  0.0000e+00 -0.0000e+00 -0.0000e+00  0.0000e+00  0.0000e+00 -0.0000e+00 -0.0000e+00
-1.5545e+01     3.7027e+00  3.6478e-06 -3.3112e+00 -3.0555e+00  8.3171e-02  8.1940e-08 -7.4377e-02 -6.8634e-02
-1.5500e+01     2.6288e+00  2.2385e-06 -2.7526e+00 -2.7320e+00  2.2539e-01  2.1416e-07 -2.1059e-01 -1.9864e-01
-1.5455e+01     3.0985e+00  2.5896e-06 -3.0611e+00 -3.0848e+00  3.5404e-01  3.2262e-07 -3.4118e-01 -3.2930e-01
-1.5410e+01     2.9530e+00  2.0087e-06 -3.0218e+00 -3.0738e+00  4.8997e-01  4.2590e-07 -4.7781e-01 -4.6763e-01
-1.5365e+01     3.2667e+00  2.1892e-06 -3.3473e+00 -3.4305e+00  6.2968e-01  5.2020e-07 -6.2088e-01 -6.1374e-01
-1.5320e+01     3.3622e+00  2.2358e-06 -3.1354e+00 -3.2779e+00  7.7859e-01  6.1959e-07 -7.6650e-01 -7.6443e-01
-1.5275e+01     1.8715e+00  1.2715e-06 -1.9336e+00 -1.8837e+00  8.9615e-01  6.9838e-07 -8.8036e-01 -8.8037e-01
-1.5230e+01     2.6018e+00  2.0238e-06 -2.7168e+00 -1.2910e+00  9.9663e-01  7.7240e-07 -9.8482e-01 -9.5168e-01
-1.5185e+01     3.0061e+00  2.4265e-06 -3.1210e+00 -8.1799e-01  1.1226e+00  8.7237e-07 -1.1160e+00 -9.9905e-01
-1.5140e+01     4.0151e+00  3.5951e-06 -4.0276e+00 -2.0833e-01  1.2803e+00  1.0076e-06 -1.2765e+00 -1.0221e+00
-1.5095e+01     3.6299e+00  3.4102e-06 -3.5866e+00 -7.4053e-04  1.4520e+00  1.1650e-06 -1.4476e+00 -1.0268e+00
-1.5050e+01     3.8988e+00  3.3724e-06 -2.8485e+00 -5.8716e-04  1.6211e+00  1.3173e-06 -1.5921e+00 -1.0268e+00
-1.5005e+01     2.2105e+00  1.6209e-06 -2.2967e+00 -4.3729e-04  1.7584e+00  1.4295e-06 -1.7077e+00 -1.0269e+00
-1.4960e+01     2.3910e+00  2.2272e-06 -2.5629e+00 -3.4011e-04  1.8617e+00  1.5159e-06 -1.8168e+00 -1.0269e+00
-1.4915e+01     3.7514e+00  4.7023e-06 -4.8785e+00 -3.2357e-04  1.9997e+00  1.6716e-06 -1.9840e+00 -1.0269e+00
-1.4870e+01     7.8180e+00  1.3693e-05 -5.2810e+00 -2.8485e-04  2.2596e+00  2.0848e-06 -2.2122e+00 -1.0269e+00
-1.4825e+01     3.8645e+00  6.3190e-06 -8.8087e+00 -3.9848e-05  2.5220e+00  2.5343e-06 -2.5287e+00 -1.0269e+00
-1.4780e+01     1.8706e+01  4.5616e-05 -1.2723e+01 -5.6109e-05  3.0290e+00  3.7009e-06 -3.0124e+00 -1.0269e+00
-1.4735e+01     3.7717e+00  1.0405e-05 -3.4034e+00 -6.9728e-05  3.5339e+00  4.9593e-06 -3.3746e+00 -1.0269e+00
-1.4690e+01     7.3594e+00  2.8046e-05 -7.2467e+00 -1.3994e-04  3.7839e+00  5.8230e-06 -3.6138e+00 -1.0269e+00
-1.4645e+01     6.5931e+00  2.1699e-05 -8.0968e+00 -1.5883e-04  4.0973e+00  6.9404e-06 -3.9585e+00 -1.0269e+00
-1.4600e+01     5.3079e+00  1.2105e-05 -4.6252e+00 -3.9092e-05  4.3647e+00  7.6997e-06 -4.2443e+00 -1.0269e+00
-1.4555e+01     6.6113e+00  1.8618e-05 -9.0381e+00 -4.4793e-05  4.6324e+00  8.3898e-06 -4.5512e+00 -1.0269e+00
-1.4510e+01     1.5507e+01  3.9932e-05 -3.1092e+00 -1.4127e-05  5.1292e+00  9.7050e-06 -4.8240e+00 -1.0269e+00
-1.4465e+01     3.4918e+00  2.1153e-05 -1.1981e+01 -1.2699e-03  5.5560e+00  1.1077e-05 -5.1630e+00 -1.0270e+00
-1.4420e+01     1.1740e+01  4.8420e-05 -1.4882e+01 -1.4678e-03  5.8981e+00  1.2640e-05 -5.7664e+00 -1.0270e+00
-1.4375e+01     5.2752e+00  3.4467e-05 -1.4704e+01 -7.7238e-05  6.2803e+00  1.4502e-05 -6.4310e+00 -1.0271e+00
-1.4330e+01     6.5008e+00  5.3263e-05 -8.9184e+00 -2.2903e-05  6.5449e+00  1.6472e-05 -6.9616e+00 -1.0271e+00
-1.4285e+01     1.1566e+01  1.1735e-04 -1.0185e+01 -2.7999e-05  6.9507e+00  2.0305e-05 -7.3907e+00 -1.0271e+00
-1.4240e+01     8.0446e+00  9.5214e-05 -7.5716e+00 -2.2904e-05  7.3912e+00  2.5079e-05 -7.7895e+00 -1.0271e+00
-1.4195e+01     1.1686e+01  1.7508e-04 -1.1873e+01 -3.5279e-05  7.8344e+00  3.1151e-05 -8.2263e+00 -1.0271e+00
-1.4150e+01     8.5102e+00  1.0222e-04 -8.1224e+00 -2.3158e-05  8.2881e+00  3.7380e-05 -8.6755e+00 -1.0271e+00
-1.4105e+01     8.1111e+00  9.2746e-05 -1.4561e+01 -4.2354e-05  8.6614e+00  4.1759e-05 -9.1850e+00 -1.0271e+00
-1.4060e+01     5.7315e+00  6.4418e-05 -6.6982e+00 -3.0562e-05  8.9724e+00  4.5289e-05 -9.6625e+00 -1.0271e+00
-1.4015e+01     6.7252e+00  6.4696e-05 -9.4326e+00 -6.2129e-05  9.2522e+00  4.8190e-05 -1.0025e+01 -1.0271e+00
-1.3970e+01     1.3118e+01  1.3094e-04 -1.4162e+01 -1.0081e-04  9.6979e+00  5.2584e-05 -1.0555e+01 -1.0271e+00
-1.3925e+01     9.7495e+00  6.5913e-05 -9.6437e+00 -8.2038e-05  1.0212e+01  5.7006e-05 -1.1090e+01 -1.0271e+00
-1.3880e+01     1.1707e+01  7.1136e-05 -6.6423e+00 -6.8192e-05  1.0694e+01  6.0084e-05 -1.1455e+01 -1.0271e+00
-1.3835e+01     6.2462e-01  3.0582e-06 -9.0144e-01 -4.8901e-06  1.0971e+01  6.1751e-05 -1.1625e+01 -1.0271e+00
-1.3790e+01     1.7194e+01  6.2708e-05 -8.2605e+00 -4.3340e-05  1.1371e+01  6.3228e-05 -1.1831e+01 -1.0271e+00
-1.3745e+01     8.5215e+00  8.1091e-05 -1.4094e+01 -6.0820e-05  1.1948e+01  6.6458e-05 -1.2333e+01 -1.0271e+00
-1.3700e+01     1.5762e+01  7.3588e-05 -1.6259e+01  1.2427e-05  1.2494e+01  6.9933e-05 -1.3015e+01 -1.0271e+00
-1.3655e+01     9.3972e+00  4.9860e-05 -8.1416e+00  1.7742e-05  1.3059e+01  7.2706e-05 -1.3563e+01 -1.0271e+00
-1.3610e+01     7.4389e+00  3.9094e-05 -5.2451e+00 -3.8386e-05  1.3437e+01  7.4704e-05 -1.3863e+01 -1.0271e+00
-1.3565e+01     4.9203e+00  2.9260e-05 -5.2370e+00 -3.8231e-05  1.3715e+01  7.6239e-05 -1.4099e+01 -1.0271e+00
-1.3520e+01     1.0036e+01  6.8801e-05 -1.1173e+01 -4.3826e-05  1.4051e+01  7.8442e-05 -1.4467e+01 -1.0271e+00
-1.3475e+01     1.3363e+01  1.2786e-04 -1.0945e+01 -2.0302e-05  1.4576e+01  8.2859e-05 -1.4964e+01 -1.0271e+00
-1.3430e+01     6.3726e+00  7.5384e-05 -1.3724e+01 -3.1536e-05  1.5020e+01  8.7425e-05 -1.5518e+01 -1.0271e+00
-1.3385e+01     1.0629e+01  1.0172e-04 -1.3632e+01 -2.9956e-05  1.5402e+01  9.1403e-05 -1.6133e+01 -1.0271e+00
-1.3340e+01     1.3371e+01  1.2322e-04 -9.9879e+00 -7.2350e-06  1.5941e+01  9.6456e-05 -1.6664e+01 -1.0271e+00
-1.3295e+01     7.9733e+00  7.6916e-05 -8.8761e+00 -4.4718e-06  1.6420e+01  1.0095e-04 -1.7087e+01 -1.0271e+00
-1.3250e+01     1.0112e+01  9.9814e-05 -1.3608e+01 -1.4935e-05  1.6826e+01  1.0492e-04 -1.7592e+01 -1.0271e+00
-1.3205e+01     1.0490e+01  1.1441e-04 -1.0342e+01 -5.1882e-06  1.7289e+01  1.0973e-04 -1.8130e+01 -1.0271e+00
-1.3160e+01     1.2158e+01  1.5313e-04 -1.1662e+01 -1.4585e-05  1.7798e+01  1.1574e-04 -1.8625e+01 -1.0271e+00
-1.3115e+01     1.1421e+01  1.3412e-04 -1.0641e+01 -9.9230e-06  1.8328e+01  1.2219e-04 -1.9126e+01 -1.0271e+00
-1.3070e+01     1.1211e+01  1.3531e-04 -1.1165e+01 -1.2209e-05  1.8836e+01  1.2825e-04 -1.9615e+01 -1.0271e+00
-1.3025e+01     8.6904e+00  1.0639e-04 -8.6349e+00 -3.4521e-06  1.9283e+01  1.3368e-04 -2.0060e+01 -1.0271e+00
-1.2980e+01     1.1455e+01  1.3917e-04 -1.0658e+01 -4.6427e-06  1.9735e+01  1.3919e-04 -2.0494e+01 -1.0271e+00
-1.2935e+01     9.5824e+00  1.1942e-04 -9.2487e+00 -4.3722e-06  2.0208e+01  1.4500e-04 -2.0941e+01 -1.0271e+00
-1.2890e+01     9.0392e+00  1.1633e-04 -8.8274e+00 -4.5553e-06  2.0626e+01  1.5030e-04 -2.1347e+01 -1.0271e+00
-1.2845e+01     1.4911e+01  1.7879e-04 -1.0861e+01 -2.3601e-06  2.1164e+01  1.5693e-04 -2.1789e+01 -1.0271e+00
-1.2800e+01     1.1920e+01  2.5228e-04 -1.3016e+01 -1.8729e-05  2.1767e+01  1.6661e-04 -2.2325e+01 -1.0271e+00
-1.2755e+01     1.4024e+01  3.5262e-04 -1.7351e+01 -1.2427e-05  2.2350e+01  1.8020e-04 -2.3007e+01 -1.0271e+00
-1.2710e+01     4.3215e+00  1.4552e-04 -4.8061e+00 -9.8988e-06  2.2762e+01  1.9139e-04 -2.3505e+01 -1.0271e+00
-1.2665e+01     1.4592e+01  3.8393e-04 -8.1843e+00 -1.7299e-05  2.3187e+01  2.0328e-04 -2.3797e+01 -1.0271e+00
-1.2620e+01     1.5161e+01  3.6013e-04 -1.2264e+01 -5.9194e-06  2.3855e+01  2.1999e-04 -2.4256e+01 -1.0271e+00
-1.2575e+01     3.7686e+00  1.0920e-04 -4.0383e+00 -5.6503e-06  2.4280e+01  2.3053e-04 -2.4622e+01 -1.0271e+00
-1.2530e+01     1.1510e+01  3.8601e-04 -1.7439e+01 -3.3225e-05  2.4623e+01  2.4166e-04 -2.5105e+01 -1.0271e+00
-1.2485e+01     6.6966e+00  2.7366e-04 -4.9500e+00 -1.3386e-05  2.5032e+01  2.5648e-04 -2.5608e+01 -1.0271e+00
-1.2440e+01     4.5804e+00  2.3351e-04 -4.2194e+00 -3.5318e-06  2.5286e+01  2.6787e-04 -2.5814e+01 -1.0271e+00
-1.2395e+01     8.4644e+00  4.8246e-04 -9.2486e+00 -1.8114e-05  2.5579e+01  2.8395e-04 -2.6116e+01 -1.0271e+00
-1.2350e+01     1.0446e+01  7.3439e-04 -1.2998e+01 -3.1734e-05  2.6003e+01  3.1128e-04 -2.6616e+01 -1.0271e+00
-1.2305e+01     7.2515e+00  5.7293e-04 -6.6652e+00 -3.9092e-05  2.6401e+01  3.4065e-04 -2.7058e+01 -1.0271e+00
-1.2260e+01     7.9656e+00  8.3151e-04 -8.6118e+00 -3.2466e-05  2.6743e+01  3.7220e-04 -2.7401e+01 -1.0271e+00
-1.2215e+01     9.6267e+00  1.0814e-03 -1.0346e+01 -3.6590e-05  2.7138e+01  4.1517e-04 -2.7827e+01 -1.0271e+00
-1.2170e+01     1.3212e+01  1.7274e-03 -1.7220e+01 -9.8676e-05  2.7651e+01  4.7826e-04 -2.8446e+01 -1.0271e+00
-1.2125e+01     9.8992e+00  1.2562e-03 -1.2585e+01 -5.8117e-05  2.8170e+01  5.4528e-04 -2.9115e+01 -1.0271e+00
-1.2080e+01     1.5146e+01  2.3620e-03 -1.2267e+01 -3.1555e-05  2.8733e+01  6.2655e-04 -2.9674e+01 -1.0271e+00
-1.2035e+01     9.9411e+00  1.4785e-03 -1.6100e+01 -1.9116e-04  2.9296e+01  7.1282e-04 -3.0311e+01 -1.0271e+00
-1.1990e+01     1.5326e+01  3.4093e-03 -9.0348e+00 -2.7017e-05  2.9864e+01  8.2261e-04 -3.0875e+01 -1.0271e+00
-1.1945e+01     1.3100e+01  4.7015e-03 -9.8244e+00 -8.6768e-05  3.0502e+01  1.0048e-03 -3.1299e+01 -1.0271e+00
-1.1900e+01     1.0202e+01  5.3226e-03 -2.0282e+01 -1.9604e-04  3.1026e+01  1.2300e-03 -3.1975e+01 -1.0271e+00
-1.1855e+01     8.6593e+00  5.2016e-03 -8.6335e+00 -3.4393e-04  3.1449e+01  1.4664e-03 -3.2625e+01 -1.0272e+00
-1.1810e+01     9.4563e+00  5.6386e-03 -1.1549e+01 -3.2010e-04  3.1856e+01  1.7099e-03 -3.3078e+01 -1.0272e+00
-1.1765e+01     8.2359e+00  4.6339e-03 -1.5365e+01 -8.1711e-04  3.2254e+01  1.9406e-03 -3.3683e+01 -1.0272e+00
-1.1720e+01     2.0225e+01  1.1360e-02 -2.2271e+01 -1.0538e-03  3.2893e+01  2.2999e-03 -3.4528e+01 -1.0272e+00
-1.1675e+01     1.4149e+01  8.3568e-03 -1.8924e+01 -3.8218e-04  3.3665e+01  2.7428e-03 -3.5454e+01 -1.0273e+00
-1.1630e+01     1.5733e+01  6.6487e-03 -1.8271e+01 -1.6475e-04  3.4336e+01  3.0798e-03 -3.6289e+01 -1.0273e+00
-1.1585e+01     1.1546e+01  9.4941e-03 -9.7627e+00 -5.4101e-04  3.4949e+01  3.4424e-03 -3.6919e+01 -1.0273e+00
-1.1540e+01     1.8418e+01  2.7930e-02 -2.1656e+01 -3.6275e-04  3.5622e+01  4.2831e-03 -3.7625e+01 -1.0273e+00
-1.1495e+01     2.9075e+01  5.0530e-02 -2.3101e+01 -1.0618e-03  3.6689e+01  6.0455e-03 -3.8630e+01 -1.0273e+00
-1.1450e+01     2.7864e+01  6.3186e-02 -3.2414e+01 -2.9471e-03  3.7968e+01  8.5998e-03 -3.9877e+01 -1.0274e+00
-1.1405e+01     2.5423e+01  6.5312e-02 -2.9312e+01 -2.1572e-03  3.9165e+01  1.1486e-02 -4.1263e+01 -1.0276e+00
-1.1360e+01     2.0625e+01  6.7561e-02 -1.8134e+01 -2.2918e-03  4.0199e+01  1.4471e-02 -4.2329e+01 -1.0277e+00
-1.1315e+01     2.2924e+01  8.2871e-02 -2.5567e+01 -4.8900e-03  4.1178e+01  1.7850e-02 -4.3311e+01 -1.0278e+00
-1.1270e+01     2.1644e+01  8.1035e-02 -2.4711e+01 -6.0247e-03  4.2179e+01  2.1532e-02 -4.4440e+01 -1.0281e+00
-1.1225e+01     2.3706e+01  7.1924e-02 -2.8464e+01 -2.3499e-03  4.3197e+01  2.4968e-02 -4.5635e+01 -1.0282e+00
-1.1180e+01     1.4978e+01  4.1451e-02 -4.6249e+01 -4.6856e-03  4.4066e+01  2.7514e-02 -4.7313e+01 -1.0284e+00
-1.1135e+01     1.9422e+01  5.0440e-02 -2.5287e+01 -4.0454e-03  4.4839e+01  2.9578e-02 -4.8920e+01 -1.0286e+00
-1.1090e+01     3.6353e+01  9.6939e-02 -2.9378e+01 -4.5973e-03  4.6092e+01  3.2889e-02 -5.0148e+01 -1.0288e+00
-1.1045e+01     4.0334e+01  1.8312e-01 -2.7202e+01 -5.1028e-03  4.7814e+01  3.9180e-02 -5.1419e+01 -1.0290e+00
-1.1000e+01     3.6465e+01  1.8536e-01 -3.2199e+01 -4.3148e-03  4.9540e+01  4.7457e-02 -5.2753e+01 -1.0292e+00
-1.0955e+01     3.0290e+01  1.4701e-01 -4.5997e+00 -1.5126e-06  5.1039e+01  5.4923e-02 -5.3580e+01 -1.0293e+00
-1.0910e+01     1.4690e+01  9.6758e-02 -7.0598e+01 -2.1621e-02  5.2049e+01  6.0398e-02 -5.5269e+01 -1.0298e+00
-1.0865e+01     2.1900e+01  1.0849e-01 -3.7597e+01 -7.9787e-03  5.2871e+01  6.5009e-02 -5.7699e+01 -1.0305e+00
-1.0820e+01     3.5421e+01  1.3433e-01 -3.7274e+01 -4.5836e-03  5.4159e+01  7.0463e-02 -5.9381e+01 -1.0308e+00
-1.0775e+01     3.6222e+01  1.3068e-01 -2.5264e+01 -9.6860e-03  5.5768e+01  7.6416e-02 -6.0786e+01 -1.0311e+00
-1.0730e+01     5.1599e+01  2.1010e-01 -4.1721e+01 -1.0855e-02  5.7741e+01  8.4071e-02 -6.2290e+01 -1.0315e+00
-1.0685e+01     5.4204e+01  2.7796e-01 -4.1174e+01 -8.8371e-03  6.0118e+01  9.5034e-02 -6.4152e+01 -1.0320e+00
-1.0640e+01     4.8828e+01  2.1388e-01 -5.4660e+01 -8.8606e-03  6.2432e+01  1.0608e-01 -6.6305e+01 -1.0324e+00
-1.0595e+01     2.4944e+01  1.0047e-01 -3.7817e+01 -5.6580e-03  6.4089e+01  1.1314e-01 -6.8382e+01 -1.0327e+00
-1.0550e+01     4.0147e+01  1.7766e-01 -2.3946e+01 -3.4455e-03  6.5551e+01  1.1939e-01 -6.9770e+01 -1.0329e+00
-1.0505e+01     4.3252e+01  1.8432e-01 -5.9012e+01 -7.0853e-03  6.7424e+01  1.2752e-01 -7.1633e+01 -1.0331e+00
-1.0460e+01     3.0973e+01  1.6377e-01 -6.2590e+01 -1.8133e-02  6.9092e+01  1.3534e-01 -7.4365e+01 -1.0337e+00
-1.0415e+01     5.0632e+01  2.1638e-01 -4.2505e+01 -1.7333e-02  7.0925e+01  1.4388e-01 -7.6725e+01 -1.0345e+00
-1.0370e+01     4.3254e+01  2.2054e-01 -4.7620e+01 -8.9629e-03  7.3034e+01  1.5369e-01 -7.8750e+01 -1.0351e+00
-1.0325e+01     4.7735e+01  2.3695e-01 -2.7371e+01 -1.1519e-02  7.5078e+01  1.6397e-01 -8.0434e+01 -1.0356e+00
-1.0280e+01     2.6891e+01  1.4004e-01 -3.9157e+01 -1.1612e-02  7.6754e+01  1.7244e-01 -8.1929e+01 -1.0361e+00
-1.0235e+01     4.3040e+01  1.5656e-01 -4.0783e+01 -7.9467e-03  7.8325e+01  1.7910e-01 -8.3724e+01 -1.0365e+00
-1.0190e+01     4.3669e+01  2.0699e-01 -3.9042e+01 -1.3548e-02  8.0272e+01  1.8727e-01 -8.5517e+01 -1.0370e+00
-1.0145e+01     4.3747e+01  1.8537e-01 -3.6904e+01 -6.7206e-03  8.2236e+01  1.9608e-01 -8.7223e+01 -1.0375e+00
-1.0100e+01     4.4403e+01  1.4638e-01 -4.7516e+01 -1.4852e-02  8.4216e+01  2.0353e-01 -8.9120e+01 -1.0379e+00
-1.0055e+01     4.6025e+01  1.6390e-01 -4.8805e+01 -1.4410e-02  8.6247e+01  2.1050e-01 -9.1283e+01 -1.0386e+00
-1.0010e+01     4.4285e+01  1.4679e-01 -4.3317e+01 -5.6208e-03  8.8276e+01  2.1748e-01 -9.3352e+01 -1.0390e+00
-9.9650e+00     4.7116e+01  1.6594e-01 -4.6070e+01 -9.0058e-03  9.0329e+01  2.2451e-01 -9.5360e+01 -1.0394e+00
-9.9200e+00     3.7786e+01  1.5905e-01 -5.3067e+01 -1.1223e-02  9.2236e+01  2.3181e-01 -9.7587e+01 -1.0398e+00
-9.8750e+00     5.7536e+01  2.3295e-01 -5.4927e+01 -1.8347e+01  9.4377e+01  2.4061e-01 -1.0001e+02 -1.4522e+00
-9.8300e+00     4.0556e+01  1.7475e-01 -5.3820e+01 -2.1627e+01  9.6581e+01  2.4977e-01 -1.0246e+02 -2.3501e+00
-9.7850e+00     4.1676e+01  1.4809e-01 -4.7047e+01 -7.2851e+00  9.8428e+01  2.5702e-01 -1.0472e+02 -2.9996e+00
-9.7400e+00     4.3214e+01  1.3375e-01 -3.2818e+01 -6.7430e+00  1.0033e+02  2.6335e-01 -1.0652e+02 -3.3147e+00
-9.6950e+00     4.1168e+01  1.6075e-01 -5.0697e+01 -7.1548e-01  1.0223e+02  2.6997e-01 -1.0839e+02 -3.4822e+00
-9.6500e+00     4.6830e+01  1.5986e-01 -4.5682e+01 -5.1257e-01  1.0421e+02  2.7717e-01 -1.1056e+02 -3.5098e+00
-9.6050e+00     4.6698e+01  1.7879e-01 -5.5251e+01 -5.0004e-03  1.0631e+02  2.8478e-01 -1.1282e+02 -3.5214e+00
-9.5600e+00     3.7894e+01  1.3633e-01 -3.8568e+01 -1.6176e+00  1.0821e+02  2.9185e-01 -1.1493e+02 -3.5579e+00
-9.5150e+00     4.1544e+01  1.2928e-01 -3.1976e+01 -2.6513e-03  1.0999e+02  2.9782e-01 -1.1652e+02 -3.5943e+00
-9.4700e+00     3.4778e+01  1.3859e-01 -3.5621e+01 -8.8309e-03  1.1171e+02  3.0384e-01 -1.1803e+02 -3.5945e+00
-9.4250e+00     5.0879e+01  2.3174e-01 -4.3251e+01 -6.4864e-03  1.1363e+02  3.1216e-01 -1.1981e+02 -3.5949e+00
-9.3800e+00     6.2635e+01  2.8734e-01 -3.9871e+01 -7.0621e-03  1.1618e+02  3.2382e-01 -1.2167e+02 -3.5952e+00
-9.3350e+00     3.1786e+01  1.5459e-01 -5.3043e+01 -3.2313e-02  1.1830e+02  3.3374e-01 -1.2376e+02 -3.5961e+00
-9.2900e+00     4.1836e+01  1.6239e-01 -3.0682e+01 -1.1820e-02  1.1996e+02  3.4086e-01 -1.2564e+02 -3.5971e+00
-9.2450e+00     6.2557e+01  2.2670e-01 -5.5291e+01 -1.0093e-02  1.2230e+02  3.4960e-01 -1.2757e+02 -3.5976e+00
-9.2000e+00     4.3987e+01  1.8494e-01 -5.1956e+01 -1.3955e-02  1.2469e+02  3.5885e-01 -1.2998e+02 -3.5981e+00
-9.1550e+00     3.0908e+01  1.1940e-01 -4.9177e+01 -2.3594e-02  1.2638e+02  3.6569e-01 -1.3225e+02 -3.5989e+00
-9.1100e+00     3.3623e+01  1.1542e-01 -4.5618e+01 -1.0661e-02  1.2783e+02  3.7096e-01 -1.3438e+02 -3.5997e+00
-9.0650e+00     3.9140e+01  1.2639e-01 -3.4281e+01 -5.7246e-03  1.2946e+02  3.7639e-01 -1.3618e+02 -3.6001e+00
-9.0200e+00     5.7026e+01  1.7211e-01 -3.8786e+01 -1.3379e-03  1.3162e+02  3.8310e-01 -1.3782e+02 -3.6002e+00
-8.9750e+00     3.9126e+01  1.2284e-01 -6.4460e+01 -6.5521e-03  1.3378e+02  3.8972e-01 -1.4014e+02 -3.6004e+00
-8.9300e+00     4.0260e+01  1.3986e-01 -4.7720e+01 -1.1219e-02  1.3556e+02  3.9562e-01 -1.4266e+02 -3.6008e+00
-8.8850e+00     3.8140e+01  9.3684e-02 -3.3638e+01 -2.9635e-02  1.3732e+02  4.0087e-01 -1.4448e+02 -3.6017e+00
-8.8400e+00     5.4161e+01  1.4899e-01 -2.5429e+01 -6.3692e-03  1.3940e+02  4.0632e-01 -1.4581e+02 -3.6025e+00
-8.7950e+00     7.8220e+01  1.8134e-01 -3.2459e+01 -1.9938e-03  1.4237e+02  4.1374e-01 -1.4711e+02 -3.6027e+00
-8.7500e+00     7.4163e+01  2.1689e-01 -1.9854e+01 -2.0600e-02  1.4579e+02  4.2269e-01 -1.4829e+02 -3.6032e+00
-8.7050e+00     4.8581e+01  1.1672e-01 -4.6690e+01 -1.2831e-01  1.4855e+02  4.3018e-01 -1.4978e+02 -3.6066e+00
-8.6600e+00     4.4822e+01  1.2256e-01 -5.0137e+01 -1.7679e-02  1.5065e+02  4.3555e-01 -1.5196e+02 -3.6099e+00
-8.6150e+00     3.7495e+01  8.6823e-02 -5.3546e+01 -9.9252e-03  1.5250e+02  4.4026e-01 -1.5429e+02 -3.6105e+00
-8.5700e+00     7.1315e+01  1.5955e-01 -2.4694e+01 -2.4010e-02  1.5494e+02  4.4579e-01 -1.5604e+02 -3.6112e+00
-8.5250e+00     7.3281e+01  1.6787e-01 -2.3181e+01 -9.3928e-03  1.5819e+02  4.5315e-01 -1.5712e+02 -3.6120e+00
-8.4800e+00     4.5280e+01  9.5753e-02 -2.9189e+01 -3.6554e-01  1.6085e+02  4.5907e-01 -1.5829e+02 -3.6204e+00
-8.4350e+00     4.9449e+01  1.1348e-01 -4.7561e+01 -4.6455e-03  1.6298e+02  4.6377e-01 -1.6002e+02 -3.6287e+00
-8.3900e+00     4.9976e+01  1.1922e-01 -5.4335e+01 -5.6648e-03  1.6521e+02  4.6899e-01 -1.6231e+02 -3.6290e+00
-8.3450e+00     3.9984e+01  7.8134e-02 -5.7458e+01 -5.2148e-03  1.6724e+02  4.7343e-01 -1.6482e+02 -3.6292e+00
-8.3000e+00     3.8496e+01  7.0680e-02 -4.6169e+01 -2.1590e+01  1.6900e+02  4.7677e-01 -1.6715e+02 -4.1143e+00
-8.2550e+00     3.0976e+01  5.2491e-02 -6.0581e+01 -5.4456e+01  1.7056e+02  4.7954e-01 -1.6954e+02 -5.8225e+00
-8.2100e+00     3.9223e+01  7.8082e-02 -4.6064e+01 -9.0038e-03  1.7214e+02  4.8247e-01 -1.7194e+02 -7.0459e+00
-8.1650e+00     3.5814e+01  5.4246e-02 -4.5101e+01 -3.9229e-03  1.7382e+02  4.8544e-01 -1.7399e+02 -7.0462e+00
-8.1200e+00     2.8483e+01  4.5590e-02 -4.6012e+01 -1.9408e-03  1.7527e+02  4.8769e-01 -1.7603e+02 -7.0463e+00
-8.0750e+00     2.5725e+01  4.5187e-02 -5.0328e+01 -1.4646e-03  1.7648e+02  4.8972e-01 -1.7820e+02 -7.0464e+00
-8.0300e+00     3.2167e+01  4.7565e-02 -2.9343e+01 -1.4770e-03  1.7778e+02  4.9181e-01 -1.7999e+02 -7.0465e+00
-7.9850e+00     3.8377e+01  8.6378e-02 -4.1999e+01 -1.2730e-01  1.7937e+02  4.9482e-01 -1.8159e+02 -7.0494e+00
-7.9400e+00     2.9967e+01  5.9769e-02 -6.0970e+01 -2.8384e-02  1.8090e+02  4.9810e-01 -1.8390e+02 -7.0529e+00
-7.8950e+00     3.3855e+01  6.8451e-02 -4.3809e+01 -9.0453e-03  1.8234e+02  5.0098e-01 -1.8626e+02 -7.0537e+00
-7.8500e+00     3.3316e+01  7.0056e-02 -5.1481e+01 -4.6770e-03  1.8385e+02  5.0409e-01 -1.8840e+02 -7.0540e+00
-7.8050e+00     5.3214e+01  8.6992e-02 -6.4316e+01 -4.8292e-03  1.8579e+02  5.0762e-01 -1.9100e+02 -7.0542e+00
-7.7600e+00     4.9022e+01  8.6038e-02 -6.3416e+01 -6.7814e-03  1.8809e+02  5.1151e-01 -1.9387e+02 -7.0545e+00
-7.7150e+00     3.4789e+01  5.6511e-02 -5.3070e+01 -5.0843e-03  1.8997e+02  5.1471e-01 -1.9648e+02 -7.0548e+00
-7.6700e+00     6.1363e+01  9.7006e-02 -5.4893e+01 -4.0211e-03  1.9213e+02  5.1816e-01 -1.9891e+02 -7.0550e+00
-7.6250e+00     5.6401e+01  1.1605e-01 -4.9904e+01 -6.9812e-03  1.9477e+02  5.2294e-01 -2.0126e+02 -7.0552e+00
-7.5800e+00     3.3660e+01  4.1246e-02 -3.8590e+01 -1.8028e-03  1.9680e+02  5.2647e-01 -2.0325e+02 -7.0554e+00
-7.5350e+00     4.0796e+01  5.4628e-02 -5.2223e+01 -3.5635e-03  1.9847e+02  5.2863e-01 -2.0529e+02 -7.0555e+00
-7.4900e+00     3.9291e+01  5.8859e-02 -3.6664e+01 -3.2688e-03  2.0027e+02  5.3118e-01 -2.0729e+02 -7.0557e+00
-7.4450e+00     5.0447e+01  1.4277e-01 -4.6347e+01 -1.3986e-02  2.0228e+02  5.3571e-01 -2.0915e+02 -7.0561e+00
-7.4000e+00     6.1585e+01  1.6575e-01 -6.3786e+01 -1.1913e-02  2.0480e+02  5.4264e-01 -2.1163e+02 -7.0566e+00
-7.3550e+00     5.0706e+01  1.4561e-01 -6.4104e+01 -1.4393e-02  2.0732e+02  5.4963e-01 -2.1450e+02 -7.0572e+00
-7.3100e+00     2.0519e+01  5.6952e-02 -6.3891e+01 -2.6906e-03  2.0892e+02  5.5418e-01 -2.1737e+02 -7.0576e+00
-7.2650e+00     1.8663e+01  4.6385e-02 -4.6429e+01 -1.3192e-02  2.0980e+02  5.5650e-01 -2.1985e+02 -7.0580e+00
-7.2200e+00     3.3992e+01  6.7752e-02 -1.2997e+01 -9.1891e-05  2.1099e+02  5.5907e-01 -2.2119e+02 -7.0583e+00
-7.1750e+00     3.4507e+01  6.2265e-02 -4.4046e+01 -3.9178e-03  2.1252e+02  5.6199e-01 -2.2247e+02 -7.0584e+00
-7.1300e+00     4.4336e+01  9.4030e-02 -4.8215e+01 -5.9157e-03  2.1430e+02  5.6550e-01 -2.2454e+02 -7.0586e+00
-7.0850e+00     3.5718e+01  1.1266e-01 -4.1699e+01 -3.0089e-03  2.1609e+02  5.7014e-01 -2.2656e+02 -7.0588e+00
-7.0400e+00     4.0466e+01  8.5531e-02 -5.5557e+01 -7.4438e-03  2.1780e+02  5.7459e-01 -2.2874e+02 -7.0590e+00
-6.9950e+00     5.4603e+01  1.3341e-01 -5.2109e+01 -2.6205e-03  2.1994e+02  5.7951e-01 -2.3116e+02 -7.0592e+00
-6.9500e+00     3.3076e+01  5.1492e-02 -2.7504e+01 -3.5423e-03  2.2191e+02  5.8366e-01 -2.3295e+02 -7.0594e+00
-6.9050e+00     4.1929e+01  4.6287e-02 -3.3140e+01 -3.2837e-03  2.2359e+02  5.8586e-01 -2.3431e+02 -7.0595e+00
-6.8600e+00     3.4938e+01  3.8208e-02 -5.0448e+01 -5.1216e-03  2.2532e+02  5.8776e-01 -2.3619e+02 -7.0597e+00
-6.8150e+00     3.5187e+01  2.1393e-02 -3.6025e+01 -1.9213e-03  2.2690e+02  5.8910e-01 -2.3813e+02 -7.0599e+00
-6.7700e+00     2.0089e+01  1.2522e-02 -3.4623e+01 -1.8272e-03  2.2814e+02  5.8986e-01 -2.3972e+02 -7.0600e+00
-6.7250e+00     4.2049e+01  3.0913e-02 -3.9592e+01 -5.2525e-03  2.2953e+02  5.9083e-01 -2.4139e+02 -7.0601e+00
-6.6800e+00     5.0036e+01  3.0144e-02 -3.9391e+01 -8.9916e-04  2.3160e+02  5.9221e-01 -2.4316e+02 -7.0603e+00
-6.6350e+00     2.8958e+01  1.6782e-02 -2.7063e+01 -1.6065e-03  2.3338e+02  5.9326e-01 -2.4465e+02 -7.0603e+00
-6.5900e+00     3.3375e+01  2.8892e-02 -4.0034e+01 -9.4208e-04  2.3478e+02  5.9429e-01 -2.4616e+02 -7.0604e+00
-6.5450e+00     4.8459e+01  3.9881e-02 -5.5172e+01 -1.6105e-03  2.3661e+02  5.9583e-01 -2.4830e+02 -7.0604e+00
-6.5000e+00     4.8057e+01  5.2358e-02 -3.7515e+01 -1.9251e-03  2.3878e+02  5.9790e-01 -2.5038e+02 -7.0605e+00
-6.4550e+00     3.5371e+01  4.0774e-02 -3.7275e+01 -2.9244e-03  2.4066e+02  5.9999e-01 -2.5206e+02 -7.0606e+00
-6.4100e+00     3.8205e+01  3.6568e-02 -3.8171e+01 -1.5981e-03  2.4231e+02  6.0173e-01 -2.5376e+02 -7.0607e+00
-6.3650e+00     3.6375e+01  3.4653e-02 -5.4257e+01 -9.1338e-03  2.4398e+02  6.0333e-01 -2.5583e+02 -7.0610e+00
-6.3200e+00     4.8278e+01  3.1426e-02 -4.4649e+01 -1.0736e-03  2.4589e+02  6.0482e-01 -2.5805e+02 -7.0612e+00
-6.2750e+00     2.5294e+01  1.0188e-02 -3.4353e+01 -9.2168e-04  2.4754e+02  6.0575e-01 -2.5983e+02 -7.0612e+00
-6.2300e+00     2.1751e+01  5.7922e-03 -2.9657e+01 -3.6539e-04  2.4860e+02  6.0611e-01 -2.6127e+02 -7.0613e+00
-6.1850e+00     3.2121e+01  8.0261e-03 -2.2841e+01 -5.3278e-04  2.4981e+02  6.0642e-01 -2.6245e+02 -7.0613e+00
-6.1400e+00     1.9788e+01  3.7395e-03 -1.8996e+01 -1.2192e-04  2.5097e+02  6.0668e-01 -2.6339e+02 -7.0613e+00
-6.0950e+00     1.9032e+01  4.1696e-03 -2.3376e+01 -9.1122e-05  2.5184e+02  6.0686e-01 -2.6434e+02 -7.0613e+00
-6.0500e+00     1.7689e+01  2.5799e-03 -2.4118e+01 -2.2034e-04  2.5267e+02  6.0701e-01 -2.6540e+02 -7.0613e+00
-6.0050e+00     1.2670e+01  1.6144e-03 -2.6911e+01 -4.8799e-05  2.5335e+02  6.0711e-01 -2.6655e+02 -7.0613e+00
-5.9600e+00     2.2773e+01  2.3548e-03 -1.8286e+01 -1.4306e-04  2.5415e+02  6.0720e-01 -2.6757e+02 -7.0613e+00
-5.9150e+00     2.2377e+01  2.1558e-03 -1.3530e+01 -9.4213e-05  2.5516e+02  6.0730e-01 -2.6828e+02 -7.0613e+00
-5.8700e+00     2.2759e+01  1.7046e-03 -2.1467e+01 -1.3828e-04  2.5617e+02  6.0738e-01 -2.6907e+02 -7.0613e+00
-5.8250e+00     1.4269e+01  1.1404e-03 -1.3622e+01 -9.8218e-05  2.5701e+02  6.0745e-01 -2.6986e+02 -7.0613e+00
-5.7800e+00     1.4707e+01  1.5718e-03 -1.4986e+01 -6.5570e-05  2.5766e+02  6.0751e-01 -2.7050e+02 -7.0613e+00
-5.7350e+00     1.2967e+01  1.2774e-03 -1.0590e+01 -4.4677e-05  2.5828e+02  6.0757e-01 -2.7107e+02 -7.0614e+00
-5.6900e+00     1.4911e+01  1.3876e-03 -1.4683e+01 -1.2311e-04  2.5891e+02  6.0763e-01 -2.7164e+02 -7.0614e+00
-5.6450e+00     1.3175e+01  1.2211e-03 -1.2315e+01 -6.1413e-05  2.5954e+02  6.0769e-01 -2.7225e+02 -7.0614e+00
-5.6000e+00     1.3798e+01  1.7644e-03 -1.8359e+01 -1.0053e-04  2.6014e+02  6.0776e-01 -2.7294e+02 -7.0614e+00
-5.5550e+00     2.1892e+01  2.2008e-03 -2.0309e+01 -5.5896e-05  2.6094e+02  6.0785e-01 -2.7380e+02 -7.0614e+00
-5.5100e+00     1.2570e+01  1.2833e-03 -1.2210e+01 -2.1054e-05  2.6172e+02  6.0793e-01 -2.7453e+02 -7.0614e+00
-5.4650e+00     1.6442e+01  2.3604e-03 -1.8915e+01 -1.1195e-04  2.6237e+02  6.0801e-01 -2.7523e+02 -7.0614e+00
-5.4200e+00     1.6347e+01  1.7184e-03 -1.9038e+01 -9.8061e-05  2.6311e+02  6.0810e-01 -2.7609e+02 -7.0614e+00
-5.3750e+00     1.6920e+01  2.1832e-03 -1.6001e+01 -1.0803e-04  2.6385e+02  6.0819e-01 -2.7687e+02 -7.0614e+00
-5.3300e+00     2.1066e+01  3.0334e-03 -2.4570e+01 -2.1072e-04  2.6471e+02  6.0830e-01 -2.7778e+02 -7.0614e+00
-5.2850e+00     2.0079e+01  2.2820e-03 -2.0109e+01 -1.3214e-04  2.6563e+02  6.0842e-01 -2.7879e+02 -7.0614e+00
-5.2400e+00     1.7508e+01  1.7733e-03 -1.9106e+01 -1.5181e-04  2.6647e+02  6.0851e-01 -2.7967e+02 -7.0614e+00
-5.1950e+00     1.2213e+01  1.0122e-03 -1.4086e+01 -1.1859e-04  2.6714e+02  6.0858e-01 -2.8041e+02 -7.0614e+00
-5.1500e+00     1.3642e+01  1.6315e-03 -1.1330e+01 -9.3345e-05  2.6772e+02  6.0864e-01 -2.8099e+02 -7.0614e+00
-5.1050e+00     2.4319e+01  2.8359e-03 -2.9253e+01 -1.9723e-04  2.6858e+02  6.0874e-01 -2.8190e+02 -7.0614e+00
-5.0600e+00     1.7858e+01  1.9759e-03 -2.3144e+01 -1.0808e-04  2.6952e+02  6.0885e-01 -2.8307e+02 -7.0614e+00
-5.0150e+00     2.0126e+01  1.8751e-03 -3.8309e+01 -6.3859e-05  2.7038e+02  6.0893e-01 -2.8445e+02 -7.0614e+00
-4.9700e+00     2.2897e+01  2.4178e-03 -2.5537e+01 -4.0949e-05  2.7134e+02  6.0903e-01 -2.8589e+02 -7.0614e+00
-4.9250e+00     1.6987e+01  1.3177e-03 -1.6963e+01 -8.6316e-05  2.7224e+02  6.0911e-01 -2.8684e+02 -7.0614e+00
-4.8800e+00     1.1541e+01  9.9463e-04 -1.0415e+01 -3.1850e-05  2.7288e+02  6.0916e-01 -2.8746e+02 -7.0614e+00
-4.8350e+00     2.3482e+01  2.4756e-03 -3.4406e+01 -3.2999e-04  2.7367e+02  6.0924e-01 -2.8847e+02 -7.0614e+00
-4.7900e+00     1.0219e+01  1.1151e-03 -1.1156e+01 -1.2511e-04  2.7442e+02  6.0932e-01 -2.8949e+02 -7.0615e+00
-4.7450e+00     1.8199e+01  1.6945e-03 -2.3331e+01 -5.5063e-05  2.7506e+02  6.0939e-01 -2.9026e+02 -7.0615e+00
-4.7000e+00     1.6334e+01  1.1222e-03 -1.8257e+01 -2.9164e-05  2.7584e+02  6.0945e-01 -2.9120e+02 -7.0615e+00
-4.6550e+00     1.4150e+01  1.3227e-03 -1.6566e+01 -2.6604e-05  2.7652e+02  6.0950e-01 -2.9198e+02 -7.0615e+00
-4.6100e+00     2.7132e+01  2.9792e-03 -2.4474e+01 -9.4719e-05  2.7745e+02  6.0960e-01 -2.9290e+02 -7.0615e+00
-4.5650e+00     1.8635e+01  1.9035e-03 -1.7498e+01 -1.3910e-04  2.7848e+02  6.0971e-01 -2.9384e+02 -7.0615e+00
-4.5200e+00     1.9185e+01  1.9476e-03 -1.6591e+01 -1.5541e-04  2.7933e+02  6.0980e-01 -2.9461e+02 -7.0615e+00
-4.4750e+00     1.4127e+01  1.3816e-03 -1.3926e+01 -1.1098e-04  2.8008e+02  6.0987e-01 -2.9530e+02 -7.0615e+00
-4.4300e+00     1.7615e+01  1.6958e-03 -1.5287e+01 -1.3943e-04  2.8079e+02  6.0994e-01 -2.9595e+02 -7.0615e+00
-4.3850e+00     2.0554e+01  1.9726e-03 -1.8440e+01 -1.5310e-04  2.8165e+02  6.1002e-01 -2.9671e+02 -7.0615e+00
-4.3400e+00     1.8210e+01  1.7210e-03 -1.7634e+01 -1.3021e-04  2.8252e+02  6.1011e-01 -2.9752e+02 -7.0615e+00
-4.2950e+00     1.6077e+01  1.4601e-03 -1.6934e+01 -1.2915e-04  2.8329e+02  6.1018e-01 -2.9830e+02 -7.0615e+00
-4.2500e+00     1.9872e+01  1.6078e-03 -1.6005e+01 -5.9559e-05  2.8409e+02  6.1025e-01 -2.9904e+02 -7.0615e+00
-4.2050e+00     1.7189e+01  1.4283e-03 -1.6607e+01 -5.5788e-05  2.8493e+02  6.1031e-01 -2.9977e+02 -7.0615e+00
-4.1600e+00     1.4163e+01  1.2353e-03 -1.1824e+01 -8.8089e-05  2.8563e+02  6.1037e-01 -3.0041e+02 -7.0615e+00
-4.1150e+00     1.5348e+01  1.3270e-03 -1.5084e+01 -5.1890e-05  2.8629e+02  6.1043e-01 -3.0101e+02 -7.0615e+00
-4.0700e+00     2.0604e+01  1.4118e-03 -2.1753e+01 -6.3868e-05  2.8710e+02  6.1049e-01 -3.0184e+02 -7.0615e+00
-4.0250e+00     1.2124e+01  1.1538e-03 -1.0503e+01 -2.6647e-05  2.8784e+02  6.1055e-01 -3.0256e+02 -7.0615e+00
-3.9800e+00     1.3836e+01  1.2496e-03 -1.3822e+01 -5.5488e-05  2.8842e+02  6.1061e-01 -3.0311e+02 -7.0615e+00
-3.9350e+00     2.0180e+01  1.6744e-03 -2.1718e+01 -1.5045e-04  2.8918e+02  6.1067e-01 -3.0391e+02 -7.0615e+00
-3.8900e+00     1.2630e+01  1.2592e-03 -1.3071e+01 -1.1131e-04  2.8992e+02  6.1074e-01 -3.0469e+02 -7.0615e+00
-3.8450e+00     7.7990e+00  8.6132e-04 -8.5577e+00 -1.1221e-04  2.9038e+02  6.1078e-01 -3.0518e+02 -7.0615e+00
-3.8000e+00     1.2022e+01  1.2406e-03 -1.1224e+01 -3.8037e-05  2.9082e+02  6.1083e-01 -3.0562e+02 -7.0615e+00
-3.7550e+00     9.1036e+00  1.0971e-03 -8.4022e+00 -2.6020e-05  2.9130e+02  6.1088e-01 -3.0606e+02 -7.0615e+00
-3.7100e+00     1.1802e+01  1.8075e-03 -1.1846e+01 -5.7281e-05  2.9177e+02  6.1095e-01 -3.0652e+02 -7.0615e+00
-3.6650e+00     1.1686e+01  1.7426e-03 -1.1800e+01 -1.9550e-04  2.9230e+02  6.1103e-01 -3.0705e+02 -7.0616e+00
-3.6200e+00     1.4382e+01  4.3523e-03 -1.6233e+01 -4.9401e-04  2.9288e+02  6.1117e-01 -3.0768e+02 -7.0616e+00
-3.5750e+00     1.2686e+01  5.0360e-03 -1.1553e+01 -4.8183e-04  2.9349e+02  6.1138e-01 -3.0830e+02 -7.0616e+00
-3.5300e+00     1.1243e+01  5.2037e-03 -1.0952e+01 -5.9559e-04  2.9403e+02  6.1161e-01 -3.0881e+02 -7.0616e+00
-3.4850e+00     1.0415e+01  6.0198e-03 -9.8853e+00 -6.1821e-04  2.9451e+02  6.1186e-01 -3.0927e+02 -7.0616e+00
-3.4400e+00     1.2510e+01  9.9250e-03 -9.9664e+00 -2.4927e-04  2.9503e+02  6.1222e-01 -3.0972e+02 -7.0617e+00
-3.3950e+00     1.5189e+01  1.6762e-02 -1.4854e+01 -1.0691e-03  2.9565e+02  6.1282e-01 -3.1028e+02 -7.0617e+00
-3.3500e+00     8.2290e+00  9.5891e-03 -1.1075e+01 -6.3926e-04  2.9618e+02  6.1341e-01 -3.1086e+02 -7.0617e+00
-3.3050e+00     1.0895e+01  1.4138e-02 -9.3621e+00 -9.9392e-04  2.9661e+02  6.1394e-01 -3.1132e+02 -7.0618e+00
-3.2600e+00     1.0758e+01  1.4050e-02 -1.2015e+01 -7.2869e-04  2.9709e+02  6.1457e-01 -3.1180e+02 -7.0618e+00
-3.2150e+00     1.1281e+01  1.3853e-02 -1.1589e+01 -2.5458e-04  2.9759e+02  6.1520e-01 -3.1233e+02 -7.0618e+00
-3.1700e+00     1.4199e+01  1.6387e-02 -1.6044e+01 -3.3843e-04  2.9816e+02  6.1588e-01 -3.1295e+02 -7.0618e+00
-3.1250e+00     7.0148e+00  4.7904e-03 -8.0879e+00 -9.1202e-05  2.9864e+02  6.1636e-01 -3.1349e+02 -7.0619e+00
-3.0800e+00     9.6886e+00  5.1071e-03 -1.1131e+01 -5.7945e-04  2.9901e+02  6.1658e-01 -3.1392e+02 -7.0619e+00
-3.0350e+00     8.7442e+00  3.1085e-03 -9.2018e+00 -3.2401e-04  2.9943e+02  6.1676e-01 -3.1438e+02 -7.0619e+00
-2.9900e+00     3.8068e+00  1.2891e-03 -3.5177e+00 -1.0609e-04  2.9971e+02  6.1686e-01 -3.1467e+02 -7.0619e+00
-2.9450e+00     7.5617e+00  1.7868e-03 -9.3292e+00 -3.0862e-04  2.9996e+02  6.1693e-01 -3.1496e+02 -7.0619e+00
-2.9000e+00     4.1434e+00  9.1157e-04 -6.8509e+00 -8.6985e-05  3.0023e+02  6.1699e-01 -3.1532e+02 -7.0619e+00
-2.8550e+00     4.2463e+00  9.1326e-04 -5.3165e+00  6.3304e-05  3.0042e+02  6.1703e-01 -3.1559e+02 -7.0619e+00
-2.8100e+00     5.0311e+00  7.9189e-04 -2.3620e+01 -1.5282e-04  3.0062e+02  6.1707e-01 -3.1624e+02 -7.0619e+00
-2.7650e+00     6.4661e+00  7.5527e-04 -1.6558e+01 -2.5649e-05  3.0088e+02  6.1711e-01 -3.1714e+02 -7.0619e+00
-2.7200e+00     1.2837e+01  1.5572e-03 -8.6379e+00  3.6399e-06  3.0132e+02  6.1716e-01 -3.1771e+02 -7.0619e+00
-2.6750e+00     1.2843e+01  2.2681e-03 -4.1319e+00 -1.2976e-05  3.0189e+02  6.1724e-01 -3.1800e+02 -7.0619e+00
-2.6300e+00     1.0115e+01  1.4910e-03 -2.9355e+00 -2.5212e-05  3.0241e+02  6.1733e-01 -3.1816e+02 -7.0619e+00
-2.5850e+00     3.3748e+00  5.5673e-04 -2.3596e+00 -2.8713e-05  3.0271e+02  6.1737e-01 -3.1828e+02 -7.0619e+00
-2.5400e+00     1.6774e+00  3.0091e-04 -1.0107e+00 -1.8234e-05  3.0282e+02  6.1739e-01 -3.1835e+02 -7.0619e+00
-2.4950e+00     0.0000e+00  0.0000e+00 -0.0000e+00 -0.0000e+00  3.0286e+02  6.1740e-01 -3.1837e+02 -7.0619e+00
-2.4500e+00     0.0000e+00  0.0000e+00 -0.0000e+00 -0.0000e+00  3.0286e+02  6.1740e-01 -3.1837e+02 -7.0619e+00
-2.4050e+00     0.0000e+00  0.0000e+00 -0.0000e+00 -0.0000e+00  3.0286e+02  6.1740e-01 -3.1837e+02 -7.0619e+00
-2.3600e+00     0.0000e+00  0.0000e+00 -0.0000e+00 -0.0000e+00  3.0286e+02  6.1740e-01 -3.1837e+02 -7.0619e+00
-2.3150e+00     9.7366e+00  1.8714e-02 -4.2758e+01 -7.3106e-03  3.0308e+02  6.1782e-01 -3.1933e+02 -7.0621e+00
-2.2700e+00     1.5631e+00  1.5517e-02 -0.0000e+00 -0.0000e+00  3.0333e+02  6.1859e-01 -3.2029e+02 -7.0623e+00
-2.2250e+00     1.3713e+01  7.5467e-02 -2.8677e+00  3.7610e-07  3.0368e+02  6.2063e-01 -3.2036e+02 -7.0623e+00
-2.1800e+00     8.7817e-01  3.3280e-03 -1.5996e+01 -1.5488e-03  3.0401e+02  6.2240e-01 -3.2078e+02 -7.0623e+00
-2.1350e+00     3.7469e+01  8.0496e-02 -1.8634e+01 -1.9715e-03  3.0487e+02  6.2429e-01 -3.2156e+02 -7.0624e+00
-2.0900e+00     0.0000e+00  0.0000e+00 -9.6021e+00 -4.4872e-05  3.0571e+02  6.2609e-01 -3.2219e+02 -7.0624e+00
-2.0450e+00     2.2861e+01  4.3688e-02 -7.5912e+00 -2.0199e-03  3.0622e+02  6.2708e-01 -3.2258e+02 -7.0625e+00
-2.0000e+00     0.0000e+00  0.0000e+00 -0.0000e+00 -0.0000e+00  3.0674e+02  6.2806e-01 -3.2275e+02 -7.0625e+00
-1.9550e+00     2.5294e+01  4.6786e-02 -2.0019e+01 -1.8717e-03  3.0730e+02  6.2911e-01 -3.2320e+02 -7.0625e+00
-1.9100e+00     0.0000e+00  0.0000e+00 -1.2940e+01 -8.9005e-03  3.0787e+02  6.3016e-01 -3.2394e+02 -7.0628e+00
-1.8650e+00     2.8904e+01  1.2633e-01 -1.3740e+01 -1.9979e-03  3.0852e+02  6.3300e-01 -3.2454e+02 -7.0630e+00
-1.8200e+00     3.2701e+00  4.9338e-03 -1.1121e+01 -4.8839e-04  3.0924e+02  6.3595e-01 -3.2510e+02 -7.0631e+00
-1.7750e+00     0.0000e+00  0.0000e+00 -1.7175e+01 -1.4649e-02  3.0932e+02  6.3606e-01 -3.2573e+02 -7.0634e+00
-1.7300e+00     0.0000e+00  0.0000e+00 -1.3521e+00 -1.0914e-03  3.0932e+02  6.3606e-01 -3.2615e+02 -7.0638e+00
-1.6850e+00     0.0000e+00  0.0000e+00 -0.0000e+00 -0.0000e+00  3.0932e+02  6.3606e-01 -3.2618e+02 -7.0638e+00
-1.6400e+00     0.0000e+00  0.0000e+00 -1.4962e-01 -1.4520e-03  3.0932e+02  6.3606e-01 -3.2618e+02 -7.0638e+00
-1.5950e+00     0.0000e+00  0.0000e+00 -1.9499e+01 -1.3855e-02  3.0932e+02  6.3606e-01 -3.2663e+02 -7.0642e+00
-1.5500e+00     0.0000e+00  0.0000e+00 -5.3341e-01 -1.5426e-03  3.0932e+02  6.3606e-01 -3.2708e+02 -7.0645e+00
-1.5050e+00     2.9347e+01  1.5006e-01 -0.0000e+00 -0.0000e+00  3.0998e+02  6.3943e-01 -3.2709e+02 -7.0646e+00
-1.4600e+00     5.4664e+01  1.7326e+00 -0.0000e+00 -0.0000e+00  3.1186e+02  6.8172e-01 -3.2709e+02 -7.0646e+00
-1.4150e+00     0.0000e+00  0.0000e+00 -6.5934e+00  6.6339e-07  3.1309e+02  7.2064e-01 -3.2724e+02 -7.0646e+00
-1.3700e+00     9.1581e+00  4.0097e-02 -1.7217e+00  1.0415e-05  3.1330e+02  7.2154e-01 -3.2742e+02 -7.0646e+00
-1.3250e+00     3.0533e+01  1.5786e-01 -1.7860e+01 -1.6666e-02  3.1419e+02  7.2598e-01 -3.2786e+02 -7.0649e+00
-1.2800e+00     0.0000e+00  0.0000e+00 -0.0000e+00 -0.0000e+00  3.1487e+02  7.2953e-01 -3.2826e+02 -7.0653e+00
-1.2350e+00     0.0000e+00  0.0000e+00 -1.7467e+01 -2.0341e-02  3.1487e+02  7.2953e-01 -3.2866e+02 -7.0658e+00
-1.1900e+00     0.0000e+00  0.0000e+00 -1.2423e+01 -1.9123e-04  3.1487e+02  7.2953e-01 -3.2933e+02 -7.0662e+00
-1.1450e+00     0.0000e+00  0.0000e+00 -0.0000e+00 -0.0000e+00  3.1487e+02  7.2953e-01 -3.2961e+02 -7.0662e+00
-1.1000e+00     0.0000e+00  0.0000e+00 -0.0000e+00 -0.0000e+00  3.1487e+02  7.2953e-01 -3.2961e+02 -7.0662e+00
-1.0550e+00     0.0000e+00  0.0000e+00 -0.0000e+00 -0.0000e+00  3.1487e+02  7.2953e-01 -3.2961e+02 -7.0662e+00
-1.0100e+00     0.0000e+00  0.0000e+00 -0.0000e+00 -0.0000e+00  3.1487e+02  7.2953e-01 -3.2961e+02 -7.0662e+00
-9.6500e-01     0.0000e+00  0.0000e+00 -0.0000e+00 -0.0000e+00  3.1487e+02  7.2953e-01 -3.2961e+02 -7.0662e+00
-9.2000e-01     0.0000e+00  0.0000e+00 -0.0000e+00 -0.0000e+00  3.1487e+02  7.2953e-01 -3.2961e+02 -7.0662e+00
-8.7500e-01     0.0000e+00  0.0000e+00 -0.0000e+00 -0.0000e+00  3.1487e+02  7.2953e-01 -3.2961e+02 -7.0662e+00
-8.3000e-01     0.0000e+00  0.0000e+00 -0.0000e+00 -0.0000e+00  3.1487e+02  7.2953e-01 -3.2961e+02 -7.0662e+00
-7.8500e-01     0.0000e+00  0.0000e+00 -0.0000e+00 -0.0000e+00  3.1487e+02  7.2953e-01 -3.2961e+02 -7.0662e+00
-7.4000e-01     0.0000e+00  0.0000e+00 -0.0000e+00 -0.0000e+00  3.1487e+02  7.2953e-01 -3.2961e+02 -7.0662e+00
-6.9500e-01     0.0000e+00  0.0000e+00 -0.0000e+00 -0.0000e+00  3.1487e+02  7.2953e-01 -3.2961e+02 -7.0662e+00
-6.5000e-01     7.6065e-02  6.6748e-05 -0.0000e+00 -0.0000e+00  3.1488e+02  7.2953e-01 -3.2961e+02 -7.0662e+00
-6.0500e-01     5.2892e-01  4.9554e-04 -3.2555e-02 -1.3764e-04  3.1489e+02  7.2954e-01 -3.2961e+02 -7.0662e+00
-5.6000e-01     1.0745e+00  1.0575e-03 -4.6218e-01 -2.0281e-03  3.1493e+02  7.2958e-01 -3.2962e+02 -7.0663e+00
-5.1500e-01     1.9212e+00  3.7375e-03 -1.0050e+00 -4.2805e-03  3.1499e+02  7.2969e-01 -3.2965e+02 -7.0664e+00
-4.7000e-01     2.6699e+00  8.2217e-03 -2.3464e+00 -4.8616e-03  3.1510e+02  7.2996e-01 -3.2973e+02 -7.0666e+00
-4.2500e-01     6.3460e+00  2.8733e-02 -2.2373e+01 -6.1436e-03  3.1530e+02  7.3079e-01 -3.3028e+02 -7.0669e+00
-3.8000e-01     1.4129e+01  9.3786e-02 -5.0085e+00 -7.0417e-03  3.1576e+02  7.3354e-01 -3.3090e+02 -7.0672e+00
-3.3500e-01     4.2185e+00  4.0269e-02 -1.7622e+01 -6.4444e-02  3.1617e+02  7.3655e-01 -3.3141e+02 -7.0688e+00
-2.9000e-01     1.0756e+01  1.1436e-01 -1.8103e+01 -2.7430e-02  3.1651e+02  7.4002e-01 -3.3221e+02 -7.0708e+00
-2.4500e-01     1.3356e+01  2.5650e-01 -1.1668e+01 -7.9136e-03  3.1705e+02  7.4835e-01 -3.3288e+02 -7.0716e+00
-2.0000e-01     2.0136e+01  7.5135e-01 -2.0133e+01 -6.4574e-03  3.1780e+02  7.7099e-01 -3.3359e+02 -7.0720e+00
-1.5500e-01     1.9328e+01  7.2632e-01 -8.1176e+00 -1.0200e-02  3.1869e+02  8.0418e-01 -3.3423e+02 -7.0723e+00
-1.1000e-01     2.6360e+01  4.4452e-01 -1.6079e+01 -6.5146e-02  3.1971e+02  8.3048e-01 -3.3477e+02 -7.0740e+00
-6.5000e-02     1.6261e+01  3.0704e-01 -2.1006e+01 -3.5592e-02  3.2067e+02  8.4736e-01 -3.3560e+02 -7.0763e+00
-2.0000e-02     1.5502e+01  5.0688e-01 -1.8838e+01 -5.4211e-02  3.2138e+02  8.6565e-01 -3.3650e+02 -7.0783e+00
2.5000e-02     2.7414e+01  1.5611e+00 -2.1398e+01 -2.8753e-02  3.2235e+02  9.1210e-01 -3.3740e+02 -7.0802e+00
7.0000e-02     1.7205e+01  1.1010e+00 -7.2536e+00 -1.3262e-02  3.2335e+02  9.7190e-01 -3.3804e+02 -7.0811e+00
1.1500e-01     2.4605e+01  7.9345e-01 -1.8212e+01 -2.4353e-02  3.2429e+02  1.0145e+00 -3.3862e+02 -7.0820e+00
1.6000e-01     2.1819e+01  4.8169e-01 -2.1074e+01 -2.6832e-02  3.2533e+02  1.0431e+00 -3.3950e+02 -7.0831e+00
2.0500e-01     1.9477e+01  4.7922e-01 -2.2426e+01 -1.6214e-02  3.2626e+02  1.0647e+00 -3.4048e+02 -7.0841e+00
2.5000e-01     2.1183e+01  2.8750e-01 -2.4708e+01 -1.0355e-02  3.2717e+02  1.0819e+00 -3.4153e+02 -7.0847e+00
2.9500e-01     2.4300e+01  1.9600e-01 -3.2738e+01 -9.1048e-03  3.2820e+02  1.0928e+00 -3.4283e+02 -7.0851e+00
3.4000e-01     2.7755e+01  2.0648e-01 -2.7176e+01 -1.2449e-02  3.2937e+02  1.1018e+00 -3.4417e+02 -7.0856e+00
3.8500e-01     3.4180e+01  3.1289e-01 -2.3585e+01 -1.0656e-02  3.3076e+02  1.1135e+00 -3.4531e+02 -7.0861e+00
4.3000e-01     2.8782e+01  3.0300e-01 -2.8063e+01 -1.2680e-02  3.3217e+02  1.1273e+00 -3.4647e+02 -7.0866e+00
4.7500e-01     2.8561e+01  2.1709e-01 -2.6993e+01 -1.1053e-02  3.3346e+02  1.1390e+00 -3.4771e+02 -7.0872e+00
5.2000e-01     2.5955e+01  2.2469e-01 -3.0904e+01 -1.4054e-02  3.3468e+02  1.1489e+00 -3.4901e+02 -7.0877e+00
5.6500e-01     3.0678e+01  2.4373e-01 -3.0128e+01 -1.1328e-02  3.3596e+02  1.1594e+00 -3.5038e+02 -7.0883e+00
6.1000e-01     2.7779e+01  2.7041e-01 -2.4796e+01 -1.0234e-02  3.3727e+02  1.1710e+00 -3.5161e+02 -7.0888e+00
6.5500e-01     2.7852e+01  3.0673e-01 -2.7127e+01 -1.7089e-02  3.3852e+02  1.1839e+00 -3.5278e+02 -7.0894e+00
7.0000e-01     3.4671e+01  3.0655e-01 -3.2987e+01 -1.0805e-02  3.3992e+02  1.1977e+00 -3.5413e+02 -7.0900e+00
7.4500e-01     2.6165e+01  2.2123e-01 -3.0619e+01 -2.3274e-02  3.4129e+02  1.2096e+00 -3.5556e+02 -7.0908e+00
7.9000e-01     3.2292e+01  2.5466e-01 -2.9989e+01 -1.3082e-02  3.4260e+02  1.2203e+00 -3.5692e+02 -7.0916e+00
8.3500e-01     3.0089e+01  2.3570e-01 -2.9140e+01 -1.2706e-02  3.4400e+02  1.2313e+00 -3.5825e+02 -7.0922e+00
8.8000e-01     3.1327e+01  2.4435e-01 -2.6290e+01 -1.1281e-02  3.4538e+02  1.2421e+00 -3.5949e+02 -7.0927e+00
9.2500e-01     3.3574e+01  4.0849e-01 -2.5000e+01 -1.5490e-02  3.4684e+02  1.2567e+00 -3.6065e+02 -7.0933e+00
9.7000e-01     3.0722e+01  4.0607e-01 -2.9684e+01 -1.3035e-02  3.4828e+02  1.2750e+00 -3.6187e+02 -7.0940e+00
1.0150e+00     3.0847e+01  3.6568e-01 -3.5906e+01 -2.2389e-02  3.4967e+02  1.2924e+00 -3.6335e+02 -7.0948e+00
1.0600e+00     3.1709e+01  4.1855e-01 -3.4619e+01 -3.3475e-02  3.5107e+02  1.3100e+00 -3.6493e+02 -7.0960e+00
1.1050e+00     3.5493e+01  3.3078e-01 -3.2852e+01 -2.1309e-02  3.5258e+02  1.3268e+00 -3.6645e+02 -7.0973e+00
1.1500e+00     3.6719e+01  3.4644e-01 -3.5069e+01 -1.0344e-02  3.5420e+02  1.3420e+00 -3.6797e+02 -7.0980e+00
1.1950e+00     3.6549e+01  3.7738e-01 -3.3475e+01 -2.1801e-02  3.5585e+02  1.3583e+00 -3.6951e+02 -7.0987e+00
1.2400e+00     3.3465e+01  3.5437e-01 -3.4399e+01 -1.2598e-02  3.5742e+02  1.3747e+00 -3.7104e+02 -7.0995e+00
1.2850e+00     3.4574e+01  4.0082e-01 -4.7281e+01 -4.7468e-02  3.5895e+02  1.3917e+00 -3.7287e+02 -7.1008e+00
1.3300e+00     4.2944e+01  5.0453e-01 -4.0136e+01 -2.6678e-02  3.6069e+02  1.4120e+00 -3.7484e+02 -7.1025e+00
1.3750e+00     3.6699e+01  4.6245e-01 -4.5166e+01 -2.9163e-02  3.6248e+02  1.4337e+00 -3.7675e+02 -7.1037e+00
1.4200e+00     3.7304e+01  5.2157e-01 -4.6259e+01 -3.7983e-02  3.6414e+02  1.4558e+00 -3.7881e+02 -7.1052e+00
1.4650e+00     3.2623e+01  4.6316e-01 -4.4738e+01 -4.3551e-02  3.6571e+02  1.4780e+00 -3.8085e+02 -7.1071e+00
1.5100e+00     4.0688e+01  5.9883e-01 -3.7741e+01 -2.2713e-02  3.6736e+02  1.5018e+00 -3.8270e+02 -7.1086e+00
1.5550e+00     4.3421e+01  5.6558e-01 -4.8845e+01 -5.2780e-02  3.6925e+02  1.5280e+00 -3.8465e+02 -7.1103e+00
1.6000e+00     3.6934e+01  4.7526e-01 -4.1612e+01 -5.2743e-02  3.7106e+02  1.5514e+00 -3.8668e+02 -7.1126e+00
1.6450e+00     3.9588e+01  4.7565e-01 -3.5322e+01 -1.6227e-02  3.7277e+02  1.5727e+00 -3.8841e+02 -7.1142e+00
1.6900e+00     4.5587e+01  6.4812e-01 -4.4290e+01 -2.0056e-02  3.7469e+02  1.5980e+00 -3.9019e+02 -7.1150e+00
1.7350e+00     4.4105e+01  6.3664e-01 -4.4585e+01 -1.7032e-02  3.7670e+02  1.6268e+00 -3.9219e+02 -7.1158e+00
1.7800e+00     4.5900e+01  6.0474e-01 -3.7669e+01 -3.3831e-02  3.7872e+02  1.6547e+00 -3.9404e+02 -7.1170e+00
1.8250e+00     3.8576e+01  7.2280e-01 -3.2384e+01 -1.3287e-02  3.8062e+02  1.6845e+00 -3.9561e+02 -7.1180e+00
1.8700e+00     4.9624e+01  8.4922e-01 -4.3453e+01 -2.4242e-02  3.8260e+02  1.7198e+00 -3.9732e+02 -7.1189e+00
1.9150e+00     5.5789e+01  9.3210e-01 -3.6516e+01 -2.9034e-02  3.8497e+02  1.7598e+00 -3.9911e+02 -7.1201e+00
1.9600e+00     6.2432e+01  1.3319e+00 -3.1715e+01 -1.8651e-02  3.8763e+02  1.8107e+00 -4.0064e+02 -7.1211e+00
2.0050e+00     5.7587e+01  9.7248e-01 -3.4468e+01 -3.4944e-02  3.9032e+02  1.8625e+00 -4.0213e+02 -7.1223e+00
2.0500e+00     4.5331e+01  7.9157e-01 -4.1186e+01 -8.3693e-02  3.9263e+02  1.9021e+00 -4.0383e+02 -7.1250e+00
2.0950e+00     4.0623e+01  6.3163e-01 -5.0035e+01 -3.4527e-01  3.9457e+02  1.9341e+00 -4.0588e+02 -7.1346e+00
2.1400e+00     4.4779e+01  7.1328e-01 -4.3476e+01 -2.7959e-01  3.9648e+02  1.9643e+00 -4.0798e+02 -7.1487e+00
2.1850e+00     4.0559e+01  7.4073e-01 -3.7748e+01 -2.1347e-01  3.9840e+02  1.9969e+00 -4.0981e+02 -7.1598e+00
2.2300e+00     3.6251e+01  7.0697e-01 -4.4559e+01 -2.8879e-01  4.0013e+02  2.0294e+00 -4.1165e+02 -7.1710e+00
2.2750e+00     4.5742e+01  8.4173e-01 -4.8312e+01 -3.4779e-01  4.0197e+02  2.0642e+00 -4.1374e+02 -7.1853e+00
2.3200e+00     3.7812e+01  6.9194e-01 -4.4997e+01 -4.8706e-01  4.0384e+02  2.0987e+00 -4.1584e+02 -7.2041e+00
2.3650e+00     4.9104e+01  8.9377e-01 -5.0381e+01 -5.6650e-01  4.0580e+02  2.1343e+00 -4.1798e+02 -7.2277e+00
2.4100e+00     4.8421e+01  8.9072e-01 -4.6852e+01 -5.7589e-01  4.0799e+02  2.1744e+00 -4.2016e+02 -7.2534e+00
2.4550e+00     6.7062e+01  1.2385e+00 -4.3032e+01 -3.9225e-01  4.1058e+02  2.2222e+00 -4.2218e+02 -7.2752e+00
2.5000e+00     4.6745e+01  7.5487e-01 -4.5523e+01 -6.6043e-01  4.1314e+02  2.2670e+00 -4.2417e+02 -7.2988e+00
2.5450e+00     4.6399e+01  6.2458e-01 -5.4519e+01 -6.2758e-01  4.1523e+02  2.2980e+00 -4.2642e+02 -7.3277e+00
2.5900e+00     4.8331e+01  7.0276e-01 -4.4291e+01 -6.0144e-01  4.1736e+02  2.3278e+00 -4.2864e+02 -7.3553e+00
2.6350e+00     4.2364e+01  6.4581e-01 -4.0789e+01 -5.0227e-01  4.1940e+02  2.3581e+00 -4.3055e+02 -7.3801e+00
2.6800e+00     4.1675e+01  7.3455e-01 -4.8931e+01 -4.3506e-01  4.2128e+02  2.3891e+00 -4.3256e+02 -7.4012e+00
2.7250e+00     4.8913e+01  8.4100e-01 -4.1057e+01 -2.2921e-01  4.2332e+02  2.4245e+00 -4.3459e+02 -7.4161e+00
2.7700e+00     4.0334e+01  7.6598e-01 -4.1349e+01 -3.0877e-01  4.2532e+02  2.4606e+00 -4.3644e+02 -7.4282e+00
2.8150e+00     5.0468e+01  9.3482e-01 -5.0146e+01 -3.7646e-01  4.2736e+02  2.4988e+00 -4.3849e+02 -7.4436e+00
2.8600e+00     5.0600e+01  8.4069e-01 -4.5247e+01 -2.0352e-01  4.2963e+02  2.5387e+00 -4.4063e+02 -7.4566e+00
2.9050e+00     4.4175e+01  6.8861e-01 -4.7740e+01 -1.8001e-01  4.3176e+02  2.5730e+00 -4.4272e+02 -7.4652e+00
2.9500e+00     4.8782e+01  7.0084e-01 -4.4415e+01 -1.4147e-01  4.3385e+02  2.6042e+00 -4.4479e+02 -7.4725e+00
2.9950e+00     4.7662e+01  7.3676e-01 -4.5317e+01 -1.2107e-01  4.3602e+02  2.6365e+00 -4.4681e+02 -7.4783e+00
3.0400e+00     4.8904e+01  6.7915e-01 -4.1287e+01 -1.4550e-01  4.3818e+02  2.6683e+00 -4.4875e+02 -7.4843e+00
3.0850e+00     4.9545e+01  6.7229e-01 -5.0641e+01 -1.7721e-01  4.4040e+02  2.6987e+00 -4.5082e+02 -7.4916e+00
3.1300e+00     5.4329e+01  7.7730e-01 -5.0763e+01 -1.3160e-01  4.4273e+02  2.7312e+00 -4.5310e+02 -7.4985e+00
3.1750e+00     4.5087e+01  5.7854e-01 -4.9756e+01 -1.7464e-01  4.4496e+02  2.7617e+00 -4.5535e+02 -7.5054e+00
3.2200e+00     5.0517e+01  7.3488e-01 -4.2625e+01 -1.1778e-01  4.4711e+02  2.7912e+00 -4.5743e+02 -7.5120e+00
3.2650e+00     5.0089e+01  7.0804e-01 -4.7944e+01 -1.3087e-01  4.4937e+02  2.8236e+00 -4.5946e+02 -7.5176e+00
3.3100e+00     4.6163e+01  6.6502e-01 -4.6169e+01 -1.1071e-01  4.5153e+02  2.8545e+00 -4.6158e+02 -7.5230e+00
3.3550e+00     4.2008e+01  6.9429e-01 -4.1409e+01 -1.4652e-01  4.5351e+02  2.8850e+00 -4.6355e+02 -7.5288e+00
3.4000e+00     4.8571e+01  8.1311e-01 -4.8188e+01 -1.5111e-01  4.5555e+02  2.9188e+00 -4.6556e+02 -7.5354e+00
3.4450e+00     4.3590e+01  6.3267e-01 -4.7310e+01 -1.5707e-01  4.5762e+02  2.9513e+00 -4.6770e+02 -7.5424e+00
3.4900e+00     4.3376e+01  5.8352e-01 -4.0079e+01 -1.2418e-01  4.5957e+02  2.9786e+00 -4.6967e+02 -7.5487e+00
3.5350e+00     4.6933e+01  6.3588e-01 -4.3060e+01 -1.2244e-01  4.6160e+02  3.0060e+00 -4.7153e+02 -7.5542e+00
3.5800e+00     4.2225e+01  6.6659e-01 -4.3774e+01 -1.3924e-01  4.6360e+02  3.0353e+00 -4.7348e+02 -7.5601e+00
3.6250e+00     3.8854e+01  5.5892e-01 -4.0500e+01 -1.2031e-01  4.6542e+02  3.0628e+00 -4.7538e+02 -7.5659e+00
3.6700e+00     4.2974e+01  6.2856e-01 -4.1273e+01 -1.5372e-01  4.6726e+02  3.0895e+00 -4.7721e+02 -7.5721e+00
3.7150e+00     3.9869e+01  5.7951e-01 -4.2120e+01 -2.1059e-01  4.6912e+02  3.1166e+00 -4.7909e+02 -7.5803e+00
3.7600e+00     4.1889e+01  6.0575e-01 -4.3077e+01 -2.2056e-01  4.7096e+02  3.1433e+00 -4.8100e+02 -7.5900e+00
3.8050e+00     3.9962e+01  5.0829e-01 -4.0050e+01 -1.7767e-01  4.7280e+02  3.1683e+00 -4.8287e+02 -7.5989e+00
3.8500e+00     3.9152e+01  4.9690e-01 -4.2470e+01 -1.5433e-01  4.7457e+02  3.1909e+00 -4.8472e+02 -7.6064e+00
3.8950e+00     4.0110e+01  5.3936e-01 -3.9187e+01 -1.1417e-01  4.7635e+02  3.2141e+00 -4.8656e+02 -7.6124e+00
3.9400e+00     4.2199e+01  5.1682e-01 -4.2268e+01 -1.1299e-01  4.7820e+02  3.2379e+00 -4.8839e+02 -7.6175e+00
3.9850e+00     4.0208e+01  4.9388e-01 -4.1901e+01 -1.0557e-01  4.8005e+02  3.2606e+00 -4.9028e+02 -7.6224e+00
4.0300e+00     4.1306e+01  5.0637e-01 -3.9985e+01 -1.0082e-01  4.8189e+02  3.2830e+00 -4.9212e+02 -7.6270e+00
4.0750e+00     4.0075e+01  4.8870e-01 -3.8323e+01 -1.0046e-01  4.8371e+02  3.3054e+00 -4.9387e+02 -7.6316e+00
4.1200e+00     3.9474e+01  4.4803e-01 -3.6717e+01 -9.1919e-02  4.8550e+02  3.3264e+00 -4.9556e+02 -7.6359e+00
4.1650e+00     4.1292e+01  4.5706e-01 -3.8271e+01 -9.3964e-02  4.8731e+02  3.3468e+00 -4.9724e+02 -7.6401e+00
4.2100e+00     4.2877e+01  4.3351e-01 -3.9165e+01 -1.0663e-01  4.8921e+02  3.3668e+00 -4.9898e+02 -7.6446e+00
4.2550e+00     3.7584e+01  4.0618e-01 -4.0184e+01 -1.1486e-01  4.9101e+02  3.3856e+00 -5.0077e+02 -7.6495e+00
4.3000e+00     3.5894e+01  3.7584e-01 -3.5852e+01 -1.1736e-01  4.9266e+02  3.4032e+00 -5.0247e+02 -7.6548e+00
4.3450e+00     3.6234e+01  4.6194e-01 -3.9540e+01 -1.5114e-01  4.9428e+02  3.4220e+00 -5.0417e+02 -7.6608e+00
4.3900e+00     3.7420e+01  5.1776e-01 -3.9548e+01 -1.5901e-01  4.9594e+02  3.4440e+00 -5.0594e+02 -7.6678e+00
4.4350e+00     4.1891e+01  7.3746e-01 -4.0712e+01 -1.3358e-01  4.9772e+02  3.4722e+00 -5.0775e+02 -7.6743e+00
4.4800e+00     3.7758e+01  7.5967e-01 -3.5858e+01 -1.3823e-01  4.9951e+02  3.5058e+00 -5.0947e+02 -7.6804e+00
4.5250e+00     4.0870e+01  7.9065e-01 -3.9165e+01 -1.5459e-01  5.0127e+02  3.5407e+00 -5.1115e+02 -7.6870e+00
4.5700e+00     4.0171e+01  6.8650e-01 -4.1203e+01 -1.6742e-01  5.0310e+02  3.5738e+00 -5.1296e+02 -7.6942e+00
4.6150e+00     4.1377e+01  6.7392e-01 -3.8159e+01 -1.8951e-01  5.0493e+02  3.6044e+00 -5.1474e+02 -7.7023e+00
4.6600e+00     3.3772e+01  5.2163e-01 -3.7023e+01 -1.4993e-01  5.0662e+02  3.6313e+00 -5.1643e+02 -7.7099e+00
4.7050e+00     4.0458e+01  6.3776e-01 -3.8206e+01 -1.7563e-01  5.0828e+02  3.6573e+00 -5.1812e+02 -7.7172e+00
4.7500e+00     3.6654e+01  5.3461e-01 -3.9570e+01 -1.5052e-01  5.1001e+02  3.6836e+00 -5.1987e+02 -7.7245e+00
4.7950e+00     4.0261e+01  4.9148e-01 -4.1647e+01 -1.6646e-01  5.1174e+02  3.7067e+00 -5.2169e+02 -7.7316e+00
4.8400e+00     3.4614e+01  4.1515e-01 -4.3844e+01 -1.5519e-01  5.1342e+02  3.7270e+00 -5.2361e+02 -7.7389e+00
4.8850e+00     4.2492e+01  4.9347e-01 -4.2491e+01 -1.4866e-01  5.1516e+02  3.7475e+00 -5.2555e+02 -7.7457e+00
4.9300e+00     4.4772e+01  5.4135e-01 -4.0292e+01 -1.3135e-01  5.1712e+02  3.7707e+00 -5.2741e+02 -7.7520e+00
4.9750e+00     3.9423e+01  4.5152e-01 -3.9705e+01 -1.3088e-01  5.1901e+02  3.7930e+00 -5.2921e+02 -7.7579e+00
5.0200e+00     3.6286e+01  4.0118e-01 -3.0999e+01 -7.8055e-02  5.2071e+02  3.8122e+00 -5.3079e+02 -7.7626e+00
5.0650e+00     3.3533e+01  3.5903e-01 -4.0434e+01 -1.1308e-01  5.2228e+02  3.8292e+00 -5.3240e+02 -7.7669e+00
5.1100e+00     3.6042e+01  4.5795e-01 -3.9831e+01 -1.1153e-01  5.2384e+02  3.8476e+00 -5.3420e+02 -7.7719e+00
5.1550e+00     3.8981e+01  5.3610e-01 -3.3029e+01 -7.5651e-02  5.2552e+02  3.8699e+00 -5.3584e+02 -7.7761e+00
5.2000e+00     3.0843e+01  4.0014e-01 -4.1406e+01 -1.1572e-01  5.2709e+02  3.8909e+00 -5.3751e+02 -7.7804e+00
5.2450e+00     4.7005e+01  5.7872e-01 -4.1918e+01 -1.3369e-01  5.2884e+02  3.9129e+00 -5.3938e+02 -7.7860e+00
5.2900e+00     4.4412e+01  5.0763e-01 -3.3888e+01 -1.0654e-01  5.3090e+02  3.9373e+00 -5.4109e+02 -7.7914e+00
5.3350e+00     3.9675e+01  4.4544e-01 -3.3937e+01 -1.2008e-01  5.3278e+02  3.9587e+00 -5.4261e+02 -7.7965e+00
5.3800e+00     3.3455e+01  4.5032e-01 -2.5862e+01 -8.9232e-02  5.3443e+02  3.9789e+00 -5.4395e+02 -7.8012e+00
5.4250e+00     3.5197e+01  4.4382e-01 -3.6946e+01 -1.2422e-01  5.3597e+02  3.9989e+00 -5.4536e+02 -7.8060e+00
5.4700e+00     3.4478e+01  5.2383e-01 -3.2045e+01 -8.4508e-02  5.3753e+02  4.0207e+00 -5.4691e+02 -7.8107e+00
5.5150e+00     3.2522e+01  3.8184e-01 -2.9720e+01 -9.3074e-02  5.3904e+02  4.0410e+00 -5.4830e+02 -7.8147e+00
5.5600e+00     3.4447e+01  4.1349e-01 -4.0448e+01 -1.0110e-01  5.4054e+02  4.0589e+00 -5.4988e+02 -7.8190e+00
5.6050e+00     3.8912e+01  6.2746e-01 -3.7171e+01 -9.2146e-02  5.4219e+02  4.0823e+00 -5.5162e+02 -7.8234e+00
5.6500e+00     2.9618e+01  4.5748e-01 -3.1750e+01 -8.2659e-02  5.4373e+02  4.1066e+00 -5.5317e+02 -7.8273e+00
5.6950e+00     2.8909e+01  5.2247e-01 -3.3369e+01 -1.0391e-01  5.4505e+02  4.1287e+00 -5.5463e+02 -7.8315e+00
5.7400e+00     2.7985e+01  4.8338e-01 -3.2650e+01 -8.3526e-02  5.4632e+02  4.1512e+00 -5.5611e+02 -7.8357e+00
5.7850e+00     3.2790e+01  7.3430e-01 -4.0586e+01 -1.1169e-01  5.4769e+02  4.1786e+00 -5.5776e+02 -7.8401e+00
5.8300e+00     2.6606e+01  5.3083e-01 -2.5217e+01 -6.7984e-02  5.4902e+02  4.2070e+00 -5.5924e+02 -7.8441e+00
5.8750e+00     3.9015e+01  7.4698e-01 -3.3511e+01 -1.0325e-01  5.5050e+02  4.2357e+00 -5.6056e+02 -7.8480e+00
5.9200e+00     2.7281e+01  6.3722e-01 -3.0718e+01 -9.5484e-02  5.5199e+02  4.2668e+00 -5.6200e+02 -7.8524e+00
5.9650e+00     3.6241e+01  8.3505e-01 -3.0715e+01 -9.0151e-02  5.5341e+02  4.2999e+00 -5.6338e+02 -7.8566e+00
6.0100e+00     3.6943e+01  9.1588e-01 -3.4763e+01 -1.0721e-01  5.5506e+02  4.3392e+00 -5.6485e+02 -7.8610e+00
6.0550e+00     3.3563e+01  5.9291e-01 -3.3295e+01 -8.0549e-02  5.5664e+02  4.3731e+00 -5.6638e+02 -7.8653e+00
6.1000e+00     3.2051e+01  5.6623e-01 -3.0042e+01 -7.1406e-02  5.5811e+02  4.3991e+00 -5.6780e+02 -7.8687e+00
6.1450e+00     2.7805e+01  4.4400e-01 -3.1249e+01 -7.5673e-02  5.5946e+02  4.4218e+00 -5.6918e+02 -7.8720e+00
6.1900e+00     2.8401e+01  3.6649e-01 -3.1782e+01 -7.2044e-02  5.6072e+02  4.4400e+00 -5.7059e+02 -7.8753e+00
6.2350e+00     3.2544e+01  3.9655e-01 -3.1149e+01 -7.4373e-02  5.6209e+02  4.4572e+00 -5.7201e+02 -7.8786e+00
6.2800e+00     3.4376e+01  4.0569e-01 -2.8025e+01 -6.2966e-02  5.6359e+02  4.4752e+00 -5.7334e+02 -7.8817e+00
6.3250e+00     2.8133e+01  2.8039e-01 -2.9184e+01 -6.4105e-02  5.6500e+02  4.4906e+00 -5.7462e+02 -7.8845e+00
6.3700e+00     2.8726e+01  2.7344e-01 -3.0817e+01 -7.4581e-02  5.6627e+02  4.5031e+00 -5.7597e+02 -7.8876e+00
6.4150e+00     3.1595e+01  3.3579e-01 -3.0800e+01 -6.4947e-02  5.6763e+02  4.5167e+00 -5.7735e+02 -7.8908e+00
6.4600e+00     2.8228e+01  2.5983e-01 -2.9606e+01 -5.7336e-02  5.6897e+02  4.5301e+00 -5.7871e+02 -7.8935e+00
6.5050e+00     2.6493e+01  2.3527e-01 -3.1330e+01 -5.8451e-02  5.7020e+02  4.5412e+00 -5.8008e+02 -7.8961e+00
6.5500e+00     2.7838e+01  2.3605e-01 -2.8593e+01 -5.7418e-02  5.7142e+02  4.5518e+00 -5.8143e+02 -7.8987e+00
6.5950e+00     2.8967e+01  2.4098e-01 -2.7623e+01 -4.8719e-02  5.7270e+02  4.5625e+00 -5.8269e+02 -7.9011e+00
6.6400e+00     2.6810e+01  2.1723e-01 -2.8689e+01 -5.2779e-02  5.7395e+02  4.5728e+00 -5.8395e+02 -7.9034e+00
6.6850e+00     2.8617e+01  2.2772e-01 -3.1813e+01 -6.0723e-02  5.7520e+02  4.5828e+00 -5.8531e+02 -7.9059e+00
6.7300e+00     2.9139e+01  2.2248e-01 -2.8397e+01 -5.1917e-02  5.7649e+02  4.5929e+00 -5.8666e+02 -7.9085e+00
6.7750e+00     2.7224e+01  2.0540e-01 -2.8569e+01 -5.0876e-02  5.7776e+02  4.6026e+00 -5.8794e+02 -7.9108e+00
6.8200e+00     2.8948e+01  2.1277e-01 -2.7207e+01 -4.8260e-02  5.7902e+02  4.6119e+00 -5.8920e+02 -7.9130e+00
6.8650e+00     2.6680e+01  2.0002e-01 -2.5657e+01 -4.4730e-02  5.8027e+02  4.6212e+00 -5.9038e+02 -7.9151e+00
6.9100e+00     2.7824e+01  2.1411e-01 -2.4841e+01 -4.0847e-02  5.8150e+02  4.6305e+00 -5.9152e+02 -7.9170e+00
6.9550e+00     2.3965e+01  1.7470e-01 -2.4948e+01 -4.3009e-02  5.8266e+02  4.6393e+00 -5.9264e+02 -7.9189e+00
