-1.7000e+01     0.0000e+00  0.0000e+00 -0.0000e+00 -0.0000e+00  0.0000e+00  0.0000e+00 -0.0000e+00 -0.0000e+00
-1.6962e+01     0.0000e+00  0.0000e+00 -0.0000e+00 -0.0000e+00  0.0000e+00  0.0000e+00 -0.0000e+00 -0.0000e+00
-1.6923e+01     0.0000e+00  0.0000e+00 -0.0000e+00 -0.0000e+00  0.0000e+00  0.0000e+00 -0.0000e+00 -0.0000e+00
-1.6885e+01     0.0000e+00  0.0000e+00 -0.0000e+00 -0.0000e+00  0.0000e+00  0.0000e+00 -0.0000e+00 -0.0000e+00
-1.6847e+01     0.0000e+00  0.0000e+00 -0.0000e+00 -0.0000e+00  0.0000e+00  0.0000e+00 -0.0000e+00 -0.0000e+00
-1.6808e+01     0.0000e+00  0.0000e+00 -0.0000e+00 -0.0000e+00  0.0000e+00  0.0000e+00 -0.0000e+00 -0.0000e+00
-1.6770e+01     0.0000e+00  0.0000e+00 -0.0000e+00 -0.0000e+00  0.0000e+00  0.0000e+00 -0.0000e+00 -0.0000e+00
-1.6732e+01     0.0000e+00  0.0000e+00 -0.0000e+00 -0.0000e+00  0.0000e+00  0.0000e+00 -0.0000e+00 -0.0000e+00
-1.6693e+01     0.0000e+00  0.0000e+00 -0.0000e+00 -0.0000e+00  0.0000e+00  0.0000e+00 -0.0000e+00 -0.0000e+00
-1.6655e+01     0.0000e+00  0.0000e+00 -0.0000e+00 -0.0000e+00  0.0000e+00  0.0000e+00 -0.0000e+00 -0.0000e+00
-1.6617e+01     0.0000e+00  0.0000e+00 -0.0000e+00 -0.0000e+00  0.0000e+00  0.0000e+00 -0.0000e+00 -0.0000e+00
-1.6578e+01     0.0000e+00  0.0000e+00 -0.0000e+00 -0.0000e+00  0.0000e+00  0.0000e+00 -0.0000e+00 -0.0000e+00
-1.6540e+01     0.0000e+00  0.0000e+00 -0.0000e+00 -0.0000e+00  0.0000e+00  0.0000e+00 -0.0000e+00 -0.0000e+00
-1.6502e+01     0.0000e+00  0.0000e+00 -0.0000e+00 -0.0000e+00  0.0000e+00  0.0000e+00 -0.0000e+00 -0.0000e+00
-1.6463e+01     0.0000e+00  0.0000e+00 -0.0000e+00 -0.0000e+00  0.0000e+00  0.0000e+00 -0.0000e+00 -0.0000e+00
-1.6425e+01     0.0000e+00  0.0000e+00 -0.0000e+00 -0.0000e+00  0.0000e+00  0.0000e+00 -0.0000e+00 -0.0000e+00
-1.6387e+01     0.0000e+00  0.0000e+00 -0.0000e+00 -0.0000e+00  0.0000e+00  0.0000e+00 -0.0000e+00 -0.0000e+00
-1.6348e+01     0.0000e+00  0.0000e+00 -0.0000e+00 -0.0000e+00  0.0000e+00  0.0000e+00 -0.0000e+00 -0.0000e+00
-1.6310e+01     0.0000e+00  0.0000e+00 -0.0000e+00 -0.0000e+00  0.0000e+00  0.0000e+00 -0.0000e+00 -0.0000e+00
-1.6272e+01     0.0000e+00  0.0000e+00 -0.0000e+00 -0.0000e+00  0.0000e+00  0.0000e+00 -0.0000e+00 -0.0000e+00
-1.6233e+01     0.0000e+00  0.0000e+00 -0.0000e+00 -0.0000e+00  0.0000e+00  0.0000e+00 -0.0000e+00 -0.0000e+00
-1.6195e+01     0.0000e+00  0.0000e+00 -0.0000e+00 -0.0000e+00  0.0000e+00  0.0000e+00 -0.0000e+00 -0.0000e+00
-1.6157e+01     0.0000e+00  0.0000e+00 -0.0000e+00 -0.0000e+00  0.0000e+00  0.0000e+00 -0.0000e+00 -0.0000e+00
-1.6118e+01     0.0000e+00  0.0000e+00 -0.0000e+00 -0.0000e+00  0.0000e+00  0.0000e+00 -0.0000e+00 -0.0000e+00
-1.6080e+01     0.0000e+00  0.0000e+00 -0.0000e+00 -0.0000e+00  0.0000e+00  0.0000e+00 -0.0000e+00 -0.0000e+00
-1.6042e+01     0.0000e+00  0.0000e+00 -0.0000e+00 -0.0000e+00  0.0000e+00  0.0000e+00 -0.0000e+00 -0.0000e+00
-1.6003e+01     0.0000e+00  0.0000e+00 -0.0000e+00 -0.0000e+00  0.0000e+00  0.0000e+00 -0.0000e+00 -0.0000e+00
-1.5965e+01     0.0000e+00  0.0000e+00 -0.0000e+00 -0.0000e+00  0.0000e+00  0.0000e+00 -0.0000e+00 -0.0000e+00
-1.5927e+01     0.0000e+00  0.0000e+00 -0.0000e+00 -0.0000e+00  0.0000e+00  0.0000e+00 -0.0000e+00 -0.0000e+00
-1.5888e+01     0.0000e+00  0.0000e+00 -0.0000e+00 -0.0000e+00  0.0000e+00  0.0000e+00 -0.0000e+00 -0.0000e+00
-1.5850e+01     0.0000e+00  0.0000e+00 -0.0000e+00 -0.0000e+00  0.0000e+00  0.0000e+00 -0.0000e+00 -0.0000e+00
-1.5812e+01     0.0000e+00  0.0000e+00 -0.0000e+00 -0.0000e+00  0.0000e+00  0.0000e+00 -0.0000e+00 -0.0000e+00
-1.5773e+01     0.0000e+00  0.0000e+00 -0.0000e+00 -0.0000e+00  0.0000e+00  0.0000e+00 -0.0000e+00 -0.0000e+00
-1.5735e+01     0.0000e+00  0.0000e+00 -0.0000e+00 -0.0000e+00  0.0000e+00  0.0000e+00 -0.0000e+00 -0.0000e+00
-1.5697e+01     0.0000e+00  0.0000e+00 -0.0000e+00 -0.0000e+00  0.0000e+00  0.0000e+00 -0.0000e+00 -0.0000e+00
-1.5658e+01     0.0000e+00  0.0000e+00 -0.0000e+00 -0.0000e+00  0.0000e+00  0.0000e+00 -0.0000e+00 -0.0000e+00
-1.5620e+01     0.0000e+00  0.0000e+00 -0.0000e+00 -0.0000e+00  0.0000e+00  0.0000e+00 -0.0000e+00 -0.0000e+00
-1.5582e+01     3.2528e+00  6.1062e-03 -3.2528e+00 -6.2222e-03  6.2242e-02  1.1684e-04 -6.2242e-02 -1.1906e-04
-1.5543e+01     2.2607e+00  4.6061e-03 -2.2607e+00 -5.0446e-03  1.6774e-01  3.2182e-04 -1.6774e-01 -3.3465e-04
-1.5505e+01     2.8476e+00  5.8788e-03 -2.8476e+00 -6.5067e-03  2.6549e-01  5.2244e-04 -2.6549e-01 -5.5568e-04
-1.5467e+01     2.7540e+00  6.2476e-03 -2.7540e+00 -6.7615e-03  3.7268e-01  7.5448e-04 -3.7268e-01 -8.0956e-04
-1.5428e+01     2.7930e+00  7.3920e-03 -2.7930e+00 -7.5730e-03  4.7882e-01  1.0155e-03 -4.7882e-01 -1.0839e-03
-1.5390e+01     2.9868e+00  8.3971e-03 -2.9868e+00 -8.1910e-03  5.8941e-01  1.3176e-03 -5.8941e-01 -1.3855e-03
-1.5352e+01     3.1694e+00  9.3848e-03 -3.1694e+00 -8.7544e-03  7.0721e-01  1.6578e-03 -7.0721e-01 -1.7097e-03
-1.5313e+01     2.2238e+00  6.5272e-03 -2.2238e+00 -5.8935e-03  8.1041e-01  1.9623e-03 -8.1041e-01 -1.9900e-03
-1.5275e+01     2.0385e+00  5.1880e-03 -2.0385e+00 -4.7109e-03  8.9197e-01  2.1865e-03 -8.9197e-01 -2.1929e-03
-1.5237e+01     2.5120e+00  5.0012e-03 -2.5120e+00 -4.9405e-03  9.7904e-01  2.3814e-03 -9.7904e-01 -2.3776e-03
-1.5198e+01     2.8152e+00  4.7833e-03 -2.8152e+00 -5.0635e-03  1.0810e+00  2.5687e-03 -1.0810e+00 -2.5690e-03
-1.5160e+01     3.5814e+00  5.2950e-03 -3.5814e+00 -6.5624e-03  1.2034e+00  2.7615e-03 -1.2034e+00 -2.7915e-03
-1.5122e+01     3.4012e+00  4.8391e-03 -3.4012e+00 -6.2177e-03  1.3370e+00  2.9554e-03 -1.3370e+00 -3.0360e-03
-1.5083e+01     2.9509e+00  4.2154e-03 -2.9509e+00 -5.4031e-03  1.4585e+00  3.1287e-03 -1.4585e+00 -3.2584e-03
-1.5045e+01     3.3097e+00  6.2932e-03 -3.3097e+00 -6.6077e-03  1.5783e+00  3.3298e-03 -1.5783e+00 -3.4882e-03
-1.5007e+01     2.0154e+00  5.2256e-03 -2.0154e+00 -4.8080e-03  1.6802e+00  3.5502e-03 -1.6802e+00 -3.7067e-03
-1.4968e+01     2.0567e+00  7.0263e-03 -2.0567e+00 -6.0607e-03  1.7581e+00  3.7846e-03 -1.7581e+00 -3.9146e-03
-1.4930e+01     2.2045e+00  8.4253e-03 -2.2045e+00 -7.4221e-03  1.8397e+00  4.0803e-03 -1.8397e+00 -4.1726e-03
-1.4892e+01     2.4926e+00  9.8381e-03 -2.4926e+00 -9.0790e-03  1.9296e+00  4.4297e-03 -1.9296e+00 -4.4884e-03
-1.4853e+01     3.3771e+00  1.4402e-02 -3.3771e+00 -1.4173e-02  2.0419e+00  4.8936e-03 -2.0419e+00 -4.9333e-03
-1.4815e+01     4.6242e+00  2.0897e-02 -4.6242e+00 -2.0673e-02  2.1950e+00  5.5690e-03 -2.1950e+00 -5.6001e-03
-1.4777e+01     3.4468e+00  1.5047e-02 -3.4468e+00 -1.5190e-02  2.3494e+00  6.2568e-03 -2.3494e+00 -6.2863e-03
-1.4738e+01     5.9544e+00  2.6088e-02 -5.9544e+00 -2.5873e-02  2.5293e+00  7.0439e-03 -2.5293e+00 -7.0720e-03
-1.4700e+01     8.3943e+00  4.2532e-02 -8.3943e+00 -4.0679e-02  2.8039e+00  8.3569e-03 -2.8039e+00 -8.3454e-03
-1.4662e+01     6.3958e+00  2.7960e-02 -6.3958e+00 -2.8170e-02  3.0869e+00  9.7058e-03 -3.0869e+00 -9.6628e-03
-1.4623e+01     7.5092e+00  2.3900e-02 -7.5092e+00 -2.4432e-02  3.3529e+00  1.0698e-02 -3.3529e+00 -1.0669e-02
-1.4585e+01     5.9876e+00  1.4453e-02 -5.9876e+00 -1.4535e-02  3.6112e+00  1.1432e-02 -3.6112e+00 -1.1415e-02
-1.4547e+01     6.8967e+00  2.0781e-02 -6.8967e+00 -1.8531e-02  3.8577e+00  1.2106e-02 -3.8577e+00 -1.2048e-02
-1.4508e+01     6.2374e+00  1.9224e-02 -6.2374e+00 -1.7968e-02  4.1090e+00  1.2872e-02 -4.1090e+00 -1.2746e-02
-1.4470e+01     6.3171e+00  1.9132e-02 -6.3171e+00 -1.8096e-02  4.3493e+00  1.3606e-02 -4.3493e+00 -1.3436e-02
-1.4432e+01     3.5351e+01  1.3558e-01 -3.5351e+01 -1.4250e-01  5.1466e+00  1.6566e-02 -5.1466e+00 -1.6509e-02
-1.4393e+01     5.1970e+00  2.3361e-02 -5.1970e+00 -2.1960e-02  5.9225e+00  1.9607e-02 -5.9225e+00 -1.9656e-02
-1.4355e+01     1.6200e+01  6.6295e-02 -1.6200e+01 -6.0594e-02  6.3319e+00  2.1323e-02 -6.3319e+00 -2.1236e-02
-1.4317e+01     7.8627e+00  2.8250e-02 -7.8627e+00 -4.4564e-02  6.7924e+00  2.3132e-02 -6.7924e+00 -2.3248e-02
-1.4278e+01     5.7926e+00  3.4807e-02 -5.7926e+00 -3.7431e-02  7.0536e+00  2.4338e-02 -7.0536e+00 -2.4817e-02
-1.4240e+01     9.7263e+00  5.9142e-02 -9.7263e+00 -6.3607e-02  7.3506e+00  2.6136e-02 -7.3506e+00 -2.6750e-02
-1.4202e+01     9.1903e+00  5.6352e-02 -9.1903e+00 -6.1633e-02  7.7126e+00  2.8346e-02 -7.7126e+00 -2.9147e-02
-1.4163e+01     1.0038e+01  8.6550e-02 -1.0038e+01 -7.9049e-02  8.0805e+00  3.1081e-02 -8.0805e+00 -3.1839e-02
-1.4125e+01     7.1209e+00  1.0281e-01 -7.1209e+00 -9.4185e-02  8.4088e+00  3.4704e-02 -8.4088e+00 -3.5154e-02
-1.4087e+01     1.0015e+01  1.9613e-01 -1.0015e+01 -1.6669e-01  8.7367e+00  4.0424e-02 -8.7367e+00 -4.0145e-02
-1.4048e+01     6.4695e+00  1.2389e-01 -6.4695e+00 -1.1383e-01  9.0521e+00  4.6548e-02 -9.0521e+00 -4.5513e-02
-1.4010e+01     6.8563e+00  9.5835e-02 -6.8563e+00 -1.0236e-01  9.3071e+00  5.0752e-02 -9.3071e+00 -4.9650e-02
-1.3972e+01     6.2646e+00  5.3041e-02 -6.2646e+00 -5.9717e-02  9.5582e+00  5.3601e-02 -9.5582e+00 -5.2751e-02
-1.3933e+01     1.7401e+01  1.0922e-01 -1.7401e+01 -8.3596e-02  1.0011e+01  5.6706e-02 -1.0011e+01 -5.5493e-02
-1.3895e+01     1.0134e+01  6.2013e-02 -1.0134e+01 -6.4896e-02  1.0538e+01  5.9982e-02 -1.0538e+01 -5.8335e-02
-1.3857e+01     1.1800e+01  1.1374e-01 -1.1800e+01 -1.1334e-01  1.0958e+01  6.3345e-02 -1.0958e+01 -6.1745e-02
-1.3818e+01     1.1407e+01  6.2610e-02 -1.1407e+01 -8.9633e-02  1.1402e+01  6.6720e-02 -1.1402e+01 -6.5629e-02
-1.3780e+01     5.7945e+00  2.7704e-02 -5.7945e+00 -3.5841e-02  1.1731e+01  6.8448e-02 -1.1731e+01 -6.8030e-02
-1.3742e+01     6.9211e+00  5.4299e-02 -6.9211e+00 -6.6592e-02  1.1974e+01  7.0017e-02 -1.1974e+01 -6.9990e-02
-1.3703e+01     9.9396e+00  1.6840e-01 -9.9396e+00 -1.8242e-01  1.2297e+01  7.4278e-02 -1.2297e+01 -7.4755e-02
-1.3665e+01     7.0302e+00  1.1899e-01 -7.0302e+00 -1.3726e-01  1.2621e+01  7.9777e-02 -1.2621e+01 -8.0872e-02
-1.3627e+01     8.5362e+00  1.4816e-01 -8.5362e+00 -1.5996e-01  1.2919e+01  8.4889e-02 -1.2919e+01 -8.6559e-02
-1.3588e+01     9.3309e+00  1.8861e-01 -9.3309e+00 -1.7320e-01  1.3261e+01  9.1333e-02 -1.3261e+01 -9.2934e-02
-1.3550e+01     1.4352e+01  2.6508e-01 -1.4352e+01 -2.5748e-01  1.3714e+01  1.0001e-01 -1.3714e+01 -1.0117e-01
-1.3512e+01     6.9927e+00  1.7038e-01 -6.9927e+00 -1.3775e-01  1.4123e+01  1.0835e-01 -1.4123e+01 -1.0874e-01
-1.3473e+01     1.1395e+01  1.7604e-01 -1.1395e+01 -1.6782e-01  1.4475e+01  1.1498e-01 -1.4475e+01 -1.1458e-01
-1.3435e+01     8.7783e+00  1.0456e-01 -8.7783e+00 -1.1259e-01  1.4861e+01  1.2034e-01 -1.4861e+01 -1.1995e-01
-1.3397e+01     8.3716e+00  9.5461e-02 -8.3716e+00 -1.0724e-01  1.5189e+01  1.2417e-01 -1.5189e+01 -1.2416e-01
-1.3358e+01     7.3929e+00  1.1113e-01 -7.3929e+00 -1.1561e-01  1.5490e+01  1.2813e-01 -1.5490e+01 -1.2842e-01
-1.3320e+01     1.3838e+01  1.4044e-01 -1.3838e+01 -1.4147e-01  1.5897e+01  1.3294e-01 -1.5897e+01 -1.3334e-01
-1.3282e+01     1.3033e+01  1.2608e-01 -1.3033e+01 -1.4047e-01  1.6411e+01  1.3804e-01 -1.6411e+01 -1.3874e-01
-1.3243e+01     1.2893e+01  1.2313e-01 -1.2893e+01 -1.2980e-01  1.6907e+01  1.4281e-01 -1.6907e+01 -1.4391e-01
-1.3205e+01     1.2816e+01  1.0934e-01 -1.2816e+01 -1.1476e-01  1.7399e+01  1.4726e-01 -1.7399e+01 -1.4859e-01
-1.3167e+01     1.3865e+01  1.3362e-01 -1.3865e+01 -1.1883e-01  1.7909e+01  1.5190e-01 -1.7909e+01 -1.5306e-01
-1.3128e+01     1.0833e+01  8.9567e-02 -1.0833e+01 -8.3442e-02  1.8382e+01  1.5618e-01 -1.8382e+01 -1.5693e-01
-1.3090e+01     1.3507e+01  1.6635e-01 -1.3507e+01 -1.5334e-01  1.8848e+01  1.6107e-01 -1.8848e+01 -1.6146e-01
-1.3052e+01     1.1737e+01  9.2823e-02 -1.1737e+01 -9.2781e-02  1.9331e+01  1.6603e-01 -1.9331e+01 -1.6617e-01
-1.3013e+01     1.1361e+01  8.5562e-02 -1.1361e+01 -8.7916e-02  1.9773e+01  1.6944e-01 -1.9773e+01 -1.6962e-01
-1.2975e+01     9.8549e+00  8.5152e-02 -9.8549e+00 -8.1888e-02  2.0179e+01  1.7271e-01 -2.0179e+01 -1.7287e-01
-1.2937e+01     9.7772e+00  8.9000e-02 -9.7772e+00 -8.4822e-02  2.0554e+01  1.7604e-01 -2.0554e+01 -1.7606e-01
-1.2898e+01     1.5797e+01  2.4035e-01 -1.5797e+01 -1.9008e-01  2.1044e+01  1.8235e-01 -2.1044e+01 -1.8132e-01
-1.2860e+01     1.5356e+01  1.8408e-01 -1.5356e+01 -1.9037e-01  2.1640e+01  1.9047e-01 -2.1640e+01 -1.8860e-01
-1.2822e+01     1.0400e+01  1.0063e-01 -1.0400e+01 -1.1479e-01  2.2133e+01  1.9591e-01 -2.2133e+01 -1.9444e-01
-1.2783e+01     2.7458e+01  3.1622e-01 -2.7458e+01 -3.5388e-01  2.2857e+01  2.0389e-01 -2.2857e+01 -2.0341e-01
-1.2745e+01     1.3015e+01  1.9928e-01 -1.3015e+01 -1.9013e-01  2.3632e+01  2.1375e-01 -2.3632e+01 -2.1382e-01
-1.2707e+01     9.2492e-01  5.1878e-03 -9.2492e-01 -7.9022e-03  2.3898e+01  2.1767e-01 -2.3898e+01 -2.1761e-01
-1.2668e+01     9.1919e+00  5.5793e-02 -9.1919e+00 -5.8002e-02  2.4092e+01  2.1883e-01 -2.4092e+01 -2.1887e-01
-1.2630e+01     1.3437e+01  9.7099e-02 -1.3437e+01 -1.0279e-01  2.4525e+01  2.2176e-01 -2.4525e+01 -2.2195e-01
-1.2592e+01     1.0496e+01  6.6122e-02 -1.0496e+01 -6.6610e-02  2.4983e+01  2.2488e-01 -2.4983e+01 -2.2519e-01
-1.2553e+01     5.3264e+00  2.3570e-02 -5.3264e+00 -2.5636e-02  2.5286e+01  2.2660e-01 -2.5286e+01 -2.2695e-01
-1.2515e+01     8.8072e+00  6.0302e-02 -8.8072e+00 -5.9777e-02  2.5556e+01  2.2820e-01 -2.5556e+01 -2.2859e-01
-1.2477e+01     3.9837e+00  1.1807e-02 -3.9837e+00 -1.4231e-02  2.5801e+01  2.2958e-01 -2.5801e+01 -2.3000e-01
-1.2438e+01     4.1452e+00  1.3366e-02 -4.1452e+00 -1.4226e-02  2.5956e+01  2.3007e-01 -2.5956e+01 -2.3055e-01
-1.2400e+01     1.0014e+01  4.3933e-02 -1.0014e+01 -4.4998e-02  2.6227e+01  2.3116e-01 -2.6227e+01 -2.3168e-01
-1.2362e+01     4.5307e+00  1.8138e-02 -4.5307e+00 -1.8347e-02  2.6506e+01  2.3235e-01 -2.6506e+01 -2.3289e-01
-1.2323e+01     1.0863e+01  4.4051e-02 -1.0863e+01 -4.0657e-02  2.6800e+01  2.3354e-01 -2.6800e+01 -2.3402e-01
-1.2285e+01     1.4930e+01  8.9539e-02 -1.4930e+01 -8.8184e-02  2.7294e+01  2.3610e-01 -2.7294e+01 -2.3649e-01
-1.2247e+01     6.5498e+00  6.2502e-02 -6.5498e+00 -5.5782e-02  2.7705e+01  2.3901e-01 -2.7705e+01 -2.3924e-01
-1.2208e+01     8.4370e+00  7.0914e-02 -8.4370e+00 -7.0913e-02  2.7991e+01  2.4156e-01 -2.7991e+01 -2.4167e-01
-1.2170e+01     7.8911e+00  7.1568e-02 -7.8911e+00 -7.5871e-02  2.8304e+01  2.4428e-01 -2.8304e+01 -2.4448e-01
-1.2132e+01     7.7425e+00  8.2202e-02 -7.7425e+00 -7.5568e-02  2.8603e+01  2.4723e-01 -2.8603e+01 -2.4737e-01
-1.2093e+01     8.3442e+00  1.6974e-01 -8.3442e+00 -1.5508e-01  2.8911e+01  2.5205e-01 -2.8911e+01 -2.5179e-01
-1.2055e+01     6.8173e+00  1.3782e-01 -6.8173e+00 -1.2391e-01  2.9201e+01  2.5793e-01 -2.9201e+01 -2.5713e-01
-1.2017e+01     8.8092e+00  1.5380e-01 -8.8092e+00 -1.4110e-01  2.9500e+01  2.6351e-01 -2.9500e+01 -2.6220e-01
-1.1978e+01     9.6711e+00  1.4230e-01 -9.6711e+00 -1.3094e-01  2.9854e+01  2.6918e-01 -2.9854e+01 -2.6740e-01
-1.1940e+01     1.5505e+01  1.6914e-01 -1.5505e+01 -1.9259e-01  3.0335e+01  2.7514e-01 -3.0335e+01 -2.7359e-01
-1.1902e+01     1.8932e+01  1.1384e-01 -1.8932e+01 -1.6869e-01  3.0994e+01  2.8055e-01 -3.0994e+01 -2.8051e-01
-1.1863e+01     1.1243e+01  7.4835e-02 -1.1243e+01 -9.2678e-02  3.1572e+01  2.8416e-01 -3.1572e+01 -2.8551e-01
-1.1825e+01     1.2231e+01  7.6500e-02 -1.2231e+01 -9.5277e-02  3.2021e+01  2.8706e-01 -3.2021e+01 -2.8910e-01
-1.1787e+01     1.0761e+01  6.8464e-02 -1.0761e+01 -8.1200e-02  3.2461e+01  2.8983e-01 -3.2461e+01 -2.9248e-01
-1.1748e+01     1.0836e+01  8.1643e-02 -1.0836e+01 -8.5623e-02  3.2874e+01  2.9270e-01 -3.2874e+01 -2.9567e-01
-1.1710e+01     8.5606e+00  6.0332e-02 -8.5606e+00 -6.8029e-02  3.3245e+01  2.9542e-01 -3.3245e+01 -2.9861e-01
-1.1672e+01     1.0353e+01  1.8603e-01 -1.0353e+01 -1.4591e-01  3.3607e+01  3.0014e-01 -3.3607e+01 -3.0271e-01
-1.1633e+01     1.2187e+01  2.5849e-01 -1.2187e+01 -2.1184e-01  3.4038e+01  3.0864e-01 -3.4038e+01 -3.0955e-01
-1.1595e+01     1.0701e+01  2.4940e-01 -1.0701e+01 -2.5028e-01  3.4476e+01  3.1836e-01 -3.4476e+01 -3.1839e-01
-1.1557e+01     6.0416e+00  1.2335e-01 -6.0416e+00 -1.3526e-01  3.4797e+01  3.2549e-01 -3.4797e+01 -3.2577e-01
-1.1518e+01     2.6546e+00  4.7516e-02 -2.6546e+00 -5.0058e-02  3.4963e+01  3.2876e-01 -3.4963e+01 -3.2932e-01
-1.1480e+01     1.0963e+01  1.6622e-01 -1.0963e+01 -1.6727e-01  3.5224e+01  3.3285e-01 -3.5224e+01 -3.3348e-01
-1.1442e+01     4.2383e+00  6.0104e-02 -4.2383e+00 -5.9678e-02  3.5515e+01  3.3718e-01 -3.5515e+01 -3.3782e-01
-1.1403e+01     9.5099e+00  1.0894e-01 -9.5099e+00 -9.9648e-02  3.5778e+01  3.4042e-01 -3.5778e+01 -3.4087e-01
-1.1365e+01     2.0207e+01  1.6783e-01 -2.0207e+01 -1.8880e-01  3.6346e+01  3.4571e-01 -3.6346e+01 -3.4639e-01
-1.1327e+01     3.3974e+00  1.8884e-02 -3.3974e+00 -2.2865e-02  3.6798e+01  3.4928e-01 -3.6798e+01 -3.5044e-01
-1.1288e+01     1.0791e+01  9.8203e-02 -1.0791e+01 -8.2424e-02  3.7069e+01  3.5153e-01 -3.7069e+01 -3.5245e-01
-1.1250e+01     1.2241e+01  1.2019e-01 -1.2241e+01 -1.2689e-01  3.7510e+01  3.5570e-01 -3.7510e+01 -3.5646e-01
-1.1212e+01     1.4060e+01  5.7821e-02 -1.4060e+01 -6.1928e-02  3.8013e+01  3.5911e-01 -3.8013e+01 -3.6007e-01
-1.1173e+01     1.1691e+01  5.3010e-02 -1.1691e+01 -4.5697e-02  3.8506e+01  3.6123e-01 -3.8506e+01 -3.6213e-01
-1.1135e+01     1.1635e+01  7.7413e-02 -1.1635e+01 -7.8209e-02  3.8952e+01  3.6373e-01 -3.8952e+01 -3.6450e-01
-1.1097e+01     1.2426e+01  9.2703e-02 -1.2426e+01 -8.5699e-02  3.9413e+01  3.6698e-01 -3.9413e+01 -3.6764e-01
-1.1058e+01     3.0156e+01  1.4862e-01 -3.0156e+01 -2.1347e-01  4.0228e+01  3.7160e-01 -4.0228e+01 -3.7336e-01
-1.1020e+01     3.1581e+01  8.9429e-02 -3.1581e+01 -8.9939e-02  4.1409e+01  3.7615e-01 -4.1409e+01 -3.7917e-01
-1.0982e+01     7.1936e+01  1.9054e-01 -7.1936e+01 -1.8285e-01  4.3390e+01  3.8151e-01 -4.3390e+01 -3.8439e-01
-1.0943e+01     6.0853e+01  1.6896e-01 -6.0853e+01 -1.5333e-01  4.5931e+01  3.8839e-01 -4.5931e+01 -3.9082e-01
-1.0905e+01     2.0809e+01  7.2049e-02 -2.0809e+01 -4.5254e-02  4.7493e+01  3.9300e-01 -4.7493e+01 -3.9462e-01
-1.0867e+01     1.1506e+01  5.3128e-02 -1.1506e+01 -5.1719e-02  4.8112e+01  3.9540e-01 -4.8112e+01 -3.9647e-01
-1.0828e+01     1.3506e+01  4.9096e-02 -1.3506e+01 -4.5701e-02  4.8590e+01  3.9735e-01 -4.8590e+01 -3.9834e-01
-1.0790e+01     1.8244e+01  6.1528e-02 -1.8244e+01 -7.0200e-02  4.9198e+01  3.9947e-01 -4.9198e+01 -4.0056e-01
-1.0752e+01     2.0215e+01  8.9747e-02 -2.0215e+01 -9.5373e-02  4.9934e+01  4.0237e-01 -4.9934e+01 -4.0372e-01
-1.0713e+01     1.1893e+01  4.0953e-02 -1.1893e+01 -4.3841e-02  5.0548e+01  4.0487e-01 -5.0548e+01 -4.0639e-01
-1.0675e+01     4.0956e+01  1.4374e-01 -4.0956e+01 -1.5299e-01  5.1559e+01  4.0840e-01 -5.1559e+01 -4.1015e-01
-1.0637e+01     5.3288e+01  1.6520e-01 -5.3288e+01 -1.7812e-01  5.3363e+01  4.1431e-01 -5.3363e+01 -4.1649e-01
-1.0598e+01     4.1798e+01  1.9129e-01 -4.1798e+01 -2.4028e-01  5.5182e+01  4.2113e-01 -5.5182e+01 -4.2450e-01
-1.0560e+01     3.2697e+01  1.6151e-01 -3.2697e+01 -1.7804e-01  5.6607e+01  4.2788e-01 -5.6607e+01 -4.3250e-01
-1.0522e+01     5.0504e+01  1.7465e-01 -5.0504e+01 -2.3583e-01  5.8199e+01  4.3432e-01 -5.8199e+01 -4.4042e-01
-1.0483e+01     3.2388e+01  1.5568e-01 -3.2388e+01 -1.4343e-01  5.9786e+01  4.4064e-01 -5.9786e+01 -4.4768e-01
-1.0445e+01     3.7369e+01  2.0206e-01 -3.7369e+01 -1.9595e-01  6.1120e+01  4.4748e-01 -6.1120e+01 -4.5417e-01
-1.0407e+01     3.9178e+01  2.0983e-01 -3.9178e+01 -1.5640e-01  6.2585e+01  4.5536e-01 -6.2585e+01 -4.6091e-01
-1.0368e+01     5.1695e+01  2.0305e-01 -5.1695e+01 -2.0816e-01  6.4324e+01  4.6326e-01 -6.4324e+01 -4.6789e-01
-1.0330e+01     3.8232e+01  1.6220e-01 -3.8232e+01 -1.7336e-01  6.6045e+01  4.7025e-01 -6.6045e+01 -4.7519e-01
-1.0292e+01     4.4361e+01  1.7992e-01 -4.4361e+01 -1.7594e-01  6.7625e+01  4.7680e-01 -6.7625e+01 -4.8187e-01
-1.0253e+01     4.5623e+01  1.9684e-01 -4.5623e+01 -2.1503e-01  6.9347e+01  4.8401e-01 -6.9347e+01 -4.8935e-01
-1.0215e+01     3.2669e+01  1.3242e-01 -3.2669e+01 -1.2723e-01  7.0845e+01  4.9031e-01 -7.0845e+01 -4.9590e-01
-1.0177e+01     4.6139e+01  2.0329e-01 -4.6139e+01 -2.2712e-01  7.2353e+01  4.9673e-01 -7.2353e+01 -5.0268e-01
-1.0138e+01     3.6371e+01  1.6014e-01 -3.6371e+01 -1.6499e-01  7.3932e+01  5.0369e-01 -7.3932e+01 -5.1019e-01
-1.0100e+01     5.0689e+01  2.0682e-01 -5.0689e+01 -2.1581e-01  7.5598e+01  5.1071e-01 -7.5598e+01 -5.1747e-01
-1.0062e+01     4.4902e+01  2.1930e-01 -4.4902e+01 -1.7549e-01  7.7427e+01  5.1886e-01 -7.7427e+01 -5.2496e-01
-1.0023e+01     3.3838e+01  1.5606e-01 -3.3838e+01 -1.6656e-01  7.8933e+01  5.2604e-01 -7.8933e+01 -5.3151e-01
-9.9850e+00     3.9437e+01  1.6657e-01 -3.9437e+01 -1.7293e-01  8.0336e+01  5.3222e-01 -8.0336e+01 -5.3800e-01
-9.9467e+00     3.1281e+01  1.5819e-01 -3.1281e+01 -1.2968e-01  8.1689e+01  5.3843e-01 -8.1689e+01 -5.4379e-01
-9.9083e+00     5.0129e+01  2.2485e-01 -5.0129e+01 -2.0352e-01  8.3246e+01  5.4576e-01 -8.3246e+01 -5.5017e-01
-9.8700e+00     4.4501e+01  1.7654e-01 -4.4501e+01 -1.8433e-01  8.5057e+01  5.5344e-01 -8.5057e+01 -5.5759e-01
-9.8317e+00     2.8034e+01  1.2430e-01 -2.8034e+01 -1.2415e-01  8.6445e+01  5.5920e-01 -8.6445e+01 -5.6349e-01
-9.7933e+00     4.8814e+01  1.6137e-01 -4.8814e+01 -1.7033e-01  8.7916e+01  5.6466e-01 -8.7916e+01 -5.6913e-01
-9.7550e+00     4.6136e+01  1.4618e-01 -4.6136e+01 -1.4517e-01  8.9732e+01  5.7055e-01 -8.9732e+01 -5.7516e-01
-9.7167e+00     4.6328e+01  1.6908e-01 -4.6328e+01 -1.7999e-01  9.1502e+01  5.7658e-01 -9.1502e+01 -5.8139e-01
-9.6783e+00     3.8062e+01  1.0390e-01 -3.8062e+01 -8.7936e-02  9.3116e+01  5.8180e-01 -9.3116e+01 -5.8651e-01
-9.6400e+00     3.9777e+01  1.2113e-01 -3.9777e+01 -1.2225e-01  9.4606e+01  5.8611e-01 -9.4606e+01 -5.9053e-01
-9.6017e+00     5.4438e+01  1.7288e-01 -5.4438e+01 -1.7325e-01  9.6409e+01  5.9174e-01 -9.6409e+01 -5.9619e-01
-9.5633e+00     3.3380e+01  1.1875e-01 -3.3380e+01 -1.1993e-01  9.8089e+01  5.9732e-01 -9.8089e+01 -6.0180e-01
-9.5250e+00     2.1874e+01  7.6343e-02 -2.1874e+01 -8.7505e-02  9.9146e+01  6.0105e-01 -9.9146e+01 -6.0577e-01
-9.4867e+00     2.4048e+01  7.8454e-02 -2.4048e+01 -7.2511e-02  1.0003e+02  6.0401e-01 -1.0003e+02 -6.0883e-01
-9.4483e+00     3.7891e+01  1.3231e-01 -3.7891e+01 -1.1350e-01  1.0121e+02  6.0804e-01 -1.0121e+02 -6.1239e-01
-9.4100e+00     2.4179e+01  7.9435e-02 -2.4179e+01 -8.5854e-02  1.0240e+02  6.1210e-01 -1.0240e+02 -6.1620e-01
-9.3717e+00     3.9709e+01  1.5527e-01 -3.9709e+01 -1.6281e-01  1.0362e+02  6.1659e-01 -1.0362e+02 -6.2096e-01
-9.3333e+00     3.3997e+01  1.4259e-01 -3.3997e+01 -1.3493e-01  1.0503e+02  6.2229e-01 -1.0503e+02 -6.2666e-01
-9.2950e+00     2.0112e+01  6.8490e-02 -2.0112e+01 -7.3220e-02  1.0607e+02  6.2633e-01 -1.0607e+02 -6.3064e-01
-9.2567e+00     5.9814e+01  2.1905e-01 -5.9814e+01 -2.0975e-01  1.0760e+02  6.3183e-01 -1.0760e+02 -6.3606e-01
-9.2183e+00     9.6731e+00  3.5070e-02 -9.6731e+00 -2.9577e-02  1.0893e+02  6.3669e-01 -1.0893e+02 -6.4064e-01
-9.1800e+00     6.7752e+01  2.3563e-01 -6.7752e+01 -2.1742e-01  1.1041e+02  6.4187e-01 -1.1041e+02 -6.4536e-01
-9.1417e+00     1.4599e+01  4.7860e-02 -1.4599e+01 -6.5118e-02  1.1198e+02  6.4730e-01 -1.1198e+02 -6.5077e-01
-9.1033e+00     3.1433e+01  1.1275e-01 -3.1433e+01 -1.1728e-01  1.1286e+02  6.5037e-01 -1.1286e+02 -6.5426e-01
-9.0650e+00     8.3198e+01  2.9578e-01 -8.3198e+01 -2.9134e-01  1.1506e+02  6.5819e-01 -1.1506e+02 -6.6208e-01
-9.0267e+00     2.1384e+01  8.3118e-02 -2.1384e+01 -8.9489e-02  1.1706e+02  6.6544e-01 -1.1706e+02 -6.6936e-01
-8.9883e+00     5.9584e+01  2.6204e-01 -5.9584e+01 -2.5513e-01  1.1861e+02  6.7204e-01 -1.1861e+02 -6.7596e-01
-8.9500e+00     2.4082e+01  7.7749e-02 -2.4082e+01 -6.9620e-02  1.2021e+02  6.7854e-01 -1.2021e+02 -6.8217e-01
-8.9117e+00     8.6764e+01  3.4137e-01 -8.6764e+01 -3.8149e-01  1.2233e+02  6.8656e-01 -1.2233e+02 -6.9081e-01
-8.8733e+00     4.6643e+01  1.8961e-01 -4.6643e+01 -1.8062e-01  1.2488e+02  6.9672e-01 -1.2488e+02 -7.0156e-01
-8.8350e+00     2.7682e+01  1.2516e-01 -2.7682e+01 -1.2766e-01  1.2630e+02  7.0274e-01 -1.2630e+02 -7.0746e-01
-8.7967e+00     3.6812e+01  1.3224e-01 -3.6812e+01 -1.2890e-01  1.2754e+02  7.0767e-01 -1.2754e+02 -7.1237e-01
-8.7583e+00     2.9110e+01  1.0811e-01 -2.9110e+01 -1.1866e-01  1.2880e+02  7.1227e-01 -1.2880e+02 -7.1711e-01
-8.7200e+00     5.6865e+01  2.1363e-01 -5.6865e+01 -1.9763e-01  1.3044e+02  7.1843e-01 -1.3044e+02 -7.2316e-01
-8.6817e+00     5.1447e+01  2.6927e-01 -5.1447e+01 -2.3099e-01  1.3252e+02  7.2767e-01 -1.3252e+02 -7.3136e-01
-8.6433e+00     2.3192e+01  1.1153e-01 -2.3192e+01 -9.3515e-02  1.3395e+02  7.3495e-01 -1.3395e+02 -7.3757e-01
-8.6050e+00     2.4270e+01  1.0493e-01 -2.4270e+01 -1.1073e-01  1.3485e+02  7.3909e-01 -1.3485e+02 -7.4148e-01
-8.5667e+00     3.3639e+01  1.3632e-01 -3.3639e+01 -1.3978e-01  1.3596e+02  7.4371e-01 -1.3596e+02 -7.4627e-01
-8.5283e+00     4.2608e+01  1.9639e-01 -4.2608e+01 -1.9229e-01  1.3742e+02  7.5008e-01 -1.3742e+02 -7.5262e-01
-8.4900e+00     2.4822e+01  1.0768e-01 -2.4822e+01 -1.0197e-01  1.3871e+02  7.5590e-01 -1.3871e+02 -7.5826e-01
-8.4517e+00     2.9684e+01  1.2992e-01 -2.9684e+01 -1.3399e-01  1.3975e+02  7.6044e-01 -1.3975e+02 -7.6277e-01
-8.4133e+00     3.6696e+01  1.7098e-01 -3.6696e+01 -1.6016e-01  1.4102e+02  7.6620e-01 -1.4102e+02 -7.6840e-01
-8.3750e+00     1.8463e+01  1.0971e-01 -1.8463e+01 -9.7548e-02  1.4208e+02  7.7157e-01 -1.4208e+02 -7.7333e-01
-8.3367e+00     5.3326e+01  2.5310e-01 -5.3326e+01 -2.6826e-01  1.4345e+02  7.7851e-01 -1.4345e+02 -7.8033e-01
-8.2983e+00     1.1428e+01  4.8940e-02 -1.1428e+01 -4.8303e-02  1.4469e+02  7.8429e-01 -1.4469e+02 -7.8639e-01
-8.2600e+00     5.0784e+01  2.3985e-01 -5.0784e+01 -2.5992e-01  1.4588e+02  7.8982e-01 -1.4588e+02 -7.9228e-01
-8.2217e+00     3.2927e+01  1.4010e-01 -3.2927e+01 -1.3279e-01  1.4748e+02  7.9709e-01 -1.4748e+02 -7.9980e-01
-8.1833e+00     3.4445e+01  1.3338e-01 -3.4445e+01 -1.3593e-01  1.4877e+02  8.0232e-01 -1.4877e+02 -8.0494e-01
-8.1450e+00     4.7244e+01  1.7625e-01 -4.7244e+01 -1.7542e-01  1.5034e+02  8.0825e-01 -1.5034e+02 -8.1090e-01
-8.1067e+00     3.8819e+01  1.6946e-01 -3.8819e+01 -1.7477e-01  1.5198e+02  8.1486e-01 -1.5198e+02 -8.1760e-01
-8.0683e+00     3.6621e+01  1.5310e-01 -3.6621e+01 -1.6532e-01  1.5343e+02  8.2103e-01 -1.5343e+02 -8.2411e-01
-8.0300e+00     2.5501e+01  1.2899e-01 -2.5501e+01 -1.1355e-01  1.5462e+02  8.2643e-01 -1.5462e+02 -8.2944e-01
-7.9917e+00     3.6912e+01  2.1500e-01 -3.6912e+01 -2.2577e-01  1.5581e+02  8.3301e-01 -1.5581e+02 -8.3594e-01
-7.9533e+00     3.4147e+01  1.6469e-01 -3.4147e+01 -1.4019e-01  1.5717e+02  8.4028e-01 -1.5717e+02 -8.4294e-01
-7.9150e+00     4.3543e+01  2.0014e-01 -4.3543e+01 -1.8421e-01  1.5866e+02  8.4726e-01 -1.5866e+02 -8.4915e-01
-7.8767e+00     2.3414e+01  9.0085e-02 -2.3414e+01 -9.7912e-02  1.5994e+02  8.5281e-01 -1.5994e+02 -8.5454e-01
-7.8383e+00     3.0780e+01  1.3717e-01 -3.0780e+01 -1.4019e-01  1.6097e+02  8.5716e-01 -1.6097e+02 -8.5910e-01
-7.8000e+00     3.7607e+01  1.5370e-01 -3.7607e+01 -1.6796e-01  1.6228e+02  8.6273e-01 -1.6228e+02 -8.6500e-01
-7.7617e+00     3.1646e+01  1.3820e-01 -3.1646e+01 -1.3584e-01  1.6361e+02  8.6831e-01 -1.6361e+02 -8.7081e-01
-7.7233e+00     4.1195e+01  1.6550e-01 -4.1195e+01 -1.6640e-01  1.6500e+02  8.7412e-01 -1.6500e+02 -8.7659e-01
-7.6850e+00     3.8195e+01  1.6176e-01 -3.8195e+01 -1.6428e-01  1.6652e+02  8.8039e-01 -1.6652e+02 -8.8292e-01
-7.6467e+00     3.8798e+01  1.7726e-01 -3.8798e+01 -1.5826e-01  1.6799e+02  8.8687e-01 -1.6799e+02 -8.8909e-01
-7.6083e+00     3.8909e+01  1.7764e-01 -3.8909e+01 -1.8841e-01  1.6948e+02  8.9366e-01 -1.6948e+02 -8.9573e-01
-7.5700e+00     3.5173e+01  1.6585e-01 -3.5173e+01 -1.6491e-01  1.7090e+02  9.0024e-01 -1.7090e+02 -9.0249e-01
-7.5317e+00     3.1781e+01  1.2141e-01 -3.1781e+01 -1.2096e-01  1.7218e+02  9.0573e-01 -1.7218e+02 -9.0796e-01
-7.4933e+00     2.1310e+01  8.1227e-02 -2.1310e+01 -7.0422e-02  1.7320e+02  9.0961e-01 -1.7320e+02 -9.1162e-01
-7.4550e+00     5.3886e+01  1.8470e-01 -5.3886e+01 -1.7442e-01  1.7463e+02  9.1470e-01 -1.7463e+02 -9.1630e-01
-7.4167e+00     2.2543e+01  1.0318e-01 -2.2543e+01 -9.7662e-02  1.7610e+02  9.2021e-01 -1.7610e+02 -9.2151e-01
-7.3783e+00     3.3189e+01  1.0956e-01 -3.3189e+01 -9.6552e-02  1.7716e+02  9.2428e-01 -1.7716e+02 -9.2523e-01
-7.3400e+00     5.3358e+01  1.7344e-01 -5.3358e+01 -1.7925e-01  1.7882e+02  9.2969e-01 -1.7882e+02 -9.3050e-01
-7.3017e+00     2.4163e+01  7.8312e-02 -2.4163e+01 -8.7638e-02  1.8030e+02  9.3451e-01 -1.8030e+02 -9.3561e-01
-7.2633e+00     4.6050e+01  1.4053e-01 -4.6050e+01 -1.3010e-01  1.8165e+02  9.3870e-01 -1.8165e+02 -9.3978e-01
-7.2250e+00     2.8624e+01  7.8150e-02 -2.8624e+01 -9.5974e-02  1.8308e+02  9.4288e-01 -1.8308e+02 -9.4410e-01
-7.1867e+00     4.3858e+01  1.4099e-01 -4.3858e+01 -1.2851e-01  1.8446e+02  9.4708e-01 -1.8446e+02 -9.4840e-01
-7.1483e+00     4.2928e+01  1.2505e-01 -4.2928e+01 -1.2353e-01  1.8612e+02  9.5217e-01 -1.8612e+02 -9.5322e-01
-7.1100e+00     4.7934e+01  1.6253e-01 -4.7934e+01 -1.7848e-01  1.8786e+02  9.5767e-01 -1.8786e+02 -9.5900e-01
-7.0717e+00     3.6148e+01  1.0239e-01 -3.6148e+01 -1.0982e-01  1.8947e+02  9.6274e-01 -1.8947e+02 -9.6452e-01
-7.0333e+00     3.9221e+01  1.2561e-01 -3.9221e+01 -1.4994e-01  1.9091e+02  9.6710e-01 -1.9091e+02 -9.6949e-01
-6.9950e+00     2.4820e+01  7.6299e-02 -2.4820e+01 -7.2307e-02  1.9214e+02  9.7096e-01 -1.9214e+02 -9.7374e-01
-6.9567e+00     6.9795e+01  2.4369e-01 -6.9795e+01 -2.3450e-01  1.9395e+02  9.7709e-01 -1.9395e+02 -9.7961e-01
-6.9183e+00     2.4413e+01  7.8345e-02 -2.4413e+01 -8.1785e-02  1.9575e+02  9.8325e-01 -1.9575e+02 -9.8566e-01
-6.8800e+00     1.3081e+01  3.8564e-02 -1.3081e+01 -3.6642e-02  1.9647e+02  9.8549e-01 -1.9647e+02 -9.8793e-01
-6.8417e+00     6.4495e+01  2.6780e-01 -6.4495e+01 -2.5367e-01  1.9795e+02  9.9135e-01 -1.9795e+02 -9.9348e-01
-6.8033e+00     3.8063e+01  1.3905e-01 -3.8063e+01 -1.5341e-01  1.9992e+02  9.9913e-01 -1.9992e+02 -1.0013e+00
-6.7650e+00     5.2253e+01  2.7301e-01 -5.2253e+01 -2.9410e-01  2.0164e+02  1.0070e+00 -2.0164e+02 -1.0098e+00
-6.7267e+00     4.2143e+01  1.7401e-01 -4.2143e+01 -1.5147e-01  2.0345e+02  1.0156e+00 -2.0345e+02 -1.0184e+00
-6.6883e+00     2.3404e+01  8.6193e-02 -2.3404e+01 -8.3839e-02  2.0470e+02  1.0206e+00 -2.0470e+02 -1.0229e+00
-6.6500e+00     3.6106e+01  1.4409e-01 -3.6106e+01 -1.5466e-01  2.0584e+02  1.0250e+00 -2.0584e+02 -1.0274e+00
-6.6117e+00     4.8007e+01  1.6347e-01 -4.8007e+01 -1.5692e-01  2.0745e+02  1.0308e+00 -2.0745e+02 -1.0334e+00
-6.5733e+00     4.0041e+01  1.4169e-01 -4.0041e+01 -1.1723e-01  2.0914e+02  1.0367e+00 -2.0914e+02 -1.0386e+00
-6.5350e+00     4.0991e+01  1.4793e-01 -4.0991e+01 -1.5426e-01  2.1069e+02  1.0422e+00 -2.1069e+02 -1.0438e+00
-6.4967e+00     4.3324e+01  1.3490e-01 -4.3324e+01 -1.4076e-01  2.1230e+02  1.0476e+00 -2.1230e+02 -1.0495e+00
-6.4583e+00     4.0555e+01  1.1883e-01 -4.0555e+01 -1.3206e-01  2.1391e+02  1.0525e+00 -2.1391e+02 -1.0547e+00
-6.4200e+00     4.9305e+01  1.6168e-01 -4.9305e+01 -1.5758e-01  2.1563e+02  1.0579e+00 -2.1563e+02 -1.0602e+00
-6.3817e+00     3.9527e+01  1.2376e-01 -3.9527e+01 -1.3339e-01  2.1732e+02  1.0633e+00 -2.1732e+02 -1.0658e+00
-6.3433e+00     4.2267e+01  1.6050e-01 -4.2267e+01 -1.6625e-01  2.1889e+02  1.0688e+00 -2.1889e+02 -1.0715e+00
-6.3050e+00     5.8563e+01  2.1389e-01 -5.8563e+01 -2.1461e-01  2.2082e+02  1.0759e+00 -2.2082e+02 -1.0788e+00
-6.2667e+00     4.2961e+01  1.3839e-01 -4.2961e+01 -1.3487e-01  2.2276e+02  1.0827e+00 -2.2276e+02 -1.0855e+00
-6.2283e+00     4.4648e+01  1.7397e-01 -4.4648e+01 -1.4725e-01  2.2444e+02  1.0886e+00 -2.2444e+02 -1.0909e+00
-6.1900e+00     6.0600e+01  2.1348e-01 -6.0600e+01 -2.0735e-01  2.2645e+02  1.0961e+00 -2.2645e+02 -1.0977e+00
-6.1517e+00     4.9822e+01  1.6053e-01 -4.9822e+01 -1.5819e-01  2.2857e+02  1.1032e+00 -2.2857e+02 -1.1047e+00
-6.1133e+00     4.4404e+01  1.4674e-01 -4.4404e+01 -1.6666e-01  2.3037e+02  1.1091e+00 -2.3037e+02 -1.1109e+00
-6.0750e+00     5.0988e+01  1.6560e-01 -5.0988e+01 -1.9060e-01  2.3219e+02  1.1151e+00 -2.3219e+02 -1.1177e+00
-6.0367e+00     4.3028e+01  1.4104e-01 -4.3028e+01 -1.2671e-01  2.3399e+02  1.1209e+00 -2.3399e+02 -1.1238e+00
-5.9983e+00     5.7493e+01  2.0363e-01 -5.7493e+01 -2.0270e-01  2.3592e+02  1.1275e+00 -2.3592e+02 -1.1301e+00
-5.9600e+00     4.4570e+01  1.3864e-01 -4.4570e+01 -1.3844e-01  2.3787e+02  1.1341e+00 -2.3787e+02 -1.1366e+00
-5.9217e+00     5.8800e+01  1.8609e-01 -5.8800e+01 -1.7466e-01  2.3985e+02  1.1403e+00 -2.3985e+02 -1.1426e+00
-5.8833e+00     6.5575e+01  2.2364e-01 -6.5575e+01 -2.2219e-01  2.4223e+02  1.1481e+00 -2.4223e+02 -1.1502e+00
-5.8450e+00     4.5567e+01  1.2986e-01 -4.5567e+01 -1.2442e-01  2.4435e+02  1.1549e+00 -2.4435e+02 -1.1569e+00
-5.8067e+00     4.0314e+01  1.1795e-01 -4.0314e+01 -1.2268e-01  2.4600e+02  1.1596e+00 -2.4600e+02 -1.1616e+00
-5.7683e+00     6.4412e+01  1.7398e-01 -6.4412e+01 -1.7120e-01  2.4800e+02  1.1652e+00 -2.4800e+02 -1.1672e+00
-5.7300e+00     4.7195e+01  1.0971e-01 -4.7195e+01 -1.1401e-01  2.5014e+02  1.1707e+00 -2.5014e+02 -1.1727e+00
-5.6917e+00     4.7343e+01  1.3402e-01 -4.7343e+01 -1.4902e-01  2.5195e+02  1.1753e+00 -2.5195e+02 -1.1777e+00
-5.6533e+00     3.7099e+01  1.0565e-01 -3.7099e+01 -1.1254e-01  2.5356e+02  1.1799e+00 -2.5356e+02 -1.1827e+00
-5.6150e+00     4.5173e+01  1.2656e-01 -4.5173e+01 -1.3968e-01  2.5514e+02  1.1843e+00 -2.5514e+02 -1.1875e+00
-5.5767e+00     4.5012e+01  1.1995e-01 -4.5012e+01 -1.2259e-01  2.5686e+02  1.1891e+00 -2.5686e+02 -1.1926e+00
-5.5383e+00     4.8702e+01  1.4472e-01 -4.8702e+01 -1.5499e-01  2.5865e+02  1.1941e+00 -2.5865e+02 -1.1979e+00
-5.5000e+00     5.6731e+01  1.4327e-01 -5.6731e+01 -1.4535e-01  2.6067e+02  1.1996e+00 -2.6067e+02 -1.2036e+00
-5.4617e+00     3.9804e+01  1.1583e-01 -3.9804e+01 -1.1552e-01  2.6252e+02  1.2046e+00 -2.6252e+02 -1.2086e+00
-5.4233e+00     4.4729e+01  1.2283e-01 -4.4729e+01 -1.5102e-01  2.6414e+02  1.2092e+00 -2.6414e+02 -1.2137e+00
-5.3850e+00     5.2365e+01  1.4246e-01 -5.2365e+01 -1.3425e-01  2.6599e+02  1.2142e+00 -2.6599e+02 -1.2192e+00
-5.3467e+00     4.2214e+01  1.1551e-01 -4.2214e+01 -1.2062e-01  2.6780e+02  1.2192e+00 -2.6780e+02 -1.2240e+00
-5.3083e+00     3.3582e+01  9.2983e-02 -3.3582e+01 -9.7642e-02  2.6925e+02  1.2232e+00 -2.6925e+02 -1.2282e+00
-5.2700e+00     3.5273e+01  1.0280e-01 -3.5273e+01 -9.5982e-02  2.7057e+02  1.2269e+00 -2.7057e+02 -1.2319e+00
-5.2317e+00     4.4913e+01  1.2228e-01 -4.4913e+01 -1.1986e-01  2.7211e+02  1.2312e+00 -2.7211e+02 -1.2361e+00
-5.1933e+00     4.4090e+01  1.1087e-01 -4.4090e+01 -1.2689e-01  2.7381e+02  1.2357e+00 -2.7381e+02 -1.2408e+00
-5.1550e+00     4.0335e+01  9.8003e-02 -4.0335e+01 -9.8380e-02  2.7542e+02  1.2397e+00 -2.7542e+02 -1.2451e+00
-5.1167e+00     4.5393e+01  9.5524e-02 -4.5393e+01 -9.4341e-02  2.7706e+02  1.2434e+00 -2.7706e+02 -1.2488e+00
-5.0783e+00     4.4637e+01  1.4428e-01 -4.4637e+01 -1.4652e-01  2.7879e+02  1.2480e+00 -2.7879e+02 -1.2534e+00
-5.0400e+00     3.6885e+01  8.5644e-02 -3.6885e+01 -9.0335e-02  2.8035e+02  1.2524e+00 -2.8035e+02 -1.2579e+00
-5.0017e+00     4.3619e+01  1.1157e-01 -4.3619e+01 -1.1579e-01  2.8189e+02  1.2561e+00 -2.8189e+02 -1.2619e+00
-4.9633e+00     1.7545e+01  4.1126e-02 -1.7545e+01 -4.1186e-02  2.8306e+02  1.2591e+00 -2.8306e+02 -1.2649e+00
-4.9250e+00     4.9061e+01  1.3627e-01 -4.9061e+01 -1.4285e-01  2.8433e+02  1.2625e+00 -2.8433e+02 -1.2684e+00
-4.8867e+00     4.1619e+01  1.4327e-01 -4.1619e+01 -1.3068e-01  2.8607e+02  1.2678e+00 -2.8607e+02 -1.2736e+00
-4.8483e+00     2.4066e+01  7.1007e-02 -2.4066e+01 -6.1090e-02  2.8732e+02  1.2719e+00 -2.8732e+02 -1.2773e+00
-4.8100e+00     2.8872e+01  8.4142e-02 -2.8872e+01 -8.6960e-02  2.8834e+02  1.2749e+00 -2.8834e+02 -1.2801e+00
-4.7717e+00     2.3376e+01  7.2090e-02 -2.3376e+01 -7.4955e-02  2.8934e+02  1.2779e+00 -2.8934e+02 -1.2832e+00
-4.7333e+00     4.5170e+01  1.1775e-01 -4.5170e+01 -1.2326e-01  2.9065e+02  1.2815e+00 -2.9065e+02 -1.2870e+00
-4.6950e+00     3.3446e+01  1.0852e-01 -3.3446e+01 -1.0711e-01  2.9215e+02  1.2858e+00 -2.9215e+02 -1.2914e+00
-4.6567e+00     3.3812e+01  9.5440e-02 -3.3812e+01 -1.0584e-01  2.9344e+02  1.2897e+00 -2.9344e+02 -1.2955e+00
-4.6183e+00     3.1823e+01  9.3727e-02 -3.1823e+01 -8.8293e-02  2.9470e+02  1.2933e+00 -2.9470e+02 -1.2992e+00
-4.5800e+00     2.9056e+01  7.5821e-02 -2.9056e+01 -7.4603e-02  2.9586e+02  1.2966e+00 -2.9586e+02 -1.3023e+00
-4.5417e+00     3.3318e+01  9.9375e-02 -3.3318e+01 -9.6059e-02  2.9705e+02  1.2999e+00 -2.9705e+02 -1.3056e+00
-4.5033e+00     3.6196e+01  1.1022e-01 -3.6196e+01 -1.0290e-01  2.9838e+02  1.3040e+00 -2.9838e+02 -1.3094e+00
-4.4650e+00     2.2510e+01  8.3860e-02 -2.2510e+01 -8.0569e-02  2.9951e+02  1.3077e+00 -2.9951e+02 -1.3129e+00
-4.4267e+00     2.3620e+01  7.3187e-02 -2.3620e+01 -7.2276e-02  3.0039e+02  1.3107e+00 -3.0039e+02 -1.3158e+00
-4.3883e+00     2.8003e+01  9.6394e-02 -2.8003e+01 -1.0015e-01  3.0138e+02  1.3139e+00 -3.0138e+02 -1.3191e+00
-4.3500e+00     1.7990e+01  5.7296e-02 -1.7990e+01 -6.5378e-02  3.0226e+02  1.3169e+00 -3.0226e+02 -1.3223e+00
-4.3117e+00     1.8156e+01  7.1282e-02 -1.8156e+01 -6.8738e-02  3.0295e+02  1.3193e+00 -3.0295e+02 -1.3249e+00
-4.2733e+00     1.4889e+01  7.1606e-02 -1.4889e+01 -6.4737e-02  3.0358e+02  1.3221e+00 -3.0358e+02 -1.3274e+00
-4.2350e+00     1.7433e+01  7.6832e-02 -1.7433e+01 -7.8908e-02  3.0420e+02  1.3249e+00 -3.0420e+02 -1.3302e+00
-4.1967e+00     1.9354e+01  1.1307e-01 -1.9354e+01 -1.0614e-01  3.0491e+02  1.3285e+00 -3.0491e+02 -1.3337e+00
-4.1583e+00     1.5347e+01  7.5645e-02 -1.5347e+01 -7.3938e-02  3.0557e+02  1.3321e+00 -3.0557e+02 -1.3372e+00
-4.1200e+00     1.5310e+01  6.1661e-02 -1.5310e+01 -7.2689e-02  3.0616e+02  1.3348e+00 -3.0616e+02 -1.3400e+00
-4.0817e+00     1.4460e+01  7.2155e-02 -1.4460e+01 -7.2605e-02  3.0673e+02  1.3373e+00 -3.0673e+02 -1.3427e+00
-4.0433e+00     1.3161e+01  6.9764e-02 -1.3161e+01 -6.4893e-02  3.0725e+02  1.3400e+00 -3.0725e+02 -1.3454e+00
-4.0050e+00     1.3714e+01  7.0340e-02 -1.3714e+01 -7.6760e-02  3.0777e+02  1.3427e+00 -3.0777e+02 -1.3481e+00
-3.9667e+00     2.1290e+01  1.1632e-01 -2.1290e+01 -1.3020e-01  3.0844e+02  1.3463e+00 -3.0844e+02 -1.3520e+00
-3.9283e+00     1.4312e+01  8.9132e-02 -1.4312e+01 -9.1983e-02  3.0912e+02  1.3502e+00 -3.0912e+02 -1.3563e+00
-3.8900e+00     1.4369e+01  9.3092e-02 -1.4369e+01 -9.2069e-02  3.0967e+02  1.3537e+00 -3.0967e+02 -1.3598e+00
-3.8517e+00     1.6433e+01  9.5201e-02 -1.6433e+01 -9.3414e-02  3.1026e+02  1.3573e+00 -3.1026e+02 -1.3634e+00
-3.8133e+00     8.9719e+00  5.5265e-02 -8.9719e+00 -5.7990e-02  3.1074e+02  1.3602e+00 -3.1074e+02 -1.3663e+00
-3.7750e+00     1.0229e+01  6.1900e-02 -1.0229e+01 -6.0693e-02  3.1111e+02  1.3624e+00 -3.1111e+02 -1.3685e+00
-3.7367e+00     1.2465e+01  7.6943e-02 -1.2465e+01 -7.2170e-02  3.1154e+02  1.3651e+00 -3.1154e+02 -1.3711e+00
-3.6983e+00     1.3094e+01  7.8670e-02 -1.3094e+01 -7.5874e-02  3.1203e+02  1.3681e+00 -3.1203e+02 -1.3739e+00
-3.6600e+00     1.7541e+01  1.3524e-01 -1.7541e+01 -1.3226e-01  3.1262e+02  1.3722e+00 -3.1262e+02 -1.3779e+00
-3.6217e+00     9.6706e+00  5.8983e-02 -9.6706e+00 -6.8935e-02  3.1314e+02  1.3759e+00 -3.1314e+02 -1.3817e+00
-3.5833e+00     8.5880e+00  7.4064e-02 -8.5880e+00 -7.6305e-02  3.1349e+02  1.3784e+00 -3.1349e+02 -1.3845e+00
-3.5450e+00     1.3341e+01  1.3248e-01 -1.3341e+01 -1.2961e-01  3.1391e+02  1.3824e+00 -3.1391e+02 -1.3885e+00
-3.5067e+00     9.9189e+00  7.6308e-02 -9.9189e+00 -7.7898e-02  3.1435e+02  1.3864e+00 -3.1435e+02 -1.3924e+00
-3.4683e+00     1.3697e+01  9.2516e-02 -1.3697e+01 -9.9483e-02  3.1481e+02  1.3896e+00 -3.1481e+02 -1.3958e+00
-3.4300e+00     5.6499e+00  6.0838e-02 -5.6499e+00 -6.7609e-02  3.1518e+02  1.3925e+00 -3.1518e+02 -1.3990e+00
-3.3917e+00     9.6354e+00  1.6286e-01 -9.6354e+00 -1.6718e-01  3.1547e+02  1.3968e+00 -3.1547e+02 -1.4035e+00
-3.3533e+00     1.0618e+01  1.3175e-01 -1.0618e+01 -1.1787e-01  3.1586e+02  1.4025e+00 -3.1586e+02 -1.4090e+00
-3.3150e+00     9.9768e+00  1.4371e-01 -9.9768e+00 -1.4572e-01  3.1625e+02  1.4077e+00 -3.1625e+02 -1.4140e+00
-3.2767e+00     5.3706e+00  6.9557e-02 -5.3706e+00 -7.5135e-02  3.1654e+02  1.4118e+00 -3.1654e+02 -1.4182e+00
-3.2383e+00     6.6646e+00  9.0326e-02 -6.6646e+00 -9.7530e-02  3.1678e+02  1.4149e+00 -3.1678e+02 -1.4215e+00
-3.2000e+00     7.1075e+00  1.1450e-01 -7.1075e+00 -1.1823e-01  3.1704e+02  1.4188e+00 -3.1704e+02 -1.4257e+00
-3.1617e+00     6.8043e+00  1.1662e-01 -6.8043e+00 -1.1494e-01  3.1730e+02  1.4232e+00 -3.1730e+02 -1.4301e+00
-3.1233e+00     9.1632e+00  2.2883e-01 -9.1632e+00 -2.1252e-01  3.1761e+02  1.4298e+00 -3.1761e+02 -1.4364e+00
-3.0850e+00     9.8101e+00  2.1948e-01 -9.8101e+00 -1.9591e-01  3.1797e+02  1.4384e+00 -3.1797e+02 -1.4442e+00
-3.0467e+00     9.5966e+00  1.8041e-01 -9.5966e+00 -1.6496e-01  3.1834e+02  1.4461e+00 -3.1834e+02 -1.4511e+00
-3.0083e+00     1.0597e+01  1.7114e-01 -1.0597e+01 -1.5889e-01  3.1873e+02  1.4528e+00 -3.1873e+02 -1.4573e+00
-2.9700e+00     8.5126e+00  1.1110e-01 -8.5126e+00 -1.1105e-01  3.1910e+02  1.4582e+00 -3.1910e+02 -1.4625e+00
-2.9317e+00     1.4337e+01  1.2937e-01 -1.4337e+01 -1.3430e-01  3.1953e+02  1.4628e+00 -3.1953e+02 -1.4672e+00
-2.8933e+00     1.0138e+01  9.9095e-02 -1.0138e+01 -1.0878e-01  3.2000e+02  1.4671e+00 -3.2000e+02 -1.4718e+00
-2.8550e+00     1.0537e+01  7.1847e-02 -1.0537e+01 -9.3045e-02  3.2040e+02  1.4704e+00 -3.2040e+02 -1.4757e+00
-2.8167e+00     8.8023e+00  4.8431e-02 -8.8023e+00 -6.4004e-02  3.2077e+02  1.4727e+00 -3.2077e+02 -1.4787e+00
-2.7783e+00     6.7308e+00  3.6592e-02 -6.7308e+00 -4.7639e-02  3.2107e+02  1.4743e+00 -3.2107e+02 -1.4808e+00
-2.7400e+00     6.5636e+00  3.7244e-02 -6.5636e+00 -4.3744e-02  3.2132e+02  1.4758e+00 -3.2132e+02 -1.4826e+00
-2.7017e+00     6.5896e+00  3.9519e-02 -6.5896e+00 -3.7940e-02  3.2157e+02  1.4772e+00 -3.2157e+02 -1.4841e+00
-2.6633e+00     6.5556e+00  4.9915e-02 -6.5556e+00 -4.8135e-02  3.2182e+02  1.4789e+00 -3.2182e+02 -1.4858e+00
-2.6250e+00     6.1822e-01  5.1833e-03 -6.1822e-01 -4.3802e-03  3.2196e+02  1.4800e+00 -3.2196e+02 -1.4868e+00
-2.5867e+00     0.0000e+00  0.0000e+00 -0.0000e+00 -0.0000e+00  3.2197e+02  1.4801e+00 -3.2197e+02 -1.4869e+00
-2.5483e+00     0.0000e+00  0.0000e+00 -0.0000e+00 -0.0000e+00  3.2197e+02  1.4801e+00 -3.2197e+02 -1.4869e+00
-2.5100e+00     0.0000e+00  0.0000e+00 -0.0000e+00 -0.0000e+00  3.2197e+02  1.4801e+00 -3.2197e+02 -1.4869e+00
-2.4717e+00     2.4488e+01  2.1541e-02 -2.4488e+01 -2.2855e-02  3.2244e+02  1.4805e+00 -3.2244e+02 -1.4873e+00
-2.4333e+00     4.7045e+00  1.5929e-03 -4.7045e+00 -1.9522e-03  3.2300e+02  1.4810e+00 -3.2300e+02 -1.4878e+00
-2.3950e+00     0.0000e+00  0.0000e+00 -0.0000e+00 -0.0000e+00  3.2309e+02  1.4810e+00 -3.2309e+02 -1.4878e+00
-2.3567e+00     1.4512e+01  1.9914e-02 -1.4512e+01 -1.9121e-02  3.2337e+02  1.4814e+00 -3.2337e+02 -1.4882e+00
-2.3183e+00     4.9582e+00  6.0574e-03 -4.9582e+00 -5.6809e-03  3.2374e+02  1.4819e+00 -3.2374e+02 -1.4887e+00
-2.2800e+00     1.5717e+00  7.3317e-04 -1.5717e+00 -7.3683e-04  3.2386e+02  1.4820e+00 -3.2386e+02 -1.4888e+00
-2.2417e+00     9.7548e+00  3.3709e-03 -9.7548e+00 -2.8795e-03  3.2408e+02  1.4821e+00 -3.2408e+02 -1.4889e+00
-2.2033e+00     1.3807e+01  7.8043e-03 -1.3807e+01 -7.5319e-03  3.2453e+02  1.4823e+00 -3.2453e+02 -1.4891e+00
-2.1650e+00     0.0000e+00  0.0000e+00 -0.0000e+00 -0.0000e+00  3.2480e+02  1.4824e+00 -3.2480e+02 -1.4892e+00
-2.1267e+00     2.9791e+00  3.6081e-03 -2.9791e+00 -3.6063e-03  3.2485e+02  1.4825e+00 -3.2485e+02 -1.4893e+00
-2.0883e+00     6.9790e+00  9.2578e-03 -6.9790e+00 -8.9402e-03  3.2504e+02  1.4827e+00 -3.2504e+02 -1.4895e+00
-2.0500e+00     6.8095e+00  8.1018e-03 -6.8095e+00 -8.2497e-03  3.2531e+02  1.4831e+00 -3.2531e+02 -1.4898e+00
-2.0117e+00     6.0166e+00  7.1568e-03 -6.0166e+00 -7.5290e-03  3.2555e+02  1.4834e+00 -3.2555e+02 -1.4901e+00
-1.9733e+00     0.0000e+00  0.0000e+00 -0.0000e+00 -0.0000e+00  3.2567e+02  1.4835e+00 -3.2567e+02 -1.4903e+00
-1.9350e+00     0.0000e+00  0.0000e+00 -0.0000e+00 -0.0000e+00  3.2567e+02  1.4835e+00 -3.2567e+02 -1.4903e+00
-1.8967e+00     0.0000e+00  0.0000e+00 -0.0000e+00 -0.0000e+00  3.2567e+02  1.4835e+00 -3.2567e+02 -1.4903e+00
-1.8583e+00     0.0000e+00  0.0000e+00 -0.0000e+00 -0.0000e+00  3.2567e+02  1.4835e+00 -3.2567e+02 -1.4903e+00
-1.8200e+00     0.0000e+00  0.0000e+00 -0.0000e+00 -0.0000e+00  3.2567e+02  1.4835e+00 -3.2567e+02 -1.4903e+00
-1.7817e+00     0.0000e+00  0.0000e+00 -0.0000e+00 -0.0000e+00  3.2567e+02  1.4835e+00 -3.2567e+02 -1.4903e+00
-1.7433e+00     0.0000e+00  0.0000e+00 -0.0000e+00 -0.0000e+00  3.2567e+02  1.4835e+00 -3.2567e+02 -1.4903e+00
-1.7050e+00     0.0000e+00  0.0000e+00 -0.0000e+00 -0.0000e+00  3.2567e+02  1.4835e+00 -3.2567e+02 -1.4903e+00
-1.6667e+00     0.0000e+00  0.0000e+00 -0.0000e+00 -0.0000e+00  3.2567e+02  1.4835e+00 -3.2567e+02 -1.4903e+00
-1.6283e+00     1.1015e+01  4.2914e-03 -1.1015e+01 -2.5700e-03  3.2588e+02  1.4836e+00 -3.2588e+02 -1.4903e+00
-1.5900e+00     8.1176e+00  1.3857e-03 -8.1175e+00  4.0986e-04  3.2624e+02  1.4837e+00 -3.2624e+02 -1.4904e+00
-1.5517e+00     0.0000e+00  0.0000e+00 -0.0000e+00 -0.0000e+00  3.2640e+02  1.4837e+00 -3.2640e+02 -1.4904e+00
-1.5133e+00     0.0000e+00  0.0000e+00 -0.0000e+00 -0.0000e+00  3.2640e+02  1.4837e+00 -3.2640e+02 -1.4904e+00
-1.4750e+00     9.6148e-01  2.5248e-04 -9.6148e-01  1.2471e-04  3.2642e+02  1.4837e+00 -3.2642e+02 -1.4904e+00
-1.4367e+00     4.7652e+00  5.4923e-04 -4.7652e+00  2.7161e-05  3.2653e+02  1.4837e+00 -3.2653e+02 -1.4904e+00
-1.3983e+00     0.0000e+00  0.0000e+00 -0.0000e+00 -0.0000e+00  3.2662e+02  1.4838e+00 -3.2662e+02 -1.4904e+00
-1.3600e+00     1.0140e+01  2.6265e-03 -1.0140e+01 -7.2074e-04  3.2681e+02  1.4838e+00 -3.2681e+02 -1.4904e+00
-1.3217e+00     5.9153e+00  1.8389e-03 -5.9153e+00 -5.0138e-04  3.2712e+02  1.4839e+00 -3.2712e+02 -1.4904e+00
-1.2833e+00     5.9132e+00  2.1827e-03 -5.9132e+00 -4.0592e-04  3.2735e+02  1.4840e+00 -3.2735e+02 -1.4904e+00
-1.2450e+00     4.6114e+00  2.8776e-03 -4.6114e+00  4.7218e-04  3.2755e+02  1.4841e+00 -3.2755e+02 -1.4904e+00
-1.2067e+00     0.0000e+00  0.0000e+00 -0.0000e+00 -0.0000e+00  3.2764e+02  1.4841e+00 -3.2764e+02 -1.4904e+00
-1.1683e+00     2.6932e+00  6.9327e-04 -2.6932e+00  4.0215e-04  3.2769e+02  1.4841e+00 -3.2769e+02 -1.4904e+00
-1.1300e+00     1.7372e+01  3.3059e-03 -1.7372e+01  1.6224e-03  3.2807e+02  1.4842e+00 -3.2807e+02 -1.4904e+00
-1.0917e+00     6.8590e-02  1.4321e-05 -6.8590e-02 -6.0119e-06  3.2841e+02  1.4843e+00 -3.2841e+02 -1.4903e+00
-1.0533e+00     1.2227e+01  5.3694e-03 -1.2227e+01 -1.9227e-03  3.2864e+02  1.4844e+00 -3.2864e+02 -1.4904e+00
-1.0150e+00     2.6689e+01  2.3402e-02 -2.6689e+01 -1.4680e-02  3.2939e+02  1.4849e+00 -3.2939e+02 -1.4907e+00
-9.7667e-01     0.0000e+00  0.0000e+00 -0.0000e+00 -0.0000e+00  3.2990e+02  1.4854e+00 -3.2990e+02 -1.4910e+00
-9.3833e-01     1.1225e+01  4.2031e-03 -1.1225e+01 -6.3618e-04  3.3011e+02  1.4855e+00 -3.3011e+02 -1.4910e+00
-9.0000e-01     7.1889e+00  1.5881e-03 -7.1889e+00  2.9820e-04  3.3046e+02  1.4856e+00 -3.3046e+02 -1.4910e+00
-8.6167e-01     1.0071e+01  8.6214e-04 -1.0071e+01 -3.1811e-05  3.3079e+02  1.4856e+00 -3.3079e+02 -1.4910e+00
-8.2333e-01     0.0000e+00  0.0000e+00 -0.0000e+00 -0.0000e+00  3.3099e+02  1.4856e+00 -3.3099e+02 -1.4910e+00
-7.8500e-01     0.0000e+00  0.0000e+00 -0.0000e+00 -0.0000e+00  3.3099e+02  1.4856e+00 -3.3099e+02 -1.4910e+00
-7.4667e-01     0.0000e+00  0.0000e+00 -0.0000e+00 -0.0000e+00  3.3099e+02  1.4856e+00 -3.3099e+02 -1.4910e+00
-7.0833e-01     0.0000e+00  0.0000e+00 -0.0000e+00 -0.0000e+00  3.3099e+02  1.4856e+00 -3.3099e+02 -1.4910e+00
-6.7000e-01     0.0000e+00  0.0000e+00 -0.0000e+00 -0.0000e+00  3.3099e+02  1.4856e+00 -3.3099e+02 -1.4910e+00
-6.3167e-01     0.0000e+00  0.0000e+00 -0.0000e+00 -0.0000e+00  3.3099e+02  1.4856e+00 -3.3099e+02 -1.4910e+00
-5.9333e-01     0.0000e+00  0.0000e+00 -0.0000e+00 -0.0000e+00  3.3099e+02  1.4856e+00 -3.3099e+02 -1.4910e+00
-5.5500e-01     0.0000e+00  0.0000e+00 -0.0000e+00 -0.0000e+00  3.3099e+02  1.4856e+00 -3.3099e+02 -1.4910e+00
-5.1667e-01     0.0000e+00  0.0000e+00 -0.0000e+00 -0.0000e+00  3.3099e+02  1.4856e+00 -3.3099e+02 -1.4910e+00
-4.7833e-01     0.0000e+00  0.0000e+00 -0.0000e+00 -0.0000e+00  3.3099e+02  1.4856e+00 -3.3099e+02 -1.4910e+00
-4.4000e-01     0.0000e+00  0.0000e+00 -0.0000e+00 -0.0000e+00  3.3099e+02  1.4856e+00 -3.3099e+02 -1.4910e+00
-4.0167e-01     4.4283e+00  1.7528e-03 -4.4283e+00 -9.1064e-04  3.3107e+02  1.4857e+00 -3.3107e+02 -1.4910e+00
-3.6333e-01     1.8122e+01  9.6301e-03 -1.8122e+01 -2.0185e-02  3.3150e+02  1.4859e+00 -3.3150e+02 -1.4914e+00
-3.2500e-01     3.8247e+00  1.4127e-02 -3.8247e+00 -1.4977e-02  3.3192e+02  1.4863e+00 -3.3192e+02 -1.4921e+00
-2.8667e-01     2.7554e+00  4.9520e-02 -2.7554e+00 -5.1502e-02  3.3205e+02  1.4876e+00 -3.3205e+02 -1.4933e+00
-2.4833e-01     2.7454e+00  5.2038e-02 -2.7454e+00 -4.9253e-02  3.3215e+02  1.4895e+00 -3.3215e+02 -1.4953e+00
-2.1000e-01     4.0451e+00  8.3005e-02 -4.0451e+00 -7.4754e-02  3.3228e+02  1.4921e+00 -3.3228e+02 -1.4976e+00
-1.7167e-01     3.4444e+00  6.0615e-02 -3.4444e+00 -5.4989e-02  3.3243e+02  1.4948e+00 -3.3243e+02 -1.5001e+00
-1.3333e-01     3.9996e+00  5.0130e-02 -3.9996e+00 -4.6554e-02  3.3257e+02  1.4969e+00 -3.3257e+02 -1.5021e+00
-9.5000e-02     8.0204e+00  7.0155e-02 -8.0204e+00 -6.5449e-02  3.3280e+02  1.4992e+00 -3.3280e+02 -1.5042e+00
-5.6667e-02     1.3479e+01  1.0644e-01 -1.3479e+01 -1.1369e-01  3.3321e+02  1.5026e+00 -3.3321e+02 -1.5076e+00
-1.8333e-02     1.1317e+01  7.5954e-02 -1.1317e+01 -5.8842e-02  3.3369e+02  1.5061e+00 -3.3369e+02 -1.5109e+00
2.0000e-02     1.5780e+01  1.2518e-01 -1.5780e+01 -9.9901e-02  3.3420e+02  1.5100e+00 -3.3420e+02 -1.5140e+00
5.8333e-02     1.0603e+01  9.1367e-02 -1.0603e+01 -7.9287e-02  3.3471e+02  1.5141e+00 -3.3471e+02 -1.5174e+00
9.6667e-02     1.2358e+01  1.0236e-01 -1.2358e+01 -9.7443e-02  3.3515e+02  1.5178e+00 -3.3515e+02 -1.5208e+00
1.3500e-01     3.4313e+01  1.9730e-01 -3.4313e+01 -1.7560e-01  3.3604e+02  1.5236e+00 -3.3604e+02 -1.5260e+00
1.7333e-01     2.2591e+01  1.0493e-01 -2.2591e+01 -1.2185e-01  3.3713e+02  1.5293e+00 -3.3713e+02 -1.5317e+00
2.1167e-01     1.9019e+01  1.0715e-01 -1.9019e+01 -9.7431e-02  3.3793e+02  1.5334e+00 -3.3793e+02 -1.5359e+00
2.5000e-01     1.0837e+01  4.6589e-02 -1.0837e+01 -4.5261e-02  3.3850e+02  1.5363e+00 -3.3850e+02 -1.5386e+00
2.8833e-01     2.3545e+01  1.0925e-01 -2.3545e+01 -1.0700e-01  3.3916e+02  1.5393e+00 -3.3916e+02 -1.5415e+00
3.2667e-01     2.4001e+01  1.1101e-01 -2.4001e+01 -1.1280e-01  3.4007e+02  1.5435e+00 -3.4007e+02 -1.5458e+00
3.6500e-01     2.0370e+01  1.1378e-01 -2.0370e+01 -1.0409e-01  3.4091e+02  1.5478e+00 -3.4091e+02 -1.5499e+00
4.0333e-01     2.3582e+01  1.4759e-01 -2.3582e+01 -1.3954e-01  3.4176e+02  1.5528e+00 -3.4176e+02 -1.5546e+00
4.4167e-01     1.8764e+01  1.3802e-01 -1.8764e+01 -1.3252e-01  3.4257e+02  1.5583e+00 -3.4257e+02 -1.5598e+00
4.8000e-01     1.3551e+01  1.2211e-01 -1.3551e+01 -1.2250e-01  3.4318e+02  1.5633e+00 -3.4318e+02 -1.5647e+00
5.1833e-01     2.6993e+01  2.7739e-01 -2.6993e+01 -2.9024e-01  3.4396e+02  1.5709e+00 -3.4396e+02 -1.5725e+00
5.5667e-01     2.5139e+01  2.8457e-01 -2.5139e+01 -2.4872e-01  3.4496e+02  1.5817e+00 -3.4496e+02 -1.5829e+00
5.9500e-01     1.5177e+01  1.4047e-01 -1.5177e+01 -1.3743e-01  3.4573e+02  1.5898e+00 -3.4573e+02 -1.5903e+00
6.3333e-01     2.9565e+01  2.2196e-01 -2.9565e+01 -2.8026e-01  3.4658e+02  1.5967e+00 -3.4658e+02 -1.5982e+00
6.7167e-01     2.4546e+01  2.1353e-01 -2.4546e+01 -1.8030e-01  3.4762e+02  1.6051e+00 -3.4762e+02 -1.6071e+00
7.1000e-01     3.0991e+01  2.1901e-01 -3.0991e+01 -2.3473e-01  3.4868e+02  1.6134e+00 -3.4868e+02 -1.6150e+00
7.4833e-01     3.1499e+01  2.2362e-01 -3.1499e+01 -2.7184e-01  3.4988e+02  1.6218e+00 -3.4988e+02 -1.6247e+00
7.8667e-01     2.5083e+01  2.2829e-01 -2.5083e+01 -2.2523e-01  3.5096e+02  1.6305e+00 -3.5096e+02 -1.6342e+00
8.2500e-01     2.2847e+01  1.9502e-01 -2.2847e+01 -1.7980e-01  3.5188e+02  1.6386e+00 -3.5188e+02 -1.6420e+00
8.6333e-01     3.0963e+01  2.6050e-01 -3.0963e+01 -2.1036e-01  3.5291e+02  1.6473e+00 -3.5291e+02 -1.6494e+00
9.0167e-01     2.9486e+01  2.7938e-01 -2.9486e+01 -2.4715e-01  3.5406e+02  1.6576e+00 -3.5406e+02 -1.6582e+00
9.4000e-01     2.6210e+01  2.6390e-01 -2.6210e+01 -2.4644e-01  3.5513e+02  1.6680e+00 -3.5513e+02 -1.6676e+00
9.7833e-01     3.3465e+01  3.2299e-01 -3.3465e+01 -3.0595e-01  3.5627e+02  1.6792e+00 -3.5627e+02 -1.6782e+00
1.0167e+00     3.1659e+01  3.1873e-01 -3.1659e+01 -3.2271e-01  3.5752e+02  1.6915e+00 -3.5752e+02 -1.6902e+00
1.0550e+00     2.9440e+01  2.2362e-01 -2.9440e+01 -2.5514e-01  3.5869e+02  1.7019e+00 -3.5869e+02 -1.7013e+00
1.0933e+00     2.6589e+01  2.1982e-01 -2.6589e+01 -2.1433e-01  3.5976e+02  1.7104e+00 -3.5976e+02 -1.7103e+00
1.1317e+00     4.0279e+01  3.5293e-01 -4.0279e+01 -3.4497e-01  3.6104e+02  1.7213e+00 -3.6104e+02 -1.7210e+00
1.1700e+00     3.3435e+01  3.2272e-01 -3.3435e+01 -3.2081e-01  3.6245e+02  1.7343e+00 -3.6245e+02 -1.7337e+00
1.2083e+00     3.5280e+01  3.0223e-01 -3.5280e+01 -3.2523e-01  3.6376e+02  1.7462e+00 -3.6376e+02 -1.7461e+00
1.2467e+00     3.2595e+01  2.4222e-01 -3.2595e+01 -2.4074e-01  3.6506e+02  1.7566e+00 -3.6506e+02 -1.7569e+00
1.2850e+00     3.2746e+01  2.1820e-01 -3.2746e+01 -1.9399e-01  3.6631e+02  1.7655e+00 -3.6631e+02 -1.7652e+00
1.3233e+00     4.2489e+01  2.4989e-01 -4.2489e+01 -2.4577e-01  3.6775e+02  1.7744e+00 -3.6775e+02 -1.7736e+00
1.3617e+00     3.5847e+01  2.4399e-01 -3.5847e+01 -2.3739e-01  3.6925e+02  1.7839e+00 -3.6925e+02 -1.7829e+00
1.4000e+00     3.8884e+01  2.5823e-01 -3.8884e+01 -2.4127e-01  3.7068e+02  1.7935e+00 -3.7068e+02 -1.7920e+00
1.4383e+00     3.8129e+01  2.0255e-01 -3.8129e+01 -2.3419e-01  3.7216e+02  1.8023e+00 -3.7216e+02 -1.8011e+00
1.4767e+00     4.3914e+01  2.6362e-01 -4.3914e+01 -2.6043e-01  3.7373e+02  1.8112e+00 -3.7373e+02 -1.8106e+00
1.5150e+00     4.0534e+01  2.2304e-01 -4.0534e+01 -2.1096e-01  3.7534e+02  1.8205e+00 -3.7534e+02 -1.8196e+00
1.5533e+00     4.4013e+01  2.1010e-01 -4.4013e+01 -1.9122e-01  3.7696e+02  1.8288e+00 -3.7696e+02 -1.8273e+00
1.5917e+00     3.4115e+01  1.5417e-01 -3.4115e+01 -1.4629e-01  3.7845e+02  1.8358e+00 -3.7845e+02 -1.8338e+00
1.6300e+00     4.7935e+01  2.5248e-01 -4.7935e+01 -2.2174e-01  3.8002e+02  1.8436e+00 -3.8002e+02 -1.8408e+00
1.6683e+00     3.5056e+01  2.2310e-01 -3.5056e+01 -2.1393e-01  3.8161e+02  1.8527e+00 -3.8161e+02 -1.8491e+00
1.7067e+00     4.1423e+01  3.0187e-01 -4.1423e+01 -2.5628e-01  3.8308e+02  1.8627e+00 -3.8308e+02 -1.8581e+00
1.7450e+00     4.5021e+01  2.8565e-01 -4.5021e+01 -2.7357e-01  3.8473e+02  1.8739e+00 -3.8473e+02 -1.8683e+00
1.7833e+00     4.1308e+01  2.3392e-01 -4.1308e+01 -2.4203e-01  3.8638e+02  1.8839e+00 -3.8638e+02 -1.8781e+00
1.8217e+00     4.8255e+01  2.6881e-01 -4.8255e+01 -2.8407e-01  3.8810e+02  1.8935e+00 -3.8810e+02 -1.8882e+00
1.8600e+00     4.5762e+01  2.3120e-01 -4.5762e+01 -2.5033e-01  3.8989e+02  1.9031e+00 -3.8989e+02 -1.8984e+00
1.8983e+00     4.8526e+01  2.7681e-01 -4.8526e+01 -2.6967e-01  3.9170e+02  1.9128e+00 -3.9170e+02 -1.9084e+00
1.9367e+00     4.5397e+01  3.0202e-01 -4.5397e+01 -2.7120e-01  3.9350e+02  1.9239e+00 -3.9350e+02 -1.9187e+00
1.9750e+00     5.1302e+01  3.3603e-01 -5.1302e+01 -3.1724e-01  3.9535e+02  1.9361e+00 -3.9535e+02 -1.9300e+00
2.0133e+00     5.0473e+01  3.7517e-01 -5.0473e+01 -3.7922e-01  3.9729e+02  1.9497e+00 -3.9729e+02 -1.9433e+00
2.0517e+00     4.7775e+01  2.7747e-01 -4.7775e+01 -3.2034e-01  3.9917e+02  1.9622e+00 -3.9917e+02 -1.9567e+00
2.0900e+00     4.8585e+01  2.8575e-01 -4.8585e+01 -2.7543e-01  4.0102e+02  1.9730e+00 -4.0102e+02 -1.9681e+00
2.1283e+00     5.0002e+01  2.9679e-01 -5.0002e+01 -2.8238e-01  4.0290e+02  1.9841e+00 -4.0290e+02 -1.9788e+00
2.1667e+00     4.4076e+01  2.7680e-01 -4.4076e+01 -3.0126e-01  4.0470e+02  1.9951e+00 -4.0470e+02 -1.9899e+00
2.2050e+00     4.1551e+01  2.7768e-01 -4.1551e+01 -2.5980e-01  4.0634e+02  2.0057e+00 -4.0634e+02 -2.0007e+00
2.2433e+00     5.0425e+01  3.4326e-01 -5.0425e+01 -3.3914e-01  4.0810e+02  2.0176e+00 -4.0810e+02 -2.0121e+00
2.2817e+00     3.5051e+01  2.5504e-01 -3.5051e+01 -2.5186e-01  4.0974e+02  2.0290e+00 -4.0974e+02 -2.0235e+00
2.3200e+00     4.2304e+01  3.0965e-01 -4.2304e+01 -3.2819e-01  4.1122e+02  2.0398e+00 -4.1122e+02 -2.0346e+00
2.3583e+00     4.8183e+01  3.5282e-01 -4.8183e+01 -3.7770e-01  4.1295e+02  2.0525e+00 -4.1295e+02 -2.0481e+00
2.3967e+00     4.3237e+01  3.2924e-01 -4.3237e+01 -3.2433e-01  4.1470e+02  2.0656e+00 -4.1470e+02 -2.0615e+00
2.4350e+00     4.8958e+01  3.5091e-01 -4.8958e+01 -3.6005e-01  4.1646e+02  2.0786e+00 -4.1646e+02 -2.0746e+00
2.4733e+00     4.6542e+01  3.6852e-01 -4.6542e+01 -3.5038e-01  4.1829e+02  2.0923e+00 -4.1829e+02 -2.0882e+00
2.5117e+00     4.9465e+01  3.7402e-01 -4.9465e+01 -3.7513e-01  4.2013e+02  2.1065e+00 -4.2013e+02 -2.1021e+00
2.5500e+00     5.6008e+01  3.8963e-01 -5.6008e+01 -3.7242e-01  4.2215e+02  2.1212e+00 -4.2215e+02 -2.1164e+00
2.5883e+00     4.6939e+01  3.4386e-01 -4.6939e+01 -3.1469e-01  4.2412e+02  2.1352e+00 -4.2412e+02 -2.1295e+00
2.6267e+00     4.3903e+01  3.2314e-01 -4.3903e+01 -3.0449e-01  4.2585e+02  2.1480e+00 -4.2585e+02 -2.1414e+00
2.6650e+00     5.3829e+01  3.4303e-01 -5.3829e+01 -3.3814e-01  4.2772e+02  2.1607e+00 -4.2772e+02 -2.1537e+00
2.7033e+00     4.1431e+01  2.9702e-01 -4.1431e+01 -3.3564e-01  4.2955e+02  2.1729e+00 -4.2955e+02 -2.1666e+00
2.7417e+00     4.8400e+01  3.5216e-01 -4.8400e+01 -3.7783e-01  4.3127e+02  2.1854e+00 -4.3127e+02 -2.1802e+00
2.7800e+00     6.4213e+01  4.4899e-01 -6.4213e+01 -4.7969e-01  4.3342e+02  2.2007e+00 -4.3342e+02 -2.1966e+00
2.8183e+00     7.4011e+01  4.7609e-01 -7.4011e+01 -5.0610e-01  4.3607e+02  2.2184e+00 -4.3607e+02 -2.2155e+00
2.8567e+00     7.1724e+01  5.5731e-01 -7.1724e+01 -5.7201e-01  4.3885e+02  2.2382e+00 -4.3885e+02 -2.2361e+00
2.8950e+00     4.7458e+01  3.1217e-01 -4.7458e+01 -3.5610e-01  4.4113e+02  2.2548e+00 -4.4113e+02 -2.2539e+00
2.9333e+00     4.9601e+01  3.3731e-01 -4.9601e+01 -3.1091e-01  4.4299e+02  2.2672e+00 -4.4299e+02 -2.2666e+00
2.9717e+00     4.5191e+01  3.2889e-01 -4.5191e+01 -3.1265e-01  4.4481e+02  2.2800e+00 -4.4481e+02 -2.2786e+00
3.0100e+00     4.0049e+01  3.3127e-01 -4.0049e+01 -3.0207e-01  4.4644e+02  2.2926e+00 -4.4644e+02 -2.2903e+00
3.0483e+00     4.7177e+01  3.6088e-01 -4.7177e+01 -3.4095e-01  4.4811e+02  2.3059e+00 -4.4811e+02 -2.3026e+00
3.0867e+00     3.5480e+01  2.4876e-01 -3.5480e+01 -2.4805e-01  4.4969e+02  2.3175e+00 -4.4969e+02 -2.3139e+00
3.1250e+00     4.4316e+01  3.0960e-01 -4.4316e+01 -2.8262e-01  4.5121e+02  2.3282e+00 -4.5121e+02 -2.3241e+00
3.1633e+00     4.7038e+01  3.2209e-01 -4.7038e+01 -3.6462e-01  4.5296e+02  2.3403e+00 -4.5296e+02 -2.3364e+00
3.2017e+00     3.9601e+01  2.9248e-01 -3.9601e+01 -2.9088e-01  4.5462e+02  2.3521e+00 -4.5462e+02 -2.3490e+00
3.2400e+00     4.7373e+01  3.8574e-01 -4.7373e+01 -3.3445e-01  4.5628e+02  2.3650e+00 -4.5628e+02 -2.3609e+00
3.2783e+00     4.5131e+01  3.0942e-01 -4.5131e+01 -3.1917e-01  4.5805e+02  2.3783e+00 -4.5805e+02 -2.3735e+00
3.3167e+00     4.6633e+01  3.6370e-01 -4.6633e+01 -3.6519e-01  4.5981e+02  2.3912e+00 -4.5981e+02 -2.3865e+00
3.3550e+00     3.6843e+01  2.4954e-01 -3.6843e+01 -2.6941e-01  4.6141e+02  2.4030e+00 -4.6141e+02 -2.3987e+00
3.3933e+00     4.0291e+01  2.8392e-01 -4.0291e+01 -2.6708e-01  4.6288e+02  2.4132e+00 -4.6288e+02 -2.4090e+00
3.4317e+00     4.6042e+01  3.1504e-01 -4.6042e+01 -3.7464e-01  4.6454e+02  2.4246e+00 -4.6454e+02 -2.4212e+00
3.4700e+00     4.2276e+01  2.6262e-01 -4.2276e+01 -2.7558e-01  4.6623e+02  2.4357e+00 -4.6623e+02 -2.4337e+00
3.5083e+00     4.4837e+01  3.1634e-01 -4.4837e+01 -3.5154e-01  4.6789e+02  2.4468e+00 -4.6789e+02 -2.4457e+00
3.5467e+00     3.8747e+01  2.8585e-01 -3.8747e+01 -2.7934e-01  4.6949e+02  2.4583e+00 -4.6949e+02 -2.4577e+00
3.5850e+00     4.7441e+01  3.8519e-01 -4.7441e+01 -4.3999e-01  4.7114e+02  2.4711e+00 -4.7114e+02 -2.4715e+00
3.6233e+00     3.5000e+01  3.1400e-01 -3.5000e+01 -3.0338e-01  4.7272e+02  2.4845e+00 -4.7272e+02 -2.4857e+00
3.6617e+00     4.7269e+01  3.9693e-01 -4.7269e+01 -4.7407e-01  4.7429e+02  2.4981e+00 -4.7429e+02 -2.5006e+00
3.7000e+00     3.7305e+01  2.8441e-01 -3.7305e+01 -3.1429e-01  4.7591e+02  2.5111e+00 -4.7591e+02 -2.5157e+00
3.7383e+00     4.0403e+01  2.9279e-01 -4.0403e+01 -3.2300e-01  4.7740e+02  2.5222e+00 -4.7740e+02 -2.5279e+00
3.7767e+00     3.7187e+01  3.0673e-01 -3.7187e+01 -3.2142e-01  4.7888e+02  2.5337e+00 -4.7888e+02 -2.5402e+00
3.8150e+00     4.5776e+01  3.6645e-01 -4.5776e+01 -3.9805e-01  4.8047e+02  2.5465e+00 -4.8047e+02 -2.5540e+00
3.8533e+00     3.9068e+01  3.4264e-01 -3.9068e+01 -3.2273e-01  4.8209e+02  2.5601e+00 -4.8209e+02 -2.5678e+00
3.8917e+00     4.1242e+01  3.5877e-01 -4.1242e+01 -3.5783e-01  4.8363e+02  2.5735e+00 -4.8363e+02 -2.5808e+00
3.9300e+00     4.0221e+01  3.2925e-01 -4.0221e+01 -3.1918e-01  4.8519e+02  2.5867e+00 -4.8519e+02 -2.5938e+00
3.9683e+00     4.0078e+01  3.5712e-01 -4.0078e+01 -3.5021e-01  4.8673e+02  2.5998e+00 -4.8673e+02 -2.6066e+00
4.0067e+00     4.0473e+01  3.3427e-01 -4.0473e+01 -3.2963e-01  4.8827e+02  2.6130e+00 -4.8827e+02 -2.6196e+00
4.0450e+00     3.5305e+01  2.9921e-01 -3.5305e+01 -3.0494e-01  4.8972e+02  2.6252e+00 -4.8972e+02 -2.6317e+00
4.0833e+00     3.5060e+01  3.1066e-01 -3.5060e+01 -3.3799e-01  4.9106e+02  2.6368e+00 -4.9106e+02 -2.6440e+00
4.1217e+00     3.6265e+01  3.3349e-01 -3.6265e+01 -3.7127e-01  4.9243e+02  2.6492e+00 -4.9243e+02 -2.6576e+00
4.1600e+00     3.8690e+01  3.8796e-01 -3.8690e+01 -4.1736e-01  4.9386e+02  2.6630e+00 -4.9386e+02 -2.6727e+00
4.1983e+00     3.3838e+01  3.2343e-01 -3.3838e+01 -3.6003e-01  4.9525e+02  2.6766e+00 -4.9525e+02 -2.6876e+00
4.2367e+00     3.4195e+01  3.2949e-01 -3.4195e+01 -3.7768e-01  4.9655e+02  2.6891e+00 -4.9655e+02 -2.7017e+00
4.2750e+00     3.4295e+01  3.5781e-01 -3.4295e+01 -4.0522e-01  4.9786e+02  2.7022e+00 -4.9786e+02 -2.7167e+00
4.3133e+00     3.4020e+01  3.6197e-01 -3.4020e+01 -3.9794e-01  4.9917e+02  2.7160e+00 -4.9917e+02 -2.7320e+00
4.3517e+00     3.8091e+01  4.5118e-01 -3.8091e+01 -4.4402e-01  5.0055e+02  2.7316e+00 -5.0055e+02 -2.7481e+00
4.3900e+00     3.9651e+01  4.6424e-01 -3.9651e+01 -4.8877e-01  5.0204e+02  2.7491e+00 -5.0204e+02 -2.7660e+00
4.4283e+00     3.9117e+01  4.4013e-01 -3.9117e+01 -5.0499e-01  5.0354e+02  2.7664e+00 -5.0354e+02 -2.7850e+00
4.4667e+00     3.7218e+01  4.0753e-01 -3.7218e+01 -4.8596e-01  5.0500e+02  2.7826e+00 -5.0500e+02 -2.8040e+00
4.5050e+00     3.1823e+01  3.3947e-01 -3.1823e+01 -3.8669e-01  5.0633e+02  2.7969e+00 -5.0633e+02 -2.8207e+00
4.5433e+00     3.0258e+01  3.2987e-01 -3.0258e+01 -4.0488e-01  5.0751e+02  2.8097e+00 -5.0751e+02 -2.8358e+00
4.5817e+00     3.1099e+01  3.4151e-01 -3.1099e+01 -4.1448e-01  5.0869e+02  2.8226e+00 -5.0869e+02 -2.8515e+00
4.6200e+00     3.1611e+01  3.7792e-01 -3.1611e+01 -4.5454e-01  5.0989e+02  2.8363e+00 -5.0989e+02 -2.8681e+00
4.6583e+00     2.6476e+01  3.4544e-01 -2.6476e+01 -4.0490e-01  5.1100e+02  2.8502e+00 -5.1100e+02 -2.8846e+00
4.6967e+00     1.5643e+01  2.0851e-01 -1.5643e+01 -2.3396e-01  5.1180e+02  2.8608e+00 -5.1180e+02 -2.8968e+00
4.7350e+00     7.4442e+00  1.0106e-01 -7.4442e+00 -1.1004e-01  5.1225e+02  2.8667e+00 -5.1225e+02 -2.9034e+00
4.7733e+00     3.8739e+00  5.8580e-02 -3.8739e+00 -5.2017e-02  5.1246e+02  2.8697e+00 -5.1246e+02 -2.9065e+00
4.8117e+00     7.7107e-01  5.7038e-03 -7.7107e-01 -7.2307e-03  5.1255e+02  2.8710e+00 -5.1255e+02 -2.9076e+00
4.8500e+00     0.0000e+00  0.0000e+00 -0.0000e+00 -0.0000e+00  5.1257e+02  2.8711e+00 -5.1257e+02 -2.9077e+00
4.8883e+00     0.0000e+00  0.0000e+00 -0.0000e+00 -0.0000e+00  5.1257e+02  2.8711e+00 -5.1257e+02 -2.9077e+00
4.9267e+00     0.0000e+00  0.0000e+00 -0.0000e+00 -0.0000e+00  5.1257e+02  2.8711e+00 -5.1257e+02 -2.9077e+00
4.9650e+00     0.0000e+00  0.0000e+00 -0.0000e+00 -0.0000e+00  5.1257e+02  2.8711e+00 -5.1257e+02 -2.9077e+00
5.0033e+00     0.0000e+00  0.0000e+00 -0.0000e+00 -0.0000e+00  5.1257e+02  2.8711e+00 -5.1257e+02 -2.9077e+00
5.0417e+00     0.0000e+00  0.0000e+00 -0.0000e+00 -0.0000e+00  5.1257e+02  2.8711e+00 -5.1257e+02 -2.9077e+00
5.0800e+00     0.0000e+00  0.0000e+00 -0.0000e+00 -0.0000e+00  5.1257e+02  2.8711e+00 -5.1257e+02 -2.9077e+00
5.1183e+00     0.0000e+00  0.0000e+00 -0.0000e+00 -0.0000e+00  5.1257e+02  2.8711e+00 -5.1257e+02 -2.9077e+00
5.1567e+00     0.0000e+00  0.0000e+00 -0.0000e+00 -0.0000e+00  5.1257e+02  2.8711e+00 -5.1257e+02 -2.9077e+00
5.1950e+00     0.0000e+00  0.0000e+00 -0.0000e+00 -0.0000e+00  5.1257e+02  2.8711e+00 -5.1257e+02 -2.9077e+00
5.2333e+00     0.0000e+00  0.0000e+00 -0.0000e+00 -0.0000e+00  5.1257e+02  2.8711e+00 -5.1257e+02 -2.9077e+00
5.2717e+00     0.0000e+00  0.0000e+00 -0.0000e+00 -0.0000e+00  5.1257e+02  2.8711e+00 -5.1257e+02 -2.9077e+00
5.3100e+00     0.0000e+00  0.0000e+00 -0.0000e+00 -0.0000e+00  5.1257e+02  2.8711e+00 -5.1257e+02 -2.9077e+00
5.3483e+00     0.0000e+00  0.0000e+00 -0.0000e+00 -0.0000e+00  5.1257e+02  2.8711e+00 -5.1257e+02 -2.9077e+00
5.3867e+00     0.0000e+00  0.0000e+00 -0.0000e+00 -0.0000e+00  5.1257e+02  2.8711e+00 -5.1257e+02 -2.9077e+00
5.4250e+00     0.0000e+00  0.0000e+00 -0.0000e+00 -0.0000e+00  5.1257e+02  2.8711e+00 -5.1257e+02 -2.9077e+00
5.4633e+00     0.0000e+00  0.0000e+00 -0.0000e+00 -0.0000e+00  5.1257e+02  2.8711e+00 -5.1257e+02 -2.9077e+00
5.5017e+00     0.0000e+00  0.0000e+00 -0.0000e+00 -0.0000e+00  5.1257e+02  2.8711e+00 -5.1257e+02 -2.9077e+00
5.5400e+00     0.0000e+00  0.0000e+00 -0.0000e+00 -0.0000e+00  5.1257e+02  2.8711e+00 -5.1257e+02 -2.9077e+00
5.5783e+00     0.0000e+00  0.0000e+00 -0.0000e+00 -0.0000e+00  5.1257e+02  2.8711e+00 -5.1257e+02 -2.9077e+00
5.6167e+00     0.0000e+00  0.0000e+00 -0.0000e+00 -0.0000e+00  5.1257e+02  2.8711e+00 -5.1257e+02 -2.9077e+00
5.6550e+00     0.0000e+00  0.0000e+00 -0.0000e+00 -0.0000e+00  5.1257e+02  2.8711e+00 -5.1257e+02 -2.9077e+00
5.6933e+00     0.0000e+00  0.0000e+00 -0.0000e+00 -0.0000e+00  5.1257e+02  2.8711e+00 -5.1257e+02 -2.9077e+00
5.7317e+00     0.0000e+00  0.0000e+00 -0.0000e+00 -0.0000e+00  5.1257e+02  2.8711e+00 -5.1257e+02 -2.9077e+00
5.7700e+00     0.0000e+00  0.0000e+00 -0.0000e+00 -0.0000e+00  5.1257e+02  2.8711e+00 -5.1257e+02 -2.9077e+00
5.8083e+00     0.0000e+00  0.0000e+00 -0.0000e+00 -0.0000e+00  5.1257e+02  2.8711e+00 -5.1257e+02 -2.9077e+00
5.8467e+00     0.0000e+00  0.0000e+00 -0.0000e+00 -0.0000e+00  5.1257e+02  2.8711e+00 -5.1257e+02 -2.9077e+00
5.8850e+00     0.0000e+00  0.0000e+00 -0.0000e+00 -0.0000e+00  5.1257e+02  2.8711e+00 -5.1257e+02 -2.9077e+00
5.9233e+00     0.0000e+00  0.0000e+00 -0.0000e+00 -0.0000e+00  5.1257e+02  2.8711e+00 -5.1257e+02 -2.9077e+00
5.9617e+00     0.0000e+00  0.0000e+00 -0.0000e+00 -0.0000e+00  5.1257e+02  2.8711e+00 -5.1257e+02 -2.9077e+00
