-2.0000e+01     0.0000e+00  0.0000e+00 -0.0000e+00 -0.0000e+00  0.0000e+00  0.0000e+00 -0.0000e+00 -0.0000e+00
-1.9955e+01     0.0000e+00  0.0000e+00 -0.0000e+00 -0.0000e+00  0.0000e+00  0.0000e+00 -0.0000e+00 -0.0000e+00
-1.9910e+01     0.0000e+00  0.0000e+00 -0.0000e+00 -0.0000e+00  0.0000e+00  0.0000e+00 -0.0000e+00 -0.0000e+00
-1.9865e+01     0.0000e+00  0.0000e+00 -0.0000e+00 -0.0000e+00  0.0000e+00  0.0000e+00 -0.0000e+00 -0.0000e+00
-1.9820e+01     0.0000e+00  0.0000e+00 -0.0000e+00 -0.0000e+00  0.0000e+00  0.0000e+00 -0.0000e+00 -0.0000e+00
-1.9775e+01     0.0000e+00  0.0000e+00 -0.0000e+00 -0.0000e+00  0.0000e+00  0.0000e+00 -0.0000e+00 -0.0000e+00
-1.9730e+01     0.0000e+00  0.0000e+00 -0.0000e+00 -0.0000e+00  0.0000e+00  0.0000e+00 -0.0000e+00 -0.0000e+00
-1.9685e+01     0.0000e+00  0.0000e+00 -0.0000e+00 -0.0000e+00  0.0000e+00  0.0000e+00 -0.0000e+00 -0.0000e+00
-1.9640e+01     0.0000e+00  0.0000e+00 -0.0000e+00 -0.0000e+00  0.0000e+00  0.0000e+00 -0.0000e+00 -0.0000e+00
-1.9595e+01     0.0000e+00  0.0000e+00 -0.0000e+00 -0.0000e+00  0.0000e+00  0.0000e+00 -0.0000e+00 -0.0000e+00
-1.9550e+01     0.0000e+00  0.0000e+00 -0.0000e+00 -0.0000e+00  0.0000e+00  0.0000e+00 -0.0000e+00 -0.0000e+00
-1.9505e+01     0.0000e+00  0.0000e+00 -0.0000e+00 -0.0000e+00  0.0000e+00  0.0000e+00 -0.0000e+00 -0.0000e+00
-1.9460e+01     0.0000e+00  0.0000e+00 -0.0000e+00 -0.0000e+00  0.0000e+00  0.0000e+00 -0.0000e+00 -0.0000e+00
-1.9415e+01     0.0000e+00  0.0000e+00 -0.0000e+00 -0.0000e+00  0.0000e+00  0.0000e+00 -0.0000e+00 -0.0000e+00
-1.9370e+01     0.0000e+00  0.0000e+00 -0.0000e+00 -0.0000e+00  0.0000e+00  0.0000e+00 -0.0000e+00 -0.0000e+00
-1.9325e+01     0.0000e+00  0.0000e+00 -0.0000e+00 -0.0000e+00  0.0000e+00  0.0000e+00 -0.0000e+00 -0.0000e+00
-1.9280e+01     0.0000e+00  0.0000e+00 -0.0000e+00 -0.0000e+00  0.0000e+00  0.0000e+00 -0.0000e+00 -0.0000e+00
-1.9235e+01     0.0000e+00  0.0000e+00 -0.0000e+00 -0.0000e+00  0.0000e+00  0.0000e+00 -0.0000e+00 -0.0000e+00
-1.9190e+01     0.0000e+00  0.0000e+00 -0.0000e+00 -0.0000e+00  0.0000e+00  0.0000e+00 -0.0000e+00 -0.0000e+00
-1.9145e+01     0.0000e+00  0.0000e+00 -0.0000e+00 -0.0000e+00  0.0000e+00  0.0000e+00 -0.0000e+00 -0.0000e+00
-1.9100e+01     0.0000e+00  0.0000e+00 -0.0000e+00 -0.0000e+00  0.0000e+00  0.0000e+00 -0.0000e+00 -0.0000e+00
-1.9055e+01     0.0000e+00  0.0000e+00 -0.0000e+00 -0.0000e+00  0.0000e+00  0.0000e+00 -0.0000e+00 -0.0000e+00
-1.9010e+01     0.0000e+00  0.0000e+00 -0.0000e+00 -0.0000e+00  0.0000e+00  0.0000e+00 -0.0000e+00 -0.0000e+00
-1.8965e+01     0.0000e+00  0.0000e+00 -0.0000e+00 -0.0000e+00  0.0000e+00  0.0000e+00 -0.0000e+00 -0.0000e+00
-1.8920e+01     0.0000e+00  0.0000e+00 -0.0000e+00 -0.0000e+00  0.0000e+00  0.0000e+00 -0.0000e+00 -0.0000e+00
-1.8875e+01     0.0000e+00  0.0000e+00 -0.0000e+00 -0.0000e+00  0.0000e+00  0.0000e+00 -0.0000e+00 -0.0000e+00
-1.8830e+01     0.0000e+00  0.0000e+00 -0.0000e+00 -0.0000e+00  0.0000e+00  0.0000e+00 -0.0000e+00 -0.0000e+00
-1.8785e+01     0.0000e+00  0.0000e+00 -0.0000e+00 -0.0000e+00  0.0000e+00  0.0000e+00 -0.0000e+00 -0.0000e+00
-1.8740e+01     0.0000e+00  0.0000e+00 -0.0000e+00 -0.0000e+00  0.0000e+00  0.0000e+00 -0.0000e+00 -0.0000e+00
-1.8695e+01     0.0000e+00  0.0000e+00 -0.0000e+00 -0.0000e+00  0.0000e+00  0.0000e+00 -0.0000e+00 -0.0000e+00
-1.8650e+01     0.0000e+00  0.0000e+00 -0.0000e+00 -0.0000e+00  0.0000e+00  0.0000e+00 -0.0000e+00 -0.0000e+00
-1.8605e+01     0.0000e+00  0.0000e+00 -0.0000e+00 -0.0000e+00  0.0000e+00  0.0000e+00 -0.0000e+00 -0.0000e+00
-1.8560e+01     0.0000e+00  0.0000e+00 -0.0000e+00 -0.0000e+00  0.0000e+00  0.0000e+00 -0.0000e+00 -0.0000e+00
-1.8515e+01     0.0000e+00  0.0000e+00 -0.0000e+00 -0.0000e+00  0.0000e+00  0.0000e+00 -0.0000e+00 -0.0000e+00
-1.8470e+01     0.0000e+00  0.0000e+00 -0.0000e+00 -0.0000e+00  0.0000e+00  0.0000e+00 -0.0000e+00 -0.0000e+00
-1.8425e+01     0.0000e+00  0.0000e+00 -0.0000e+00 -0.0000e+00  0.0000e+00  0.0000e+00 -0.0000e+00 -0.0000e+00
-1.8380e+01     0.0000e+00  0.0000e+00 -0.0000e+00 -0.0000e+00  0.0000e+00  0.0000e+00 -0.0000e+00 -0.0000e+00
-1.8335e+01     0.0000e+00  0.0000e+00 -0.0000e+00 -0.0000e+00  0.0000e+00  0.0000e+00 -0.0000e+00 -0.0000e+00
-1.8290e+01     0.0000e+00  0.0000e+00 -0.0000e+00 -0.0000e+00  0.0000e+00  0.0000e+00 -0.0000e+00 -0.0000e+00
-1.8245e+01     0.0000e+00  0.0000e+00 -0.0000e+00 -0.0000e+00  0.0000e+00  0.0000e+00 -0.0000e+00 -0.0000e+00
-1.8200e+01     0.0000e+00  0.0000e+00 -0.0000e+00 -0.0000e+00  0.0000e+00  0.0000e+00 -0.0000e+00 -0.0000e+00
-1.8155e+01     0.0000e+00  0.0000e+00 -0.0000e+00 -0.0000e+00  0.0000e+00  0.0000e+00 -0.0000e+00 -0.0000e+00
-1.8110e+01     0.0000e+00  0.0000e+00 -0.0000e+00 -0.0000e+00  0.0000e+00  0.0000e+00 -0.0000e+00 -0.0000e+00
-1.8065e+01     0.0000e+00  0.0000e+00 -0.0000e+00 -0.0000e+00  0.0000e+00  0.0000e+00 -0.0000e+00 -0.0000e+00
-1.8020e+01     0.0000e+00  0.0000e+00 -0.0000e+00 -0.0000e+00  0.0000e+00  0.0000e+00 -0.0000e+00 -0.0000e+00
-1.7975e+01     0.0000e+00  0.0000e+00 -0.0000e+00 -0.0000e+00  0.0000e+00  0.0000e+00 -0.0000e+00 -0.0000e+00
-1.7930e+01     0.0000e+00  0.0000e+00 -0.0000e+00 -0.0000e+00  0.0000e+00  0.0000e+00 -0.0000e+00 -0.0000e+00
-1.7885e+01     0.0000e+00  0.0000e+00 -0.0000e+00 -0.0000e+00  0.0000e+00  0.0000e+00 -0.0000e+00 -0.0000e+00
-1.7840e+01     0.0000e+00  0.0000e+00 -0.0000e+00 -0.0000e+00  0.0000e+00  0.0000e+00 -0.0000e+00 -0.0000e+00
-1.7795e+01     0.0000e+00  0.0000e+00 -0.0000e+00 -0.0000e+00  0.0000e+00  0.0000e+00 -0.0000e+00 -0.0000e+00
-1.7750e+01     0.0000e+00  0.0000e+00 -0.0000e+00 -0.0000e+00  0.0000e+00  0.0000e+00 -0.0000e+00 -0.0000e+00
-1.7705e+01     0.0000e+00  0.0000e+00 -0.0000e+00 -0.0000e+00  0.0000e+00  0.0000e+00 -0.0000e+00 -0.0000e+00
-1.7660e+01     0.0000e+00  0.0000e+00 -0.0000e+00 -0.0000e+00  0.0000e+00  0.0000e+00 -0.0000e+00 -0.0000e+00
-1.7615e+01     0.0000e+00  0.0000e+00 -0.0000e+00 -0.0000e+00  0.0000e+00  0.0000e+00 -0.0000e+00 -0.0000e+00
-1.7570e+01     0.0000e+00  0.0000e+00 -0.0000e+00 -0.0000e+00  0.0000e+00  0.0000e+00 -0.0000e+00 -0.0000e+00
-1.7525e+01     0.0000e+00  0.0000e+00 -0.0000e+00 -0.0000e+00  0.0000e+00  0.0000e+00 -0.0000e+00 -0.0000e+00
-1.7480e+01     0.0000e+00  0.0000e+00 -0.0000e+00 -0.0000e+00  0.0000e+00  0.0000e+00 -0.0000e+00 -0.0000e+00
-1.7435e+01     0.0000e+00  0.0000e+00 -0.0000e+00 -0.0000e+00  0.0000e+00  0.0000e+00 -0.0000e+00 -0.0000e+00
-1.7390e+01     0.0000e+00  0.0000e+00 -0.0000e+00 -0.0000e+00  0.0000e+00  0.0000e+00 -0.0000e+00 -0.0000e+00
-1.7345e+01     0.0000e+00  0.0000e+00 -0.0000e+00 -0.0000e+00  0.0000e+00  0.0000e+00 -0.0000e+00 -0.0000e+00
-1.7300e+01     0.0000e+00  0.0000e+00 -0.0000e+00 -0.0000e+00  0.0000e+00  0.0000e+00 -0.0000e+00 -0.0000e+00
-1.7255e+01     0.0000e+00  0.0000e+00 -0.0000e+00 -0.0000e+00  0.0000e+00  0.0000e+00 -0.0000e+00 -0.0000e+00
-1.7210e+01     0.0000e+00  0.0000e+00 -0.0000e+00 -0.0000e+00  0.0000e+00  0.0000e+00 -0.0000e+00 -0.0000e+00
-1.7165e+01     0.0000e+00  0.0000e+00 -0.0000e+00 -0.0000e+00  0.0000e+00  0.0000e+00 -0.0000e+00 -0.0000e+00
-1.7120e+01     0.0000e+00  0.0000e+00 -0.0000e+00 -0.0000e+00  0.0000e+00  0.0000e+00 -0.0000e+00 -0.0000e+00
-1.7075e+01     0.0000e+00  0.0000e+00 -0.0000e+00 -0.0000e+00  0.0000e+00  0.0000e+00 -0.0000e+00 -0.0000e+00
-1.7030e+01     0.0000e+00  0.0000e+00 -0.0000e+00 -0.0000e+00  0.0000e+00  0.0000e+00 -0.0000e+00 -0.0000e+00
-1.6985e+01     0.0000e+00  0.0000e+00 -0.0000e+00 -0.0000e+00  0.0000e+00  0.0000e+00 -0.0000e+00 -0.0000e+00
-1.6940e+01     0.0000e+00  0.0000e+00 -0.0000e+00 -0.0000e+00  0.0000e+00  0.0000e+00 -0.0000e+00 -0.0000e+00
-1.6895e+01     0.0000e+00  0.0000e+00 -0.0000e+00 -0.0000e+00  0.0000e+00  0.0000e+00 -0.0000e+00 -0.0000e+00
-1.6850e+01     0.0000e+00  0.0000e+00 -0.0000e+00 -0.0000e+00  0.0000e+00  0.0000e+00 -0.0000e+00 -0.0000e+00
-1.6805e+01     0.0000e+00  0.0000e+00 -0.0000e+00 -0.0000e+00  0.0000e+00  0.0000e+00 -0.0000e+00 -0.0000e+00
-1.6760e+01     0.0000e+00  0.0000e+00 -0.0000e+00 -0.0000e+00  0.0000e+00  0.0000e+00 -0.0000e+00 -0.0000e+00
-1.6715e+01     0.0000e+00  0.0000e+00 -0.0000e+00 -0.0000e+00  0.0000e+00  0.0000e+00 -0.0000e+00 -0.0000e+00
-1.6670e+01     0.0000e+00  0.0000e+00 -0.0000e+00 -0.0000e+00  0.0000e+00  0.0000e+00 -0.0000e+00 -0.0000e+00
-1.6625e+01     0.0000e+00  0.0000e+00 -0.0000e+00 -0.0000e+00  0.0000e+00  0.0000e+00 -0.0000e+00 -0.0000e+00
-1.6580e+01     0.0000e+00  0.0000e+00 -0.0000e+00 -0.0000e+00  0.0000e+00  0.0000e+00 -0.0000e+00 -0.0000e+00
-1.6535e+01     0.0000e+00  0.0000e+00 -0.0000e+00 -0.0000e+00  0.0000e+00  0.0000e+00 -0.0000e+00 -0.0000e+00
-1.6490e+01     0.0000e+00  0.0000e+00 -0.0000e+00 -0.0000e+00  0.0000e+00  0.0000e+00 -0.0000e+00 -0.0000e+00
-1.6445e+01     0.0000e+00  0.0000e+00 -0.0000e+00 -0.0000e+00  0.0000e+00  0.0000e+00 -0.0000e+00 -0.0000e+00
-1.6400e+01     0.0000e+00  0.0000e+00 -0.0000e+00 -0.0000e+00  0.0000e+00  0.0000e+00 -0.0000e+00 -0.0000e+00
-1.6355e+01     0.0000e+00  0.0000e+00 -0.0000e+00 -0.0000e+00  0.0000e+00  0.0000e+00 -0.0000e+00 -0.0000e+00
-1.6310e+01     0.0000e+00  0.0000e+00 -0.0000e+00 -0.0000e+00  0.0000e+00  0.0000e+00 -0.0000e+00 -0.0000e+00
-1.6265e+01     0.0000e+00  0.0000e+00 -0.0000e+00 -0.0000e+00  0.0000e+00  0.0000e+00 -0.0000e+00 -0.0000e+00
-1.6220e+01     0.0000e+00  0.0000e+00 -0.0000e+00 -0.0000e+00  0.0000e+00  0.0000e+00 -0.0000e+00 -0.0000e+00
-1.6175e+01     0.0000e+00  0.0000e+00 -0.0000e+00 -0.0000e+00  0.0000e+00  0.0000e+00 -0.0000e+00 -0.0000e+00
-1.6130e+01     0.0000e+00  0.0000e+00 -0.0000e+00 -0.0000e+00  0.0000e+00  0.0000e+00 -0.0000e+00 -0.0000e+00
-1.6085e+01     0.0000e+00  0.0000e+00 -0.0000e+00 -0.0000e+00  0.0000e+00  0.0000e+00 -0.0000e+00 -0.0000e+00
-1.6040e+01     0.0000e+00  0.0000e+00 -0.0000e+00 -0.0000e+00  0.0000e+00  0.0000e+00 -0.0000e+00 -0.0000e+00
-1.5995e+01     0.0000e+00  0.0000e+00 -0.0000e+00 -0.0000e+00  0.0000e+00  0.0000e+00 -0.0000e+00 -0.0000e+00
-1.5950e+01     0.0000e+00  0.0000e+00 -0.0000e+00 -0.0000e+00  0.0000e+00  0.0000e+00 -0.0000e+00 -0.0000e+00
-1.5905e+01     0.0000e+00  0.0000e+00 -0.0000e+00 -0.0000e+00  0.0000e+00  0.0000e+00 -0.0000e+00 -0.0000e+00
-1.5860e+01     0.0000e+00  0.0000e+00 -0.0000e+00 -0.0000e+00  0.0000e+00  0.0000e+00 -0.0000e+00 -0.0000e+00
-1.5815e+01     0.0000e+00  0.0000e+00 -0.0000e+00 -0.0000e+00  0.0000e+00  0.0000e+00 -0.0000e+00 -0.0000e+00
-1.5770e+01     0.0000e+00  0.0000e+00 -0.0000e+00 -0.0000e+00  0.0000e+00  0.0000e+00 -0.0000e+00 -0.0000e+00
-1.5725e+01     0.0000e+00  0.0000e+00 -0.0000e+00 -0.0000e+00  0.0000e+00  0.0000e+00 -0.0000e+00 -0.0000e+00
-1.5680e+01     0.0000e+00  0.0000e+00 -0.0000e+00 -0.0000e+00  0.0000e+00  0.0000e+00 -0.0000e+00 -0.0000e+00
-1.5635e+01     0.0000e+00  0.0000e+00 -0.0000e+00 -0.0000e+00  0.0000e+00  0.0000e+00 -0.0000e+00 -0.0000e+00
-1.5590e+01     0.0000e+00  0.0000e+00 -0.0000e+00 -0.0000e+00  0.0000e+00  0.0000e+00 -0.0000e+00 -0.0000e+00
-1.5545e+01     0.0000e+00  0.0000e+00 -0.0000e+00 -0.0000e+00  0.0000e+00  0.0000e+00 -0.0000e+00 -0.0000e+00
-1.5500e+01     0.0000e+00  0.0000e+00 -0.0000e+00 -0.0000e+00  0.0000e+00  0.0000e+00 -0.0000e+00 -0.0000e+00
-1.5455e+01     0.0000e+00  0.0000e+00 -0.0000e+00 -0.0000e+00  0.0000e+00  0.0000e+00 -0.0000e+00 -0.0000e+00
-1.5410e+01     0.0000e+00  0.0000e+00 -0.0000e+00 -0.0000e+00  0.0000e+00  0.0000e+00 -0.0000e+00 -0.0000e+00
-1.5365e+01     8.7256e-01  4.9513e-04 -8.7255e-01 -1.2736e-02  1.9600e-02  1.1122e-05 -1.9600e-02 -2.8609e-04
-1.5320e+01     2.5775e+00  1.5545e-03 -2.5775e+00 -5.2266e-02  9.7096e-02  5.7163e-05 -9.7096e-02 -1.7462e-03
-1.5275e+01     2.9936e+00  1.9560e-03 -2.9936e+00 -6.5855e-02  2.2224e-01  1.3602e-04 -2.2224e-01 -4.3995e-03
-1.5230e+01     3.0881e+00  2.2940e-03 -3.0881e+00 -5.5380e-02  3.5884e-01  2.3148e-04 -3.5884e-01 -7.1228e-03
-1.5185e+01     3.3775e+00  2.7902e-03 -3.3775e+00 -5.3663e-02  5.0408e-01  3.4569e-04 -5.0408e-01 -9.5722e-03
-1.5140e+01     3.1299e+00  2.6407e-03 -3.1299e+00 -5.1674e-02  6.5025e-01  4.6768e-04 -6.5025e-01 -1.1938e-02
-1.5095e+01     2.5271e+00  2.1319e-03 -2.5271e+00 -4.2403e-02  7.7732e-01  5.7489e-04 -7.7732e-01 -1.4052e-02
-1.5050e+01     1.7715e+00  1.2939e-03 -1.7715e+00 -2.9525e-02  8.7388e-01  6.5184e-04 -8.7388e-01 -1.5667e-02
-1.5005e+01     2.1325e+00  1.4990e-03 -2.1325e+00 -3.3740e-02  9.6158e-01  7.1457e-04 -9.6158e-01 -1.7088e-02
-1.4960e+01     2.8448e+00  1.8351e-03 -2.8448e+00 -4.3565e-02  1.0734e+00  7.8947e-04 -1.0734e+00 -1.8825e-02
-1.4915e+01     3.6845e+00  2.7677e-03 -3.6845e+00 -6.2180e-02  1.2200e+00  8.9286e-04 -1.2200e+00 -2.1200e-02
-1.4870e+01     3.7773e+00  2.9050e-03 -3.7773e+00 -6.5898e-02  1.3877e+00  1.0203e-03 -1.3877e+00 -2.4077e-02
-1.4825e+01     3.1355e+00  2.5948e-03 -3.1355e+00 -5.3806e-02  1.5429e+00  1.1438e-03 -1.5429e+00 -2.6766e-02
-1.4780e+01     2.3864e+00  2.2584e-03 -2.3864e+00 -3.8703e-02  1.6670e+00  1.2528e-03 -1.6670e+00 -2.8844e-02
-1.4735e+01     2.9020e+00  4.2025e-03 -2.9020e+00 -4.8090e-02  1.7858e+00  1.3980e-03 -1.7858e+00 -3.0793e-02
-1.4690e+01     3.4404e+00  5.6083e-03 -3.4404e+00 -6.1409e-02  1.9282e+00  1.6183e-03 -1.9282e+00 -3.3253e-02
-1.4645e+01     2.9142e+00  5.3942e-03 -2.9142e+00 -6.0836e-02  2.0710e+00  1.8655e-03 -2.0710e+00 -3.5999e-02
-1.4600e+01     2.7956e+00  5.2803e-03 -2.7956e+00 -5.0214e-02  2.1992e+00  2.1053e-03 -2.1992e+00 -3.8493e-02
-1.4555e+01     6.1817e+00  9.0644e-03 -6.1817e+00 -1.1817e-01  2.4009e+00  2.4275e-03 -2.4009e+00 -4.2276e-02
-1.4510e+01     7.1621e+00  2.4517e-02 -7.1620e+00 -1.3438e-01  2.7006e+00  3.1818e-03 -2.7006e+00 -4.7949e-02
-1.4465e+01     3.6172e+00  1.1943e-02 -3.6172e+00 -6.0764e-02  2.9427e+00  4.0008e-03 -2.9427e+00 -5.2332e-02
-1.4420e+01     6.2477e+00  2.9164e-02 -6.2477e+00 -9.7266e-02  3.1643e+00  4.9242e-03 -3.1643e+00 -5.5882e-02
-1.4375e+01     1.1601e+01  4.6316e-02 -1.1601e+01 -1.8987e-01  3.5653e+00  6.6196e-03 -3.5653e+00 -6.2332e-02
-1.4330e+01     7.9845e+00  3.6531e-02 -7.9845e+00 -1.5558e-01  4.0052e+00  8.4806e-03 -4.0052e+00 -7.0092e-02
-1.4285e+01     8.5633e+00  3.1082e-02 -8.5633e+00 -1.5450e-01  4.3769e+00  9.9994e-03 -4.3769e+00 -7.7057e-02
-1.4240e+01     6.0565e+00  2.6545e-02 -6.0565e+00 -1.2062e-01  4.7053e+00  1.1294e-02 -4.7053e+00 -8.3237e-02
-1.4195e+01     9.1123e+00  4.2633e-02 -9.1123e+00 -1.6060e-01  5.0460e+00  1.2848e-02 -5.0460e+00 -8.9554e-02
-1.4150e+01     1.1178e+01  3.2714e-02 -1.1178e+01 -2.0490e-01  5.5018e+00  1.4540e-02 -5.5018e+00 -9.7764e-02
-1.4105e+01     5.1801e+00  3.3561e-02 -5.1801e+00 -1.1145e-01  5.8692e+00  1.6029e-02 -5.8692e+00 -1.0487e-01
-1.4060e+01     6.5299e+00  5.8720e-02 -6.5299e+00 -1.1720e-01  6.1323e+00  1.8102e-02 -6.1323e+00 -1.1001e-01
-1.4015e+01     9.2869e+00  7.6507e-02 -9.2869e+00 -1.6381e-01  6.4875e+00  2.1139e-02 -6.4875e+00 -1.1632e-01
-1.3970e+01     1.0180e+01  9.5419e-02 -1.0180e+01 -1.9136e-01  6.9248e+00  2.5001e-02 -6.9248e+00 -1.2430e-01
-1.3925e+01     8.4388e+00  9.0672e-02 -8.4388e+00 -1.4818e-01  7.3431e+00  2.9181e-02 -7.3431e+00 -1.3192e-01
-1.3880e+01     0.0000e+00  0.0000e+00 -0.0000e+00 -0.0000e+00  7.5326e+00  3.1218e-02 -7.5326e+00 -1.3525e-01
-1.3835e+01     1.4764e+01  1.3544e-01 -1.4764e+01 -2.6781e-01  7.8643e+00  3.4260e-02 -7.8643e+00 -1.4127e-01
-1.3790e+01     8.8982e-01  9.6513e-03 -8.8982e-01 -1.7513e-02  8.2159e+00  3.7519e-02 -8.2159e+00 -1.4768e-01
-1.3745e+01     1.9557e+01  2.1339e-01 -1.9557e+01 -4.3587e-01  8.6752e+00  4.2529e-02 -8.6752e+00 -1.5786e-01
-1.3700e+01     5.5193e+00  3.8293e-02 -5.5193e+00 -1.2642e-01  9.2385e+00  4.8183e-02 -9.2385e+00 -1.7049e-01
-1.3655e+01     2.3691e+01  1.9519e-01 -2.3691e+01 -5.1216e-01  9.8946e+00  5.3428e-02 -9.8946e+00 -1.8484e-01
-1.3610e+01     4.5588e+00  2.1344e-02 -4.5588e+00 -9.5642e-02  1.0529e+01  5.8292e-02 -1.0529e+01 -1.9849e-01
-1.3565e+01     2.5004e+01  1.6580e-01 -2.5004e+01 -4.3475e-01  1.1193e+01  6.2495e-02 -1.1193e+01 -2.1040e-01
-1.3520e+01     0.0000e+00  0.0000e+00 -0.0000e+00 -0.0000e+00  1.1755e+01  6.6220e-02 -1.1755e+01 -2.2017e-01
-1.3475e+01     1.4679e+01  3.6812e-01 -1.4679e+01 -2.4022e-01  1.2085e+01  7.4488e-02 -1.2085e+01 -2.2556e-01
-1.3430e+01     8.6027e+00  2.6964e-01 -8.6027e+00 -1.5455e-01  1.2608e+01  8.8814e-02 -1.2608e+01 -2.3443e-01
-1.3385e+01     1.9382e+01  3.6742e-01 -1.9382e+01 -4.1301e-01  1.3236e+01  1.0312e-01 -1.3236e+01 -2.4718e-01
-1.3340e+01     1.2476e+01  2.4251e-01 -1.2476e+01 -2.5000e-01  1.3952e+01  1.1682e-01 -1.3952e+01 -2.6207e-01
-1.3295e+01     7.1641e+00  1.2922e-01 -7.1641e+00 -1.4119e-01  1.4393e+01  1.2517e-01 -1.4393e+01 -2.7086e-01
-1.3250e+01     1.1204e+01  1.7684e-01 -1.1204e+01 -1.9195e-01  1.4806e+01  1.3205e-01 -1.4806e+01 -2.7834e-01
-1.3205e+01     1.4215e+01  2.5767e-01 -1.4215e+01 -2.2123e-01  1.5377e+01  1.4181e-01 -1.5377e+01 -2.8762e-01
-1.3160e+01     1.1009e+01  1.8225e-01 -1.1009e+01 -1.8109e-01  1.5943e+01  1.5169e-01 -1.5943e+01 -2.9666e-01
-1.3115e+01     1.9737e+01  3.8849e-01 -1.9737e+01 -3.0110e-01  1.6634e+01  1.6451e-01 -1.6634e+01 -3.0749e-01
-1.3070e+01     1.7766e+01  2.8335e-01 -1.7766e+01 -3.2025e-01  1.7476e+01  1.7960e-01 -1.7476e+01 -3.2145e-01
-1.3025e+01     1.0159e+01  1.9139e-01 -1.0159e+01 -1.7637e-01  1.8103e+01  1.9027e-01 -1.8103e+01 -3.3261e-01
-1.2980e+01     9.2326e+00  1.2216e-01 -9.2326e+00 -1.7044e-01  1.8539e+01  1.9731e-01 -1.8539e+01 -3.4040e-01
-1.2935e+01     1.1475e+01  1.3041e-01 -1.1475e+01 -2.1053e-01  1.9004e+01  2.0298e-01 -1.9004e+01 -3.4895e-01
-1.2890e+01     1.0559e+01  1.0715e-01 -1.0559e+01 -2.3382e-01  1.9499e+01  2.0832e-01 -1.9499e+01 -3.5893e-01
-1.2845e+01     1.1354e+01  1.0404e-01 -1.1354e+01 -2.5994e-01  1.9991e+01  2.1306e-01 -1.9991e+01 -3.7003e-01
-1.2800e+01     1.5211e+01  1.2455e-01 -1.5211e+01 -3.4065e-01  2.0588e+01  2.1820e-01 -2.0588e+01 -3.8352e-01
-1.2755e+01     1.5314e+01  1.5060e-01 -1.5314e+01 -3.2703e-01  2.1274e+01  2.2438e-01 -2.1274e+01 -3.9851e-01
-1.2710e+01     1.5164e+01  1.1542e-01 -1.5164e+01 -2.8816e-01  2.1958e+01  2.3035e-01 -2.1958e+01 -4.1233e-01
-1.2665e+01     1.0368e+01  8.7829e-02 -1.0368e+01 -2.1247e-01  2.2532e+01  2.3492e-01 -2.2532e+01 -4.2358e-01
-1.2620e+01     7.6073e+00  6.4702e-02 -7.6073e+00 -1.9154e-01  2.2936e+01  2.3835e-01 -2.2936e+01 -4.3265e-01
-1.2575e+01     7.4487e+00  4.4196e-02 -7.4487e+00 -1.8149e-01  2.3274e+01  2.4079e-01 -2.3274e+01 -4.4103e-01
-1.2530e+01     9.1235e+00  4.9830e-02 -9.1235e+00 -2.0023e-01  2.3646e+01  2.4290e-01 -2.3646e+01 -4.4961e-01
-1.2485e+01     6.7991e+00  4.1201e-02 -6.7991e+00 -1.4633e-01  2.4004e+01  2.4495e-01 -2.4004e+01 -4.5739e-01
-1.2440e+01     2.7362e+01  1.4497e-01 -2.7362e+01 -6.5028e-01  2.4771e+01  2.4913e-01 -2.4771e+01 -4.7529e-01
-1.2395e+01     2.2879e+00  9.7426e-03 -2.2879e+00 -4.3423e-02  2.5437e+01  2.5261e-01 -2.5437e+01 -4.9087e-01
-1.2350e+01     1.5028e+01  7.0486e-02 -1.5028e+01 -3.1136e-01  2.5826e+01  2.5441e-01 -2.5826e+01 -4.9884e-01
-1.2305e+01     2.0568e+00  7.6842e-03 -2.0568e+00 -5.2783e-02  2.6210e+01  2.5616e-01 -2.6210e+01 -5.0702e-01
-1.2260e+01     1.2467e+01  2.9821e-02 -1.2467e+01 -2.5309e-01  2.6536e+01  2.5701e-01 -2.6536e+01 -5.1389e-01
-1.2215e+01     1.1857e+01  6.7855e-02 -1.1857e+01 -2.9278e-01  2.7082e+01  2.5920e-01 -2.7082e+01 -5.2615e-01
-1.2170e+01     5.9262e+00  1.3703e-02 -5.9262e+00 -1.2709e-01  2.7482e+01  2.6103e-01 -2.7482e+01 -5.3558e-01
-1.2125e+01     6.7946e+00  1.3104e-02 -6.7946e+00 -1.0622e-01  2.7768e+01  2.6164e-01 -2.7768e+01 -5.4082e-01
-1.2080e+01     6.1538e+00  1.4907e-02 -6.1538e+00 -1.3500e-01  2.8058e+01  2.6226e-01 -2.8058e+01 -5.4624e-01
-1.2035e+01     8.7349e+00  2.7118e-02 -8.7349e+00 -2.0724e-01  2.8393e+01  2.6321e-01 -2.8393e+01 -5.5393e-01
-1.1990e+01     1.1094e+01  6.4022e-02 -1.1094e+01 -2.7766e-01  2.8838e+01  2.6526e-01 -2.8838e+01 -5.6482e-01
-1.1945e+01     1.0401e+01  7.8242e-02 -1.0401e+01 -2.3391e-01  2.9321e+01  2.6845e-01 -2.9321e+01 -5.7631e-01
-1.1900e+01     1.1622e+01  9.5534e-02 -1.1622e+01 -2.7354e-01  2.9816e+01  2.7235e-01 -2.9816e+01 -5.8771e-01
-1.1855e+01     1.0960e+01  8.8886e-02 -1.0960e+01 -2.7708e-01  3.0323e+01  2.7650e-01 -3.0323e+01 -6.0008e-01
-1.1810e+01     2.0883e+01  2.3842e-01 -2.0883e+01 -4.6693e-01  3.1038e+01  2.8385e-01 -3.1038e+01 -6.1679e-01
-1.1765e+01     1.0113e+01  8.8030e-02 -1.0113e+01 -2.1834e-01  3.1735e+01  2.9118e-01 -3.1735e+01 -6.3218e-01
-1.1720e+01     1.9228e+01  2.4362e-01 -1.9228e+01 -4.3729e-01  3.2394e+01  2.9863e-01 -3.2394e+01 -6.4691e-01
-1.1675e+01     1.6778e+01  1.1743e-01 -1.6778e+01 -3.6388e-01  3.3202e+01  3.0674e-01 -3.3202e+01 -6.6491e-01
-1.1630e+01     1.2665e+01  7.8543e-02 -1.2665e+01 -3.0461e-01  3.3864e+01  3.1114e-01 -3.3864e+01 -6.7992e-01
-1.1585e+01     1.9556e+01  1.6813e-01 -1.9556e+01 -5.0712e-01  3.4588e+01  3.1669e-01 -3.4588e+01 -6.9816e-01
-1.1540e+01     2.1230e+01  1.8605e-01 -2.1230e+01 -4.1597e-01  3.5504e+01  3.2464e-01 -3.5504e+01 -7.1889e-01
-1.1495e+01     1.8067e+01  1.3584e-01 -1.8067e+01 -4.7130e-01  3.6386e+01  3.3187e-01 -3.6386e+01 -7.3882e-01
-1.1450e+01     5.6280e+01  1.7548e-01 -5.6278e+01 -1.4598e+00  3.8056e+01  3.3886e-01 -3.8056e+01 -7.8220e-01
-1.1405e+01     2.2892e+01  7.8653e-02 -2.2891e+01 -5.5759e-01  3.9835e+01  3.4457e-01 -3.9835e+01 -8.2751e-01
-1.1360e+01     4.1423e+01  1.6380e-01 -4.1423e+01 -1.1191e+00  4.1280e+01  3.5002e-01 -4.1279e+01 -8.6518e-01
-1.1315e+01     3.1197e+01  1.1027e-01 -3.1196e+01 -9.0047e-01  4.2911e+01  3.5618e-01 -4.2911e+01 -9.1054e-01
-1.1270e+01     3.0037e+01  6.3337e-02 -3.0036e+01 -7.1731e-01  4.4286e+01  3.6008e-01 -4.4286e+01 -9.4688e-01
-1.1225e+01     2.6898e+01  5.1998e-02 -2.6897e+01 -7.0290e-01  4.5565e+01  3.6267e-01 -4.5565e+01 -9.7878e-01
-1.1180e+01     4.1890e+01  7.6364e-02 -4.1890e+01 -1.2163e+00  4.7110e+01  3.6555e-01 -4.7110e+01 -1.0219e+00
-1.1135e+01     2.8059e+01  5.8507e-02 -2.8059e+01 -6.5683e-01  4.8682e+01  3.6858e-01 -4.8681e+01 -1.0640e+00
-1.1090e+01     3.7491e+01  9.8298e-02 -3.7492e+01 -9.8977e-01  5.0154e+01  3.7210e-01 -5.0154e+01 -1.1010e+00
-1.1045e+01     2.2774e+01  5.5151e-02 -2.2773e+01 -5.7833e-01  5.1508e+01  3.7555e-01 -5.1507e+01 -1.1362e+00
-1.1000e+01     2.9045e+01  5.0910e-02 -2.9045e+01 -7.8217e-01  5.2672e+01  3.7793e-01 -5.2671e+01 -1.1667e+00
-1.0955e+01     4.2147e+01  1.0179e-01 -4.2146e+01 -1.1468e+00  5.4271e+01  3.8136e-01 -5.4271e+01 -1.2101e+00
-1.0910e+01     4.6643e+01  1.2139e-01 -4.6643e+01 -1.4869e+00  5.6265e+01  3.8637e-01 -5.6265e+01 -1.2692e+00
-1.0865e+01     2.7283e+01  8.3176e-02 -2.7283e+01 -7.9158e-01  5.7926e+01  3.9097e-01 -5.7926e+01 -1.3204e+00
-1.0820e+01     3.9261e+01  8.4517e-02 -3.9261e+01 -1.0426e+00  5.9421e+01  3.9474e-01 -5.9420e+01 -1.3616e+00
-1.0775e+01     6.3120e+01  1.4526e-01 -6.3120e+01 -1.6183e+00  6.1720e+01  3.9990e-01 -6.1720e+01 -1.4214e+00
-1.0730e+01     6.1202e+01  1.2307e-01 -6.1203e+01 -1.5901e+00  6.4513e+01  4.0592e-01 -6.4513e+01 -1.4934e+00
-1.0685e+01     4.3871e+01  7.8887e-02 -4.3872e+01 -1.4137e+00  6.6873e+01  4.1046e-01 -6.6873e+01 -1.5609e+00
-1.0640e+01     2.4056e+01  6.2176e-02 -2.4056e+01 -7.8595e-01  6.8399e+01  4.1363e-01 -6.8399e+01 -1.6103e+00
-1.0595e+01     4.4023e+01  1.1936e-01 -4.4023e+01 -1.4600e+00  6.9928e+01  4.1771e-01 -6.9928e+01 -1.6608e+00
-1.0550e+01     5.1841e+01  1.6119e-01 -5.1838e+01 -2.0229e+00  7.2082e+01  4.2401e-01 -7.2081e+01 -1.7390e+00
-1.0505e+01     8.2030e+01  1.7902e-01 -8.2029e+01 -2.6103e+00  7.5089e+01  4.3165e-01 -7.5088e+01 -1.8431e+00
-1.0460e+01     6.1187e+01  1.4604e-01 -6.1187e+01 -2.5080e+00  7.8306e+01  4.3895e-01 -7.8305e+01 -1.9581e+00
-1.0415e+01     5.0089e+01  7.8694e-02 -5.0086e+01 -1.4308e+00  8.0805e+01  4.4400e-01 -8.0805e+01 -2.0465e+00
-1.0370e+01     4.3450e+01  9.0968e-02 -4.3451e+01 -1.3641e+00  8.2906e+01  4.4781e-01 -8.2906e+01 -2.1093e+00
-1.0325e+01     3.3608e+01  6.3381e-02 -3.3609e+01 -1.1602e+00  8.4637e+01  4.5128e-01 -8.4637e+01 -2.1660e+00
-1.0280e+01     3.6617e+01  1.2400e-01 -3.6621e+01 -1.0702e+00  8.6215e+01  4.5549e-01 -8.6214e+01 -2.2161e+00
-1.0235e+01     3.4136e+01  1.4810e-01 -3.4136e+01 -1.1568e+00  8.7804e+01  4.6160e-01 -8.7804e+01 -2.2661e+00
-1.0190e+01     4.0734e+01  1.0014e-01 -4.0734e+01 -1.1750e+00  8.9486e+01  4.6718e-01 -8.9486e+01 -2.3185e+00
-1.0145e+01     5.7518e+01  1.2262e-01 -5.7518e+01 -2.0820e+00  9.1693e+01  4.7218e-01 -9.1693e+01 -2.3917e+00
-1.0100e+01     5.9978e+01  3.4418e-01 -5.9975e+01 -2.1427e+00  9.4332e+01  4.8267e-01 -9.4332e+01 -2.4866e+00
-1.0055e+01     2.8129e+01  1.5209e-01 -2.8128e+01 -1.1335e+00  9.6311e+01  4.9381e-01 -9.6311e+01 -2.5602e+00
-1.0010e+01     3.5026e+01  1.6582e-01 -3.5024e+01 -1.0832e+00  9.7730e+01  5.0095e-01 -9.7729e+01 -2.6100e+00
-9.9650e+00     5.3116e+01  1.5197e-01 -5.3120e+01 -1.7708e+00  9.9710e+01  5.0809e-01 -9.9709e+01 -2.6741e+00
-9.9200e+00     5.3465e+01  1.4641e-01 -5.3465e+01 -1.9142e+00  1.0210e+02  5.1480e-01 -1.0210e+02 -2.7568e+00
-9.8750e+00     5.2964e+01  1.2583e-01 -5.2961e+01 -1.7533e+00  1.0449e+02  5.2091e-01 -1.0449e+02 -2.8392e+00
-9.8300e+00     3.6976e+01  9.0160e-02 -3.6975e+01 -1.3289e+00  1.0651e+02  5.2576e-01 -1.0651e+02 -2.9085e+00
-9.7850e+00     3.2400e+01  8.9775e-02 -3.2400e+01 -1.0956e+00  1.0807e+02  5.2980e-01 -1.0807e+02 -2.9629e+00
-9.7400e+00     5.4077e+01  8.7335e-02 -5.4077e+01 -2.1482e+00  1.1002e+02  5.3378e-01 -1.1002e+02 -3.0358e+00
-9.6950e+00     3.6184e+01  7.9214e-02 -3.6184e+01 -1.5302e+00  1.1204e+02  5.3752e-01 -1.1204e+02 -3.1184e+00
-9.6500e+00     4.1566e+01  1.0172e-01 -4.1567e+01 -1.6798e+00  1.1379e+02  5.4159e-01 -1.1379e+02 -3.1905e+00
-9.6050e+00     4.1727e+01  1.1067e-01 -4.1727e+01 -1.7794e+00  1.1566e+02  5.4636e-01 -1.1566e+02 -3.2682e+00
-9.5600e+00     5.8147e+01  1.4637e-01 -5.8147e+01 -1.9602e+00  1.1790e+02  5.5213e-01 -1.1790e+02 -3.3522e+00
-9.5150e+00     4.4362e+01  1.1047e-01 -4.4362e+01 -1.7959e+00  1.2021e+02  5.5790e-01 -1.2021e+02 -3.4366e+00
-9.4700e+00     5.5007e+01  1.2459e-01 -5.5007e+01 -2.6078e+00  1.2244e+02  5.6318e-01 -1.2244e+02 -3.5355e+00
-9.4250e+00     5.3572e+01  1.3026e-01 -5.3573e+01 -2.1981e+00  1.2488e+02  5.6891e-01 -1.2488e+02 -3.6435e+00
-9.3800e+00     5.8525e+01  1.3567e-01 -5.8526e+01 -1.9947e+00  1.2740e+02  5.7488e-01 -1.2740e+02 -3.7376e+00
-9.3350e+00     6.0291e+01  1.1569e-01 -6.0293e+01 -2.5646e+00  1.3006e+02  5.8053e-01 -1.3006e+02 -3.8401e+00
-9.2900e+00     5.1361e+01  1.2410e-01 -5.1359e+01 -2.2969e+00  1.3257e+02  5.8591e-01 -1.3257e+02 -3.9493e+00
-9.2450e+00     4.0459e+01  7.2419e-02 -4.0460e+01 -1.8431e+00  1.3463e+02  5.9033e-01 -1.3463e+02 -4.0422e+00
-9.2000e+00     6.0393e+01  1.5270e-01 -6.0391e+01 -3.0044e+00  1.3690e+02  5.9538e-01 -1.3690e+02 -4.1511e+00
-9.1550e+00     3.8470e+01  7.1084e-02 -3.8472e+01 -1.4134e+00  1.3912e+02  6.0041e-01 -1.3912e+02 -4.2504e+00
-9.1100e+00     4.1175e+01  1.0142e-01 -4.1174e+01 -1.8889e+00  1.4091e+02  6.0428e-01 -1.4091e+02 -4.3245e+00
-9.0650e+00     4.5817e+01  9.5117e-02 -4.5816e+01 -1.6598e+00  1.4286e+02  6.0870e-01 -1.4286e+02 -4.4043e+00
-9.0200e+00     6.6162e+01  1.1316e-01 -6.6165e+01 -2.8301e+00  1.4538e+02  6.1338e-01 -1.4538e+02 -4.5051e+00
-8.9750e+00     8.2138e+01  1.8097e-01 -8.2135e+01 -3.9977e+00  1.4871e+02  6.1998e-01 -1.4871e+02 -4.6585e+00
-8.9300e+00     4.8141e+01  1.1165e-01 -4.8139e+01 -2.0765e+00  1.5164e+02  6.2656e-01 -1.5164e+02 -4.7949e+00
-8.8850e+00     5.2358e+01  1.0632e-01 -5.2356e+01 -1.9192e+00  1.5389e+02  6.3145e-01 -1.5389e+02 -4.8847e+00
-8.8400e+00     6.7902e+01  9.9626e-02 -6.7899e+01 -4.2056e+00  1.5660e+02  6.3608e-01 -1.5660e+02 -5.0223e+00
-8.7950e+00     5.4408e+01  1.0698e-01 -5.4409e+01 -2.4040e+00  1.5934e+02  6.4072e-01 -1.5934e+02 -5.1707e+00
-8.7500e+00     4.3300e+01  6.9201e-02 -4.3299e+01 -2.2349e+00  1.6154e+02  6.4468e-01 -1.6154e+02 -5.2749e+00
-8.7050e+00     4.9890e+01  1.2402e-01 -4.9890e+01 -2.4771e+00  1.6363e+02  6.4902e-01 -1.6363e+02 -5.3808e+00
-8.6600e+00     6.5491e+01  1.9724e-01 -6.5488e+01 -3.3164e+00  1.6622e+02  6.5624e-01 -1.6622e+02 -5.5109e+00
-8.6150e+00     3.1946e+01  7.5957e-02 -3.1948e+01 -1.6917e+00  1.6841e+02  6.6237e-01 -1.6841e+02 -5.6234e+00
-8.5700e+00     4.4534e+01  1.1013e-01 -4.4536e+01 -2.1477e+00  1.7013e+02  6.6655e-01 -1.7013e+02 -5.7096e+00
-8.5250e+00     5.9528e+01  1.4238e-01 -5.9528e+01 -2.7438e+00  1.7247e+02  6.7222e-01 -1.7247e+02 -5.8195e+00
-8.4800e+00     6.1874e+01  1.1529e-01 -6.1871e+01 -3.0222e+00  1.7519e+02  6.7801e-01 -1.7519e+02 -5.9490e+00
-8.4350e+00     5.5900e+01  1.7480e-01 -5.5897e+01 -3.9243e+00  1.7784e+02  6.8453e-01 -1.7784e+02 -6.1051e+00
-8.3900e+00     5.1761e+01  1.7196e-01 -5.1761e+01 -2.6238e+00  1.8026e+02  6.9232e-01 -1.8026e+02 -6.2522e+00
-8.3450e+00     3.2768e+01  8.6511e-02 -3.2769e+01 -1.4980e+00  1.8216e+02  6.9812e-01 -1.8216e+02 -6.3447e+00
-8.3000e+00     3.8111e+01  1.1617e-01 -3.8113e+01 -2.5909e+00  1.8375e+02  7.0268e-01 -1.8375e+02 -6.4366e+00
-8.2550e+00     5.2030e+01  1.0334e-01 -5.2030e+01 -3.1579e+00  1.8577e+02  7.0761e-01 -1.8577e+02 -6.5657e+00
-8.2100e+00     4.5902e+01  1.1584e-01 -4.5904e+01 -2.7829e+00  1.8797e+02  7.1253e-01 -1.8797e+02 -6.6992e+00
-8.1650e+00     4.6899e+01  1.1625e-01 -4.6899e+01 -2.3535e+00  1.9006e+02  7.1774e-01 -1.9006e+02 -6.8145e+00
-8.1200e+00     5.2585e+01  1.2360e-01 -5.2584e+01 -3.1227e+00  1.9229e+02  7.2313e-01 -1.9229e+02 -6.9376e+00
-8.0750e+00     5.3250e+01  1.4670e-01 -5.3252e+01 -3.5987e+00  1.9467e+02  7.2920e-01 -1.9467e+02 -7.0885e+00
-8.0300e+00     5.0372e+01  1.3268e-01 -5.0370e+01 -3.1418e+00  1.9700e+02  7.3548e-01 -1.9700e+02 -7.2399e+00
-7.9850e+00     5.8614e+01  1.5168e-01 -5.8613e+01 -4.2243e+00  1.9945e+02  7.4187e-01 -1.9945e+02 -7.4054e+00
-7.9400e+00     5.0825e+01  1.7026e-01 -5.0823e+01 -3.0153e+00  2.0190e+02  7.4910e-01 -2.0190e+02 -7.5680e+00
-7.8950e+00     2.5515e+01  6.8577e-02 -2.5513e+01 -1.6605e+00  2.0362e+02  7.5446e-01 -2.0362e+02 -7.6731e+00
-7.8500e+00     4.4994e+01  1.2034e-01 -4.4995e+01 -3.0391e+00  2.0520e+02  7.5871e-01 -2.0520e+02 -7.7786e+00
-7.8050e+00     6.3404e+01  1.8008e-01 -6.3404e+01 -4.4120e+00  2.0764e+02  7.6545e-01 -2.0764e+02 -7.9460e+00
-7.7600e+00     3.4892e+01  9.0601e-02 -3.4890e+01 -2.1717e+00  2.0985e+02  7.7153e-01 -2.0984e+02 -8.0939e+00
-7.7150e+00     4.2457e+01  9.5278e-02 -4.2457e+01 -2.2707e+00  2.1158e+02  7.7571e-01 -2.1158e+02 -8.1937e+00
-7.6700e+00     6.4351e+01  1.2463e-01 -6.4350e+01 -4.0495e+00  2.1398e+02  7.8065e-01 -2.1398e+02 -8.3356e+00
-7.6250e+00     6.9373e+01  1.7186e-01 -6.9376e+01 -4.9398e+00  2.1699e+02  7.8731e-01 -2.1698e+02 -8.5376e+00
-7.5800e+00     4.8913e+01  1.1352e-01 -4.8911e+01 -4.0769e+00  2.1964e+02  7.9372e-01 -2.1964e+02 -8.7401e+00
-7.5350e+00     3.6320e+01  7.3993e-02 -3.6320e+01 -2.7941e+00  2.2156e+02  7.9793e-01 -2.2156e+02 -8.8944e+00
-7.4900e+00     7.7900e+01  2.1220e-01 -7.7901e+01 -4.4355e+00  2.2412e+02  8.0436e-01 -2.2412e+02 -9.0568e+00
-7.4450e+00     5.4629e+01  1.3220e-01 -5.4629e+01 -3.8288e+00  2.2710e+02  8.1210e-01 -2.2710e+02 -9.2425e+00
-7.4000e+00     6.0482e+01  1.0624e-01 -6.0483e+01 -4.7407e+00  2.2969e+02  8.1745e-01 -2.2968e+02 -9.4350e+00
-7.3550e+00     4.6184e+01  9.5157e-02 -4.6186e+01 -3.2499e+00  2.3208e+02  8.2198e-01 -2.3208e+02 -9.6144e+00
-7.3100e+00     3.5655e+01  6.2141e-02 -3.5656e+01 -2.5878e+00  2.3392e+02  8.2551e-01 -2.3392e+02 -9.7456e+00
-7.2650e+00     4.9586e+01  1.0776e-01 -4.9587e+01 -2.8495e+00  2.3583e+02  8.2933e-01 -2.3583e+02 -9.8677e+00
-7.2200e+00     4.6442e+01  1.1594e-01 -4.6446e+01 -2.7059e+00  2.3799e+02  8.3435e-01 -2.3799e+02 -9.9925e+00
-7.1750e+00     5.4056e+01  1.2071e-01 -5.4055e+01 -3.8998e+00  2.4025e+02  8.3967e-01 -2.4025e+02 -1.0141e+01
-7.1300e+00     3.8509e+01  9.0084e-02 -3.8510e+01 -2.4886e+00  2.4233e+02  8.4440e-01 -2.4233e+02 -1.0284e+01
-7.0850e+00     3.5974e+01  6.9500e-02 -3.5974e+01 -2.2126e+00  2.4400e+02  8.4799e-01 -2.4400e+02 -1.0390e+01
-7.0400e+00     4.7467e+01  9.3383e-02 -4.7467e+01 -4.0257e+00  2.4588e+02  8.5164e-01 -2.4588e+02 -1.0530e+01
-6.9950e+00     3.9356e+01  7.5931e-02 -3.9356e+01 -3.1339e+00  2.4783e+02  8.5545e-01 -2.4783e+02 -1.0691e+01
-6.9500e+00     3.5491e+01  9.0316e-02 -3.5490e+01 -4.2999e-03  2.4951e+02  8.5918e-01 -2.4951e+02 -1.0761e+01
-6.9050e+00     5.4627e+01  1.8127e-01 -5.4627e+01 -1.4903e-02  2.5153e+02  8.6528e-01 -2.5153e+02 -1.0762e+01
-6.8600e+00     2.9768e+01  8.1753e-02 -2.9768e+01 -2.2081e-03  2.5343e+02  8.7119e-01 -2.5343e+02 -1.0762e+01
-6.8150e+00     2.3142e+01  9.5166e-02 -2.3142e+01 -1.4160e-02  2.5462e+02  8.7517e-01 -2.5462e+02 -1.0763e+01
-6.7700e+00     6.0635e+01  2.5720e-01 -6.0635e+01 -1.6523e-02  2.5650e+02  8.8308e-01 -2.5650e+02 -1.0763e+01
-6.7250e+00     3.9497e+01  1.9116e-01 -3.9497e+01 -1.4835e-02  2.5875e+02  8.9315e-01 -2.5875e+02 -1.0764e+01
-6.6800e+00     1.1979e+02  4.3904e-01 -1.1979e+02 -1.1246e-02  2.6233e+02  9.0731e-01 -2.6232e+02 -1.0765e+01
-6.6350e+00     6.5958e+01  4.1427e-01 -6.5959e+01 -2.1451e-02  2.6650e+02  9.2648e-01 -2.6650e+02 -1.0765e+01
-6.5900e+00     4.5922e+01  1.9928e-01 -4.5923e+01 -2.4202e-02  2.6901e+02  9.4026e-01 -2.6901e+02 -1.0766e+01
-6.5450e+00     1.2760e+01  5.4356e-02 -1.2765e+01 -1.0676e-02  2.7033e+02  9.4595e-01 -2.7033e+02 -1.0767e+01
-6.5000e+00     6.0180e+01  2.5019e-01 -6.0183e+01 -1.8656e-02  2.7197e+02  9.5280e-01 -2.7197e+02 -1.0768e+01
-6.4550e+00     1.4848e+01  5.5387e-02 -1.4848e+01 -8.8240e-03  2.7365e+02  9.5966e-01 -2.7365e+02 -1.0768e+01
-6.4100e+00     4.0497e+01  1.2542e-01 -4.0497e+01 -1.6243e-02  2.7490e+02  9.6372e-01 -2.7490e+02 -1.0769e+01
-6.3650e+00     1.7353e+01  1.0723e-01 -1.7353e+01 -6.6689e-04  2.7620e+02  9.6895e-01 -2.7619e+02 -1.0769e+01
-6.3200e+00     5.3666e+01  3.1663e-01 -5.3666e+01 -2.6041e-02  2.7779e+02  9.7847e-01 -2.7779e+02 -1.0770e+01
-6.2750e+00     2.6736e+01  1.0928e-01 -2.6736e+01 -6.4070e-03  2.7960e+02  9.8803e-01 -2.7960e+02 -1.0771e+01
-6.2300e+00     1.3402e+01  4.5359e-02 -1.3402e+01 -8.2442e-04  2.8050e+02  9.9151e-01 -2.8050e+02 -1.0771e+01
-6.1850e+00     2.6624e+01  7.1790e-02 -2.6624e+01 -7.1092e-03  2.8140e+02  9.9414e-01 -2.8140e+02 -1.0771e+01
-6.1400e+00     2.6015e+01  1.3476e-01 -2.6015e+01 -8.1459e-03  2.8258e+02  9.9878e-01 -2.8258e+02 -1.0771e+01
-6.0950e+00     2.2507e+01  9.4755e-02 -2.2507e+01 -1.1805e-02  2.8367e+02  1.0039e+00 -2.8367e+02 -1.0772e+01
-6.0500e+00     2.9025e+01  1.1829e-01 -2.9025e+01 -1.3368e-02  2.8483e+02  1.0087e+00 -2.8483e+02 -1.0772e+01
-6.0050e+00     1.9468e+01  8.0356e-02 -1.9468e+01 -1.3717e-02  2.8592e+02  1.0132e+00 -2.8592e+02 -1.0773e+01
-5.9600e+00     2.6137e+01  1.6468e-01 -2.6137e+01 -6.7437e-03  2.8694e+02  1.0187e+00 -2.8694e+02 -1.0773e+01
-5.9150e+00     1.8899e+01  1.0680e-01 -1.8899e+01 -6.3702e-03  2.8795e+02  1.0248e+00 -2.8795e+02 -1.0774e+01
-5.8700e+00     1.0340e+01  5.3331e-02 -1.0340e+01 -3.7187e-03  2.8861e+02  1.0284e+00 -2.8861e+02 -1.0774e+01
-5.8250e+00     1.8399e+01  1.1779e-01 -1.8399e+01 -7.5496e-03  2.8925e+02  1.0322e+00 -2.8925e+02 -1.0774e+01
-5.7800e+00     1.2353e+01  8.7361e-02 -1.2353e+01 -6.4790e-03  2.8995e+02  1.0368e+00 -2.8994e+02 -1.0775e+01
-5.7350e+00     1.5944e+01  1.1452e-01 -1.5944e+01 -5.0390e-03  2.9058e+02  1.0414e+00 -2.9058e+02 -1.0775e+01
-5.6900e+00     1.6579e+01  1.6478e-01 -1.6579e+01 -9.3969e-03  2.9131e+02  1.0476e+00 -2.9131e+02 -1.0775e+01
-5.6450e+00     1.4587e+01  1.2740e-01 -1.4587e+01 -5.0971e-03  2.9201e+02  1.0542e+00 -2.9201e+02 -1.0775e+01
-5.6000e+00     1.7154e+01  1.5200e-01 -1.7154e+01 -4.9423e-03  2.9272e+02  1.0605e+00 -2.9272e+02 -1.0776e+01
-5.5550e+00     1.9122e+01  1.6120e-01 -1.9122e+01 -8.9611e-03  2.9354e+02  1.0675e+00 -2.9354e+02 -1.0776e+01
-5.5100e+00     3.3130e+01  2.4277e-01 -3.3130e+01 -1.1148e-02  2.9471e+02  1.0766e+00 -2.9471e+02 -1.0776e+01
-5.4650e+00     2.1819e+01  2.2024e-01 -2.1819e+01 -3.4639e-03  2.9595e+02  1.0870e+00 -2.9595e+02 -1.0777e+01
-5.4200e+00     9.8512e+00  6.7417e-02 -9.8512e+00 -2.7658e-03  2.9666e+02  1.0935e+00 -2.9666e+02 -1.0777e+01
-5.3750e+00     1.6656e+01  1.1109e-01 -1.6656e+01 -3.7317e-03  2.9725e+02  1.0975e+00 -2.9725e+02 -1.0777e+01
-5.3300e+00     1.4627e+01  9.5021e-02 -1.4627e+01 -3.2847e-03  2.9796e+02  1.1021e+00 -2.9796e+02 -1.0777e+01
-5.2850e+00     1.5587e+01  1.1540e-01 -1.5587e+01 -3.3976e-03  2.9864e+02  1.1068e+00 -2.9864e+02 -1.0777e+01
-5.2400e+00     1.6752e+01  1.0781e-01 -1.6752e+01 -5.7938e-01  2.9936e+02  1.1118e+00 -2.9936e+02 -1.0790e+01
-5.1950e+00     2.2455e+01  1.3943e-01 -2.2455e+01 -1.1848e+01  3.0024e+02  1.1174e+00 -3.0024e+02 -1.1070e+01
-5.1500e+00     1.8244e+01  9.9184e-02 -1.8244e+01 -8.1635e+00  3.0116e+02  1.1227e+00 -3.0116e+02 -1.1519e+01
-5.1050e+00     1.5362e+01  9.9247e-02 -1.5362e+01 -6.6765e-03  3.0191e+02  1.1272e+00 -3.0191e+02 -1.1703e+01
-5.0600e+00     1.6600e+01  8.9191e-02 -1.6600e+01 -5.6670e-03  3.0263e+02  1.1314e+00 -3.0263e+02 -1.1703e+01
-5.0150e+00     1.6459e+01  7.3105e-02 -1.6459e+01 -1.2834e-03  3.0337e+02  1.1351e+00 -3.0337e+02 -1.1703e+01
-4.9700e+00     2.5442e+01  1.4389e-01 -2.5442e+01 -8.8150e-03  3.0431e+02  1.1400e+00 -3.0431e+02 -1.1703e+01
-4.9250e+00     1.2343e+01  6.8193e-02 -1.2343e+01 -5.9750e-03  3.0516e+02  1.1447e+00 -3.0516e+02 -1.1704e+01
-4.8800e+00     1.9437e+01  1.1950e-01 -1.9437e+01 -6.8929e-03  3.0588e+02  1.1489e+00 -3.0588e+02 -1.1704e+01
-4.8350e+00     1.9577e+01  1.2510e-01 -1.9577e+01 -9.9932e-03  3.0675e+02  1.1544e+00 -3.0675e+02 -1.1704e+01
-4.7900e+00     1.6348e+01  7.1893e-02 -1.6348e+01 -8.0848e-03  3.0756e+02  1.1589e+00 -3.0756e+02 -1.1705e+01
-4.7450e+00     2.2767e+01  1.2051e-01 -2.2767e+01 -7.0830e-03  3.0844e+02  1.1632e+00 -3.0844e+02 -1.1705e+01
-4.7000e+00     1.8501e+01  1.3655e-01 -1.8501e+01 -7.4828e-03  3.0937e+02  1.1690e+00 -3.0936e+02 -1.1705e+01
-4.6550e+00     2.2158e+01  1.4787e-01 -2.2158e+01 -6.5929e-03  3.1028e+02  1.1753e+00 -3.1028e+02 -1.1706e+01
-4.6100e+00     1.9949e+01  1.3059e-01 -1.9949e+01 -6.2151e-03  3.1122e+02  1.1816e+00 -3.1122e+02 -1.1706e+01
-4.5650e+00     1.8807e+01  1.5154e-01 -1.8807e+01 -1.2241e-03  3.1209e+02  1.1879e+00 -3.1209e+02 -1.1706e+01
-4.5200e+00     1.7389e+01  1.2355e-01 -1.7389e+01 -2.7916e-03  3.1291e+02  1.1941e+00 -3.1291e+02 -1.1706e+01
-4.4750e+00     1.8886e+01  1.3367e-01 -1.8886e+01 -5.0743e-03  3.1372e+02  1.1999e+00 -3.1372e+02 -1.1706e+01
-4.4300e+00     1.8824e+01  1.2813e-01 -1.8824e+01 -7.2716e-03  3.1457e+02  1.2058e+00 -3.1457e+02 -1.1707e+01
-4.3850e+00     1.7923e+01  9.2388e-02 -1.7923e+01 -1.9446e-03  3.1540e+02  1.2107e+00 -3.1539e+02 -1.1707e+01
-4.3400e+00     1.7905e+01  1.4397e-01 -1.7905e+01 -1.0018e-02  3.1620e+02  1.2160e+00 -3.1620e+02 -1.1707e+01
-4.2950e+00     1.2555e+01  6.0046e-02 -1.2555e+01 -3.3105e-03  3.1688e+02  1.2206e+00 -3.1688e+02 -1.1707e+01
-4.2500e+00     2.0635e+01  1.1721e-01 -2.0635e+01 -4.7970e-03  3.1763e+02  1.2246e+00 -3.1763e+02 -1.1708e+01
-4.2050e+00     1.4080e+01  8.1514e-02 -1.4080e+01 -3.2723e-03  3.1841e+02  1.2291e+00 -3.1841e+02 -1.1708e+01
-4.1600e+00     1.9502e+01  1.1433e-01 -1.9502e+01 -4.5441e-03  3.1916e+02  1.2335e+00 -3.1916e+02 -1.1708e+01
-4.1150e+00     1.8529e+01  1.0177e-01 -1.8529e+01 -3.6251e-03  3.2002e+02  1.2383e+00 -3.2002e+02 -1.1708e+01
-4.0700e+00     1.7406e+01  9.3167e-02 -1.7406e+01 -4.2495e-03  3.2083e+02  1.2427e+00 -3.2082e+02 -1.1708e+01
-4.0250e+00     1.5815e+01  9.6139e-02 -1.5815e+01 -5.4492e-03  3.2157e+02  1.2469e+00 -3.2157e+02 -1.1709e+01
-3.9800e+00     1.2384e+01  6.4202e-02 -1.2384e+01 -2.2653e-03  3.2221e+02  1.2505e+00 -3.2220e+02 -1.1709e+01
-3.9350e+00     1.5545e+01  8.8484e-02 -1.5545e+01 -3.6503e-03  3.2283e+02  1.2540e+00 -3.2283e+02 -1.1709e+01
-3.8900e+00     1.3300e+01  7.6311e-02 -1.3300e+01 -4.4672e-03  3.2348e+02  1.2577e+00 -3.2348e+02 -1.1709e+01
-3.8450e+00     2.0320e+01  1.1243e-01 -2.0320e+01 -4.9955e-03  3.2424e+02  1.2619e+00 -3.2424e+02 -1.1709e+01
-3.8000e+00     1.0436e+01  5.5437e-02 -1.0436e+01 -5.7030e-03  3.2493e+02  1.2657e+00 -3.2493e+02 -1.1710e+01
-3.7550e+00     1.8591e+01  1.2789e-01 -1.8591e+01 -1.3995e-02  3.2558e+02  1.2698e+00 -3.2558e+02 -1.1710e+01
-3.7100e+00     1.2217e+01  9.7210e-02 -1.2217e+01 -5.1941e-03  3.2627e+02  1.2749e+00 -3.2627e+02 -1.1710e+01
-3.6650e+00     1.2427e+01  7.5392e-02 -1.2427e+01 -5.2841e-03  3.2682e+02  1.2787e+00 -3.2682e+02 -1.1711e+01
-3.6200e+00     1.3070e+01  7.5194e-02 -1.3070e+01 -6.1494e-03  3.2740e+02  1.2821e+00 -3.2740e+02 -1.1711e+01
-3.5750e+00     1.2283e+01  6.0637e-02 -1.2283e+01 -7.4528e-03  3.2797e+02  1.2852e+00 -3.2797e+02 -1.1711e+01
-3.5300e+00     1.7451e+01  1.0382e-01 -1.7451e+01 -3.1156e-03  3.2863e+02  1.2889e+00 -3.2863e+02 -1.1711e+01
-3.4850e+00     1.5040e+01  7.3895e-02 -1.5040e+01 -4.4124e-03  3.2936e+02  1.2929e+00 -3.2936e+02 -1.1712e+01
-3.4400e+00     1.0100e+01  6.2105e-02 -1.0100e+01 -3.5391e-03  3.2993e+02  1.2959e+00 -3.2993e+02 -1.1712e+01
-3.3950e+00     1.9012e+01  1.0538e-01 -1.9012e+01 -5.6639e-03  3.3058e+02  1.2997e+00 -3.3058e+02 -1.1712e+01
-3.3500e+00     2.1196e+01  1.4026e-01 -2.1196e+01 -3.7411e-03  3.3149e+02  1.3052e+00 -3.3149e+02 -1.1712e+01
-3.3050e+00     2.0451e+01  9.7128e-02 -2.0451e+01 -6.5976e-03  3.3242e+02  1.3105e+00 -3.3242e+02 -1.1712e+01
-3.2600e+00     1.3071e+01  5.6056e-02 -1.3071e+01 -7.0596e-03  3.3317e+02  1.3140e+00 -3.3317e+02 -1.1713e+01
-3.2150e+00     2.1903e+01  1.3543e-01 -2.1903e+01 -6.4264e-03  3.3396e+02  1.3183e+00 -3.3396e+02 -1.1713e+01
-3.1700e+00     1.6167e+01  9.7148e-02 -1.6167e+01 -3.0020e-03  3.3482e+02  1.3235e+00 -3.3481e+02 -1.1713e+01
-3.1250e+00     5.1048e+00  2.2571e-02 -5.1047e+00 -2.9374e-08  3.3529e+02  1.3262e+00 -3.3529e+02 -1.1713e+01
-3.0800e+00     1.4597e+01  1.0705e-01 -1.4597e+01 -4.4506e-03  3.3574e+02  1.3291e+00 -3.3573e+02 -1.1713e+01
-3.0350e+00     1.1317e+01  7.9332e-02 -1.1317e+01 -1.6041e-03  3.3632e+02  1.3333e+00 -3.3632e+02 -1.1714e+01
-2.9900e+00     6.7716e+00  5.7022e-02 -6.7716e+00 -2.7962e-03  3.3672e+02  1.3363e+00 -3.3672e+02 -1.1714e+01
-2.9450e+00     1.9748e+01  2.1641e-01 -1.9749e+01 -6.6524e-03  3.3732e+02  1.3425e+00 -3.3732e+02 -1.1714e+01
-2.9000e+00     1.0995e+01  3.7938e-02 -1.0994e+01 -1.8830e-03  3.3801e+02  1.3482e+00 -3.3801e+02 -1.1714e+01
-2.8550e+00     6.4808e+00  6.0693e-02 -6.4807e+00 -1.2257e-03  3.3840e+02  1.3504e+00 -3.3840e+02 -1.1714e+01
-2.8100e+00     5.3675e+00  8.3770e-02 -5.3675e+00 -2.2756e-03  3.3867e+02  1.3537e+00 -3.3867e+02 -1.1714e+01
-2.7650e+00     6.0947e+00  1.5006e-01 -6.0948e+00 -5.8117e-03  3.3893e+02  1.3589e+00 -3.3893e+02 -1.1714e+01
-2.7200e+00     1.0813e+01  2.7499e-01 -1.0813e+01 -1.6595e-02  3.3931e+02  1.3685e+00 -3.3931e+02 -1.1715e+01
-2.6750e+00     8.2404e+00  1.2609e-01 -8.2405e+00 -3.6734e-03  3.3973e+02  1.3775e+00 -3.3973e+02 -1.1715e+01
-2.6300e+00     2.2383e+00  2.6204e-02 -2.2383e+00 -4.5619e-07  3.3997e+02  1.3809e+00 -3.3997e+02 -1.1715e+01
-2.5850e+00     7.7682e+00  6.0177e-02 -7.7681e+00 -5.8165e-03  3.4019e+02  1.3828e+00 -3.4019e+02 -1.1716e+01
-2.5400e+00     6.4115e+00  4.4592e-02 -6.4115e+00 -4.3094e-03  3.4051e+02  1.3852e+00 -3.4051e+02 -1.1716e+01
-2.4950e+00     3.4004e+00  3.1842e-02 -3.4004e+00 -1.2903e-06  3.4073e+02  1.3869e+00 -3.4073e+02 -1.1716e+01
-2.4500e+00     2.3634e+00  2.2899e-02 -2.3634e+00 -5.6943e-07  3.4086e+02  1.3881e+00 -3.4086e+02 -1.1716e+01
-2.4050e+00     0.0000e+00  0.0000e+00 -0.0000e+00 -0.0000e+00  3.4092e+02  1.3886e+00 -3.4092e+02 -1.1716e+01
-2.3600e+00     6.1915e+00  3.2057e-02 -6.1915e+00 -1.5510e-04  3.4105e+02  1.3894e+00 -3.4105e+02 -1.1716e+01
-2.3150e+00     6.8934e+00  2.8840e-02 -6.8934e+00 -1.4218e-03  3.4135e+02  1.3907e+00 -3.4135e+02 -1.1716e+01
-2.2700e+00     6.3740e+00  2.6139e-02 -6.3740e+00 -2.9107e-03  3.4165e+02  1.3920e+00 -3.4165e+02 -1.1716e+01
-2.2250e+00     1.7891e+00  8.2895e-03 -1.7891e+00 -1.5683e-08  3.4183e+02  1.3927e+00 -3.4183e+02 -1.1716e+01
-2.1800e+00     0.0000e+00  0.0000e+00 -0.0000e+00 -0.0000e+00  3.4187e+02  1.3929e+00 -3.4187e+02 -1.1716e+01
-2.1350e+00     3.2342e-01  2.0697e-04 -3.2349e-01 -4.9062e-09  3.4188e+02  1.3929e+00 -3.4188e+02 -1.1716e+01
-2.0900e+00     7.4975e+00  3.8883e-03 -7.4974e+00 -8.3694e-08  3.4205e+02  1.3930e+00 -3.4205e+02 -1.1716e+01
-2.0450e+00     5.3622e+00  8.0422e-03 -5.3624e+00 -1.9453e-05  3.4234e+02  1.3933e+00 -3.4234e+02 -1.1716e+01
-2.0000e+00     6.0663e+00  1.0464e-02 -6.0662e+00 -5.0785e-04  3.4260e+02  1.3937e+00 -3.4260e+02 -1.1716e+01
-1.9550e+00     6.8945e+00  9.4335e-03 -6.8947e+00 -9.6008e-04  3.4289e+02  1.3942e+00 -3.4289e+02 -1.1716e+01
-1.9100e+00     3.5848e+00  4.4619e-03 -3.5845e+00 -1.0347e-04  3.4313e+02  1.3945e+00 -3.4312e+02 -1.1716e+01
-1.8650e+00     0.0000e+00  0.0000e+00 -0.0000e+00 -0.0000e+00  3.4321e+02  1.3946e+00 -3.4321e+02 -1.1716e+01
-1.8200e+00     0.0000e+00  0.0000e+00 -0.0000e+00 -0.0000e+00  3.4321e+02  1.3946e+00 -3.4321e+02 -1.1716e+01
-1.7750e+00     0.0000e+00  0.0000e+00 -0.0000e+00 -0.0000e+00  3.4321e+02  1.3946e+00 -3.4321e+02 -1.1716e+01
-1.7300e+00     0.0000e+00  0.0000e+00 -0.0000e+00 -0.0000e+00  3.4321e+02  1.3946e+00 -3.4321e+02 -1.1716e+01
-1.6850e+00     0.0000e+00  0.0000e+00 -0.0000e+00 -0.0000e+00  3.4321e+02  1.3946e+00 -3.4321e+02 -1.1716e+01
-1.6400e+00     0.0000e+00  0.0000e+00 -0.0000e+00 -0.0000e+00  3.4321e+02  1.3946e+00 -3.4321e+02 -1.1716e+01
-1.5950e+00     0.0000e+00  0.0000e+00 -0.0000e+00 -0.0000e+00  3.4321e+02  1.3946e+00 -3.4321e+02 -1.1716e+01
-1.5500e+00     0.0000e+00  0.0000e+00 -0.0000e+00 -0.0000e+00  3.4321e+02  1.3946e+00 -3.4321e+02 -1.1716e+01
-1.5050e+00     0.0000e+00  0.0000e+00 -0.0000e+00 -0.0000e+00  3.4321e+02  1.3946e+00 -3.4321e+02 -1.1716e+01
-1.4600e+00     0.0000e+00  0.0000e+00 -0.0000e+00 -0.0000e+00  3.4321e+02  1.3946e+00 -3.4321e+02 -1.1716e+01
-1.4150e+00     0.0000e+00  0.0000e+00 -0.0000e+00 -0.0000e+00  3.4321e+02  1.3946e+00 -3.4321e+02 -1.1716e+01
-1.3700e+00     0.0000e+00  0.0000e+00 -0.0000e+00 -0.0000e+00  3.4321e+02  1.3946e+00 -3.4321e+02 -1.1716e+01
-1.3250e+00     0.0000e+00  0.0000e+00 -0.0000e+00 -0.0000e+00  3.4321e+02  1.3946e+00 -3.4321e+02 -1.1716e+01
-1.2800e+00     0.0000e+00  0.0000e+00 -0.0000e+00 -0.0000e+00  3.4321e+02  1.3946e+00 -3.4321e+02 -1.1716e+01
-1.2350e+00     0.0000e+00  0.0000e+00 -0.0000e+00 -0.0000e+00  3.4321e+02  1.3946e+00 -3.4321e+02 -1.1716e+01
-1.1900e+00     1.2326e+01  2.0681e-03 -1.2218e+01 -1.0601e-04  3.4348e+02  1.3946e+00 -3.4348e+02 -1.1716e+01
-1.1450e+00     0.0000e+00  0.0000e+00 -0.0000e+00 -0.0000e+00  3.4376e+02  1.3947e+00 -3.4375e+02 -1.1716e+01
-1.1000e+00     3.8884e+00  1.3008e-02 -3.9022e+00 -9.9430e-04  3.4385e+02  1.3950e+00 -3.4384e+02 -1.1716e+01
-1.0550e+00     1.2197e+01  5.2728e-02 -1.2189e+01 -7.0086e-04  3.4421e+02  1.3964e+00 -3.4420e+02 -1.1716e+01
-1.0100e+00     2.7618e+01  4.6723e-02 -2.7595e+01 -2.0020e-03  3.4510e+02  1.3987e+00 -3.4510e+02 -1.1716e+01
-9.6500e-01     5.6088e+00  5.2031e-02 -5.6120e+00 -1.0974e-02  3.4585e+02  1.4009e+00 -3.4584e+02 -1.1717e+01
-9.2000e-01     4.3908e+00  5.0994e-02 -4.3916e+00 -3.8487e-03  3.4607e+02  1.4032e+00 -3.4607e+02 -1.1717e+01
-8.7500e-01     5.9421e+00  7.7358e-02 -5.9421e+00 -5.2549e-03  3.4631e+02  1.4061e+00 -3.4630e+02 -1.1717e+01
-8.3000e-01     7.0204e+00  9.6391e-02 -7.0222e+00 -1.7312e-03  3.4660e+02  1.4100e+00 -3.4659e+02 -1.1717e+01
-7.8500e-01     0.0000e+00  0.0000e+00 -0.0000e+00 -0.0000e+00  3.4675e+02  1.4121e+00 -3.4675e+02 -1.1717e+01
-7.4000e-01     3.1701e+00  1.9484e-02 -3.1778e+00 -1.7456e-08  3.4683e+02  1.4126e+00 -3.4682e+02 -1.1717e+01
-6.9500e-01     3.4154e-01  1.8525e-04 -3.5981e-01 -1.0818e-05  3.4690e+02  1.4130e+00 -3.4690e+02 -1.1717e+01
-6.5000e-01     0.0000e+00  0.0000e+00 -0.0000e+00 -0.0000e+00  3.4691e+02  1.4130e+00 -3.4691e+02 -1.1717e+01
-6.0500e-01     1.0487e-01  4.3472e-04 -1.0487e-01 -4.2126e-10  3.4691e+02  1.4130e+00 -3.4691e+02 -1.1717e+01
-5.6000e-01     2.5422e+00  9.7331e-03 -2.5422e+00 -1.2293e-08  3.4697e+02  1.4133e+00 -3.4697e+02 -1.1717e+01
-5.1500e-01     5.7253e+00  1.6962e-02 -5.7253e+00 -2.4177e-04  3.4716e+02  1.4139e+00 -3.4716e+02 -1.1717e+01
-4.7000e-01     7.0972e+00  1.5092e-02 -7.0973e+00 -1.8132e-03  3.4745e+02  1.4146e+00 -3.4744e+02 -1.1717e+01
-4.2500e-01     5.7756e+00  1.0772e-02 -5.7756e+00 -9.1971e-04  3.4774e+02  1.4152e+00 -3.4773e+02 -1.1717e+01
-3.8000e-01     1.1149e+01  1.4652e-02 -1.1149e+01 -9.6787e-04  3.4812e+02  1.4157e+00 -3.4811e+02 -1.1717e+01
-3.3500e-01     5.7633e+00  7.0744e-03 -5.7632e+00 -5.3452e-05  3.4850e+02  1.4162e+00 -3.4849e+02 -1.1717e+01
-2.9000e-01     1.1329e+01  1.3815e-02 -1.1328e+01 -7.6829e-04  3.4888e+02  1.4167e+00 -3.4888e+02 -1.1718e+01
-2.4500e-01     6.3263e+00  9.9047e-03 -6.3267e+00 -8.5224e-06  3.4928e+02  1.4172e+00 -3.4927e+02 -1.1718e+01
-2.0000e-01     2.4468e-01  3.9635e-04 -2.4463e-01 -3.5088e-11  3.4943e+02  1.4175e+00 -3.4942e+02 -1.1718e+01
-1.5500e-01     0.0000e+00  0.0000e+00 -0.0000e+00 -0.0000e+00  3.4943e+02  1.4175e+00 -3.4943e+02 -1.1718e+01
-1.1000e-01     2.4653e+00  6.0898e-03 -2.4661e+00 -2.4445e-04  3.4949e+02  1.4176e+00 -3.4948e+02 -1.1718e+01
-6.5000e-02     1.6392e+01  2.0003e-02 -1.6393e+01 -8.2029e-05  3.4991e+02  1.4182e+00 -3.4991e+02 -1.1718e+01
-2.0000e-02     0.0000e+00  0.0000e+00 -0.0000e+00 -0.0000e+00  3.5028e+02  1.4186e+00 -3.5027e+02 -1.1718e+01
2.5000e-02     2.2250e+01  3.1084e-02 -2.2249e+01 -7.5199e-04  3.5078e+02  1.4193e+00 -3.5077e+02 -1.1718e+01
7.0000e-02     2.3319e+01  4.1408e-02 -2.3319e+01 -1.7996e-03  3.5180e+02  1.4210e+00 -3.5180e+02 -1.1718e+01
1.1500e-01     1.4806e+01  2.7631e-02 -1.4806e+01 -1.6493e-03  3.5266e+02  1.4225e+00 -3.5265e+02 -1.1718e+01
1.6000e-01     1.1964e+01  3.5969e-02 -1.1964e+01 -4.8143e-03  3.5326e+02  1.4239e+00 -3.5325e+02 -1.1718e+01
2.0500e-01     8.4845e+00  3.7890e-02 -8.4838e+00 -1.4023e-03  3.5372e+02  1.4256e+00 -3.5371e+02 -1.1718e+01
2.5000e-01     1.2065e+01  3.7502e-02 -1.2065e+01 -1.8405e-03  3.5418e+02  1.4273e+00 -3.5418e+02 -1.1718e+01
2.9500e-01     1.6576e+01  7.5862e-02 -1.6576e+01 -2.9552e-03  3.5482e+02  1.4298e+00 -3.5482e+02 -1.1718e+01
3.4000e-01     2.5102e+01  1.1283e-01 -2.5100e+01 -5.1486e-03  3.5576e+02  1.4341e+00 -3.5575e+02 -1.1718e+01
3.8500e-01     1.6938e+01  7.0599e-02 -1.6938e+01 -4.3926e-03  3.5670e+02  1.4382e+00 -3.5670e+02 -1.1719e+01
4.3000e-01     1.8841e+01  1.0377e-01 -1.8840e+01 -5.9312e-03  3.5751e+02  1.4421e+00 -3.5750e+02 -1.1719e+01
4.7500e-01     2.6432e+01  1.5784e-01 -2.6432e+01 -9.1573e-03  3.5852e+02  1.4480e+00 -3.5852e+02 -1.1719e+01
5.2000e-01     4.1682e+01  2.6600e-01 -4.1679e+01 -1.4082e-02  3.6005e+02  1.4575e+00 -3.6005e+02 -1.1720e+01
5.6500e-01     2.2467e+01  1.3774e-01 -2.2466e+01 -1.0780e-02  3.6150e+02  1.4666e+00 -3.6149e+02 -1.1720e+01
6.1000e-01     2.6479e+01  2.0476e-01 -2.6479e+01 -5.0037e-03  3.6259e+02  1.4743e+00 -3.6259e+02 -1.1721e+01
6.5500e-01     2.9808e+01  2.4230e-01 -2.9807e+01 -5.9381e-03  3.6386e+02  1.4843e+00 -3.6385e+02 -1.1721e+01
7.0000e-01     3.4269e+01  2.1623e-01 -3.4269e+01 -1.5287e-02  3.6530e+02  1.4946e+00 -3.6529e+02 -1.1721e+01
7.4500e-01     4.6070e+01  3.6157e-01 -4.6071e+01 -2.0781e-02  3.6710e+02  1.5076e+00 -3.6710e+02 -1.1722e+01
7.9000e-01     5.8086e+01  4.4193e-01 -5.8086e+01 -1.7527e-02  3.6944e+02  1.5257e+00 -3.6944e+02 -1.1723e+01
8.3500e-01     3.0920e+01  2.2764e-01 -3.0920e+01 -1.5656e-02  3.7144e+02  1.5407e+00 -3.7144e+02 -1.1724e+01
8.8000e-01     3.7144e+01  2.5240e-01 -3.7144e+01 -1.0035e-02  3.7297e+02  1.5515e+00 -3.7297e+02 -1.1724e+01
9.2500e-01     2.6439e+01  1.9182e-01 -2.6439e+01 -1.1294e-02  3.7440e+02  1.5615e+00 -3.7439e+02 -1.1725e+01
9.7000e-01     3.2400e+01  2.5901e-01 -3.2400e+01 -2.1320e-02  3.7572e+02  1.5716e+00 -3.7572e+02 -1.1725e+01
1.0150e+00     3.2722e+01  2.7259e-01 -3.2722e+01 -1.1464e-02  3.7718e+02  1.5835e+00 -3.7718e+02 -1.1726e+01
1.0600e+00     4.3698e+01  3.7128e-01 -4.3697e+01 -1.8390e-02  3.7890e+02  1.5980e+00 -3.7890e+02 -1.1727e+01
1.1050e+00     3.8511e+01  3.5895e-01 -3.8512e+01 -1.8826e-02  3.8075e+02  1.6144e+00 -3.8074e+02 -1.1728e+01
1.1500e+00     4.0820e+01  3.8868e-01 -4.0820e+01 -3.1772e-02  3.8253e+02  1.6312e+00 -3.8252e+02 -1.1729e+01
1.1950e+00     4.1418e+01  2.7952e-01 -4.1418e+01 -1.2307e-02  3.8438e+02  1.6462e+00 -3.8437e+02 -1.1730e+01
1.2400e+00     3.6503e+01  2.6049e-01 -3.6503e+01 -6.0497e-03  3.8613e+02  1.6583e+00 -3.8612e+02 -1.1730e+01
1.2850e+00     4.4058e+01  2.6917e-01 -4.4057e+01 -1.6611e-02  3.8794e+02  1.6702e+00 -3.8793e+02 -1.1731e+01
1.3300e+00     3.5484e+01  2.0866e-01 -3.5484e+01 -8.6100e-03  3.8972e+02  1.6809e+00 -3.8972e+02 -1.1731e+01
1.3750e+00     3.9058e+01  2.0743e-01 -3.9058e+01 -1.2850e-02  3.9140e+02  1.6903e+00 -3.9139e+02 -1.1732e+01
1.4200e+00     4.3345e+01  2.6845e-01 -4.3346e+01 -1.3760e-02  3.9325e+02  1.7010e+00 -3.9324e+02 -1.1732e+01
1.4650e+00     4.2288e+01  2.9133e-01 -4.2288e+01 -8.3952e-03  3.9517e+02  1.7136e+00 -3.9517e+02 -1.1733e+01
1.5100e+00     4.5900e+01  3.6556e-01 -4.5900e+01 -2.6186e-02  3.9715e+02  1.7283e+00 -3.9715e+02 -1.1734e+01
1.5550e+00     4.5252e+01  3.3916e-01 -4.5251e+01 -2.3153e-02  3.9920e+02  1.7441e+00 -3.9920e+02 -1.1735e+01
1.6000e+00     4.6005e+01  2.7896e-01 -4.6004e+01 -2.4673e-02  4.0125e+02  1.7580e+00 -4.0124e+02 -1.1736e+01
1.6450e+00     4.5567e+01  2.6733e-01 -4.5568e+01 -7.9634e-03  4.0331e+02  1.7703e+00 -4.0330e+02 -1.1737e+01
1.6900e+00     4.4892e+01  3.0126e-01 -4.4892e+01 -9.4071e-03  4.0534e+02  1.7831e+00 -4.0533e+02 -1.1737e+01
1.7350e+00     4.3476e+01  2.8842e-01 -4.3477e+01 -1.3969e-02  4.0732e+02  1.7963e+00 -4.0732e+02 -1.1738e+01
1.7800e+00     4.2962e+01  3.1366e-01 -4.2963e+01 -1.4327e-02  4.0927e+02  1.8098e+00 -4.0926e+02 -1.1738e+01
1.8250e+00     4.4839e+01  3.1108e-01 -4.4837e+01 -1.6432e-02  4.1124e+02  1.8239e+00 -4.1123e+02 -1.1739e+01
1.8700e+00     4.4394e+01  2.9436e-01 -4.4394e+01 -4.0592e-03  4.1324e+02  1.8375e+00 -4.1324e+02 -1.1739e+01
1.9150e+00     4.2376e+01  3.0160e-01 -4.2379e+01 -1.5663e-02  4.1519e+02  1.8509e+00 -4.1519e+02 -1.1740e+01
1.9600e+00     4.2838e+01  3.2592e-01 -4.2836e+01 -1.0217e-02  4.1711e+02  1.8650e+00 -4.1710e+02 -1.1740e+01
2.0050e+00     4.0120e+01  2.9804e-01 -4.0120e+01 -7.3102e-03  4.1897e+02  1.8790e+00 -4.1896e+02 -1.1741e+01
2.0500e+00     4.4603e+01  3.3914e-01 -4.4601e+01 -2.9813e-02  4.2087e+02  1.8933e+00 -4.2087e+02 -1.1742e+01
2.0950e+00     5.3968e+01  4.0865e-01 -5.3968e+01 -3.1782e-02  4.2309e+02  1.9101e+00 -4.2308e+02 -1.1743e+01
2.1400e+00     4.4186e+01  2.9169e-01 -4.4186e+01 -1.5082e-02  4.2529e+02  1.9258e+00 -4.2529e+02 -1.1744e+01
2.1850e+00     4.5033e+01  2.9917e-01 -4.5034e+01 -3.4206e-02  4.2729e+02  1.9391e+00 -4.2729e+02 -1.1745e+01
2.2300e+00     4.7184e+01  2.8755e-01 -4.7183e+01 -6.0484e+00  4.2937e+02  1.9523e+00 -4.2936e+02 -1.1882e+01
2.2750e+00     4.7304e+01  2.6499e-01 -4.7305e+01 -2.5508e+01  4.3149e+02  1.9647e+00 -4.3148e+02 -1.2591e+01
2.3200e+00     5.2848e+01  2.7057e-01 -5.2848e+01 -1.5836e-02  4.3374e+02  1.9767e+00 -4.3373e+02 -1.3164e+01
2.3650e+00     4.5548e+01  2.4779e-01 -4.5547e+01 -1.2695e-02  4.3595e+02  1.9884e+00 -4.3594e+02 -1.3165e+01
2.4100e+00     4.5260e+01  2.5419e-01 -4.5259e+01 -7.3403e-03  4.3799e+02  1.9996e+00 -4.3798e+02 -1.3165e+01
2.4550e+00     4.6272e+01  2.9268e-01 -4.6267e+01 -2.3774e-02  4.4004e+02  2.0119e+00 -4.4004e+02 -1.3166e+01
2.5000e+00     5.4690e+01  3.5131e-01 -5.4692e+01 -3.0431e-02  4.4231e+02  2.0264e+00 -4.4231e+02 -1.3167e+01
2.5450e+00     4.2941e+01  2.4437e-01 -4.2942e+01 -1.4575e-02  4.4451e+02  2.0398e+00 -4.4450e+02 -1.3168e+01
2.5900e+00     4.9916e+01  3.5230e-01 -4.9917e+01 -1.6442e-02  4.4659e+02  2.0532e+00 -4.4659e+02 -1.3169e+01
2.6350e+00     5.2048e+01  3.2902e-01 -5.2048e+01 -1.8114e-02  4.4888e+02  2.0685e+00 -4.4888e+02 -1.3169e+01
2.6800e+00     4.9254e+01  3.0301e-01 -4.9254e+01 -1.1616e-02  4.5116e+02  2.0827e+00 -4.5115e+02 -1.3170e+01
2.7250e+00     4.3758e+01  2.6291e-01 -4.3759e+01 -1.5385e-02  4.5325e+02  2.0954e+00 -4.5324e+02 -1.3171e+01
2.7700e+00     3.7916e+01  2.3037e-01 -3.7916e+01 -7.8745e-03  4.5508e+02  2.1065e+00 -4.5508e+02 -1.3171e+01
2.8150e+00     4.6631e+01  2.7912e-01 -4.6631e+01 -1.9621e-02  4.5698e+02  2.1179e+00 -4.5698e+02 -1.3172e+01
2.8600e+00     5.7957e+01  3.3365e-01 -5.7959e+01 -2.4874e-02  4.5933e+02  2.1317e+00 -4.5932e+02 -1.3173e+01
2.9050e+00     4.5070e+01  2.9029e-01 -4.5071e+01 -1.4629e-02  4.6164e+02  2.1457e+00 -4.6164e+02 -1.3174e+01
2.9500e+00     4.7342e+01  3.6315e-01 -4.7343e+01 -2.1213e-02  4.6372e+02  2.1604e+00 -4.6371e+02 -1.3175e+01
2.9950e+00     4.9803e+01  4.2198e-01 -4.9803e+01 -2.4015e-02  4.6590e+02  2.1780e+00 -4.6590e+02 -1.3176e+01
3.0400e+00     5.0231e+01  3.5824e-01 -5.0230e+01 -2.9004e-02  4.6815e+02  2.1955e+00 -4.6814e+02 -1.3177e+01
3.0850e+00     4.2975e+01  3.1917e-01 -4.2974e+01 -1.8557e-02  4.7024e+02  2.2107e+00 -4.7024e+02 -1.3178e+01
3.1300e+00     3.9167e+01  2.5944e-01 -3.9166e+01 -1.0549e-02  4.7209e+02  2.2237e+00 -4.7208e+02 -1.3178e+01
3.1750e+00     4.2444e+01  3.2630e-01 -4.2442e+01 -1.2315e-02  4.7392e+02  2.2369e+00 -4.7392e+02 -1.3179e+01
3.2200e+00     4.1498e+01  3.4856e-01 -4.1496e+01 -1.5868e-02  4.7581e+02  2.2520e+00 -4.7580e+02 -1.3180e+01
3.2650e+00     5.5532e+01  4.7687e-01 -5.5531e+01 -2.5692e-02  4.7799e+02  2.2706e+00 -4.7798e+02 -1.3181e+01
3.3100e+00     5.1959e+01  3.9808e-01 -5.1961e+01 -2.3815e-02  4.8040e+02  2.2902e+00 -4.8039e+02 -1.3182e+01
3.3550e+00     4.3869e+01  3.6157e-01 -4.3869e+01 -1.1767e-02  4.8255e+02  2.3073e+00 -4.8255e+02 -1.3182e+01
3.4000e+00     3.2799e+01  2.7382e-01 -3.2800e+01 -1.6127e-02  4.8427e+02  2.3216e+00 -4.8427e+02 -1.3183e+01
3.4450e+00     4.0313e+01  3.2539e-01 -4.0313e+01 -1.3240e-02  4.8592e+02  2.3350e+00 -4.8591e+02 -1.3184e+01
3.4900e+00     5.0964e+01  4.1553e-01 -5.0964e+01 -1.8679e-02  4.8797e+02  2.3517e+00 -4.8796e+02 -1.3184e+01
3.5350e+00     4.9527e+01  4.6298e-01 -4.9527e+01 -2.3087e-02  4.9022e+02  2.3714e+00 -4.9022e+02 -1.3185e+01
3.5800e+00     3.9019e+01  4.2559e-01 -3.9019e+01 -3.2604e-02  4.9221e+02  2.3914e+00 -4.9221e+02 -1.3187e+01
3.6250e+00     4.2794e+01  3.5723e-01 -4.2794e+01 -2.0118e-02  4.9405e+02  2.4090e+00 -4.9405e+02 -1.3188e+01
3.6700e+00     4.2182e+01  3.5291e-01 -4.2182e+01 -2.5270e-02  4.9596e+02  2.4249e+00 -4.9596e+02 -1.3189e+01
3.7150e+00     4.6753e+01  4.1493e-01 -4.6754e+01 -2.6710e-02  4.9796e+02  2.4422e+00 -4.9795e+02 -1.3190e+01
3.7600e+00     4.5551e+01  4.1242e-01 -4.5551e+01 -2.1921e-02  5.0003e+02  2.4607e+00 -5.0003e+02 -1.3191e+01
3.8050e+00     3.9359e+01  3.0148e-01 -3.9359e+01 -2.3022e-02  5.0194e+02  2.4768e+00 -5.0193e+02 -1.3192e+01
3.8500e+00     4.1498e+01  4.0753e-01 -4.1498e+01 -2.3691e-02  5.0375e+02  2.4927e+00 -5.0375e+02 -1.3193e+01
3.8950e+00     4.3893e+01  3.8587e-01 -4.3893e+01 -2.2691e-02  5.0567e+02  2.5105e+00 -5.0567e+02 -1.3194e+01
3.9400e+00     4.2728e+01  3.7993e-01 -4.2728e+01 -2.0766e-02  5.0762e+02  2.5277e+00 -5.0761e+02 -1.3195e+01
3.9850e+00     4.2035e+01  3.6600e-01 -4.2035e+01 -2.2226e-02  5.0952e+02  2.5445e+00 -5.0952e+02 -1.3196e+01
4.0300e+00     3.9065e+01  3.0139e-01 -3.9065e+01 -2.1863e-02  5.1134e+02  2.5595e+00 -5.1134e+02 -1.3197e+01
4.0750e+00     4.1036e+01  3.3599e-01 -4.1036e+01 -1.9975e-02  5.1314e+02  2.5738e+00 -5.1314e+02 -1.3198e+01
4.1200e+00     4.6959e+01  3.8697e-01 -4.6959e+01 -1.7072e-02  5.1512e+02  2.5900e+00 -5.1512e+02 -1.3199e+01
4.1650e+00     4.3049e+01  3.3051e-01 -4.3049e+01 -1.9868e-02  5.1714e+02  2.6061e+00 -5.1714e+02 -1.3200e+01
4.2100e+00     4.3599e+01  3.5292e-01 -4.3599e+01 -2.0854e-02  5.1909e+02  2.6215e+00 -5.1908e+02 -1.3201e+01
4.2550e+00     3.9592e+01  3.5203e-01 -3.9592e+01 -2.4928e-02  5.2096e+02  2.6373e+00 -5.2095e+02 -1.3202e+01
4.3000e+00     3.7858e+01  3.7565e-01 -3.7858e+01 -2.6989e-02  5.2270e+02  2.6537e+00 -5.2269e+02 -1.3203e+01
4.3450e+00     4.1078e+01  4.3818e-01 -4.1077e+01 -2.6250e-02  5.2447e+02  2.6720e+00 -5.2446e+02 -1.3204e+01
4.3900e+00     3.9804e+01  3.9090e-01 -3.9804e+01 -1.9351e-02  5.2629e+02  2.6906e+00 -5.2628e+02 -1.3205e+01
4.4350e+00     3.8457e+01  3.4528e-01 -3.8457e+01 -2.7171e-02  5.2804e+02  2.7071e+00 -5.2804e+02 -1.3206e+01
4.4800e+00     3.6283e+01  3.4702e-01 -3.6283e+01 -2.0484e-02  5.2972e+02  2.7227e+00 -5.2972e+02 -1.3207e+01
4.5250e+00     3.6152e+01  3.5655e-01 -3.6152e+01 -1.7579e-02  5.3135e+02  2.7385e+00 -5.3135e+02 -1.3208e+01
4.5700e+00     3.7581e+01  3.3585e-01 -3.7581e+01 -1.7309e-02  5.3301e+02  2.7540e+00 -5.3300e+02 -1.3209e+01
4.6150e+00     3.4027e+01  3.3126e-01 -3.4027e+01 -1.6126e-02  5.3462e+02  2.7690e+00 -5.3461e+02 -1.3210e+01
4.6600e+00     3.8416e+01  4.2473e-01 -3.8416e+01 -2.3309e-02  5.3624e+02  2.7860e+00 -5.3624e+02 -1.3210e+01
4.7050e+00     3.7773e+01  4.5380e-01 -3.7773e+01 -1.6604e-02  5.3795e+02  2.8057e+00 -5.3795e+02 -1.3211e+01
4.7500e+00     3.4082e+01  4.1356e-01 -3.4082e+01 -2.6620e-02  5.3957e+02  2.8252e+00 -5.3956e+02 -1.3212e+01
4.7950e+00     3.5191e+01  4.2174e-01 -3.5191e+01 -2.3244e-02  5.4112e+02  2.8440e+00 -5.4112e+02 -1.3213e+01
4.8400e+00     3.6043e+01  4.0090e-01 -3.6042e+01 -2.0348e-02  5.4272e+02  2.8625e+00 -5.4272e+02 -1.3214e+01
4.8850e+00     3.7098e+01  3.8590e-01 -3.7098e+01 -1.6564e-02  5.4437e+02  2.8801e+00 -5.4436e+02 -1.3215e+01
4.9300e+00     3.3141e+01  4.1849e-01 -3.3142e+01 -1.1982e-02  5.4594e+02  2.8982e+00 -5.4594e+02 -1.3216e+01
4.9750e+00     3.7182e+01  4.1748e-01 -3.7182e+01 -1.8199e-02  5.4752e+02  2.9170e+00 -5.4752e+02 -1.3217e+01
5.0200e+00     3.4410e+01  3.9087e-01 -3.4410e+01 -2.3309e-02  5.4913e+02  2.9351e+00 -5.4913e+02 -1.3217e+01
5.0650e+00     3.4766e+01  4.0721e-01 -3.4765e+01 -2.9680e-02  5.5069e+02  2.9531e+00 -5.5068e+02 -1.3219e+01
5.1100e+00     3.6796e+01  4.7844e-01 -3.6796e+01 -5.9379e-02  5.5229e+02  2.9730e+00 -5.5229e+02 -1.3221e+01
5.1550e+00     3.8069e+01  4.5843e-01 -3.8068e+01 -1.1067e-01  5.5398e+02  2.9940e+00 -5.5397e+02 -1.3225e+01
5.2000e+00     3.6666e+01  4.2145e-01 -3.6667e+01 -3.0316e-01  5.5565e+02  3.0138e+00 -5.5565e+02 -1.3234e+01
5.2450e+00     3.1597e+01  3.7330e-01 -3.1597e+01 -7.9248e-02  5.5719e+02  3.0316e+00 -5.5718e+02 -1.3242e+01
5.2900e+00     3.5963e+01  4.1068e-01 -3.5962e+01 -1.0339e-01  5.5871e+02  3.0492e+00 -5.5870e+02 -1.3246e+01
5.3350e+00     3.7063e+01  4.8493e-01 -3.7062e+01 -6.5980e-02  5.6035e+02  3.0693e+00 -5.6034e+02 -1.3250e+01
5.3800e+00     3.3148e+01  4.4813e-01 -3.3148e+01 -3.0852e-01  5.6192e+02  3.0903e+00 -5.6192e+02 -1.3259e+01
5.4250e+00     4.2269e+01  6.1180e-01 -4.2269e+01 -1.4591e-01  5.6362e+02  3.1141e+00 -5.6361e+02 -1.3269e+01
5.4700e+00     4.0543e+01  5.2860e-01 -4.0543e+01 -7.6772e-02  5.6548e+02  3.1397e+00 -5.6547e+02 -1.3274e+01
5.5150e+00     3.2409e+01  3.9120e-01 -3.2409e+01 -2.9267e-02  5.6712e+02  3.1604e+00 -5.6711e+02 -1.3276e+01
5.5600e+00     3.4082e+01  3.7383e-01 -3.4083e+01 -2.6170e-02  5.6861e+02  3.1776e+00 -5.6860e+02 -1.3278e+01
5.6050e+00     3.8887e+01  4.4897e-01 -3.8882e+01 -2.3790e-02  5.7025e+02  3.1961e+00 -5.7024e+02 -1.3279e+01
5.6500e+00     3.5094e+01  4.3060e-01 -3.5094e+01 -2.4789e-01  5.7191e+02  3.2158e+00 -5.7190e+02 -1.3285e+01
5.6950e+00     3.3775e+01  4.0000e-01 -3.3775e+01 -6.0454e-02  5.7346e+02  3.2345e+00 -5.7345e+02 -1.3292e+01
5.7400e+00     2.8751e+01  3.8893e-01 -2.8751e+01 -2.6760e-02  5.7486e+02  3.2522e+00 -5.7486e+02 -1.3294e+01
5.7850e+00     3.2877e+01  4.8828e-01 -3.2877e+01 -7.8200e-02  5.7625e+02  3.2719e+00 -5.7624e+02 -1.3296e+01
5.8300e+00     3.1453e+01  4.9197e-01 -3.1453e+01 -5.3599e-02  5.7769e+02  3.2939e+00 -5.7769e+02 -1.3299e+01
5.8750e+00     2.2110e+01  3.1200e-01 -2.2110e+01 -2.2201e-02  5.7889e+02  3.3120e+00 -5.7889e+02 -1.3301e+01
5.9200e+00     4.1739e+01  5.7868e-01 -4.1740e+01 -4.3130e-02  5.8033e+02  3.3320e+00 -5.8032e+02 -1.3302e+01
5.9650e+00     2.4449e+01  3.4378e-01 -2.4449e+01 -1.7784e-02  5.8181e+02  3.3527e+00 -5.8181e+02 -1.3304e+01
6.0100e+00     3.1520e+01  4.3426e-01 -3.1519e+01 -5.2586e-01  5.8307e+02  3.3702e+00 -5.8307e+02 -1.3316e+01
6.0550e+00     3.3893e+01  5.4871e-01 -3.3894e+01 -4.3836e+00  5.8454e+02  3.3923e+00 -5.8454e+02 -1.3426e+01
6.1000e+00     3.6368e+01  4.9068e-01 -3.6367e+01 -2.3065e+01  5.8612e+02  3.4156e+00 -5.8611e+02 -1.4043e+01
6.1450e+00     3.1077e+01  3.6258e-01 -3.1076e+01 -3.0455e+00  5.8763e+02  3.4348e+00 -5.8763e+02 -1.4629e+01
6.1900e+00     3.2208e+01  4.0147e-01 -3.2208e+01 -2.6316e+01  5.8906e+02  3.4519e+00 -5.8905e+02 -1.5289e+01
6.2350e+00     2.8550e+01  3.9233e-01 -2.8550e+01 -1.0505e+01  5.9042e+02  3.4698e+00 -5.9042e+02 -1.6116e+01
6.2800e+00     2.6807e+01  3.3713e-01 -2.6807e+01 -1.6746e-02  5.9166e+02  3.4861e+00 -5.9166e+02 -1.6352e+01
6.3250e+00     3.9325e+01  4.6451e-01 -3.9325e+01 -5.0039e-02  5.9315e+02  3.5042e+00 -5.9314e+02 -1.6354e+01
6.3700e+00     2.7333e+01  2.8331e-01 -2.7333e+01 -2.3565e-02  5.9465e+02  3.5210e+00 -5.9464e+02 -1.6355e+01
6.4150e+00     3.6596e+01  4.5554e-01 -3.6595e+01 -1.5881e-02  5.9608e+02  3.5376e+00 -5.9608e+02 -1.6356e+01
6.4600e+00     2.5815e+01  3.2998e-01 -2.5815e+01 -2.3390e-02  5.9749e+02  3.5552e+00 -5.9748e+02 -1.6357e+01
6.5050e+00     2.8470e+01  3.2287e-01 -2.8470e+01 -1.9343e-02  5.9870e+02  3.5699e+00 -5.9870e+02 -1.6358e+01
6.5500e+00     2.8736e+01  3.9349e-01 -2.8736e+01 -2.6309e-02  5.9999e+02  3.5860e+00 -5.9998e+02 -1.6359e+01
6.5950e+00     3.3875e+01  4.5150e-01 -3.3874e+01 -2.8428e-02  6.0140e+02  3.6049e+00 -6.0139e+02 -1.6360e+01
6.6400e+00     3.2260e+01  3.9323e-01 -3.2260e+01 -1.8600e-02  6.0288e+02  3.6239e+00 -6.0288e+02 -1.6361e+01
6.6850e+00     3.5229e+01  5.0653e-01 -3.5229e+01 -1.8168e-02  6.0440e+02  3.6441e+00 -6.0439e+02 -1.6362e+01
6.7300e+00     3.1634e+01  4.0160e-01 -3.1634e+01 -1.7108e-02  6.0590e+02  3.6645e+00 -6.0589e+02 -1.6363e+01
6.7750e+00     3.2579e+01  4.3139e-01 -3.2579e+01 -1.5188e-02  6.0734e+02  3.6832e+00 -6.0734e+02 -1.6364e+01
6.8200e+00     2.6518e+01  3.2260e-01 -2.6518e+01 -1.4687e-02  6.0867e+02  3.7002e+00 -6.0866e+02 -1.6364e+01
6.8650e+00     3.3010e+01  3.4093e-01 -3.3010e+01 -2.8107e-02  6.1001e+02  3.7151e+00 -6.1000e+02 -1.6365e+01
6.9100e+00     2.8780e+01  2.9607e-01 -2.8780e+01 -3.7676e-02  6.1139e+02  3.7294e+00 -6.1139e+02 -1.6367e+01
6.9550e+00     2.6724e+01  3.1413e-01 -2.6724e+01 -4.5998e-02  6.1264e+02  3.7431e+00 -6.1264e+02 -1.6369e+01
