-1.7000e+01     0.0000e+00  0.0000e+00 -0.0000e+00 -0.0000e+00  0.0000e+00  0.0000e+00 -0.0000e+00 -0.0000e+00
-1.6962e+01     0.0000e+00  0.0000e+00 -0.0000e+00 -0.0000e+00  0.0000e+00  0.0000e+00 -0.0000e+00 -0.0000e+00
-1.6923e+01     0.0000e+00  0.0000e+00 -0.0000e+00 -0.0000e+00  0.0000e+00  0.0000e+00 -0.0000e+00 -0.0000e+00
-1.6885e+01     0.0000e+00  0.0000e+00 -0.0000e+00 -0.0000e+00  0.0000e+00  0.0000e+00 -0.0000e+00 -0.0000e+00
-1.6847e+01     0.0000e+00  0.0000e+00 -0.0000e+00 -0.0000e+00  0.0000e+00  0.0000e+00 -0.0000e+00 -0.0000e+00
-1.6808e+01     0.0000e+00  0.0000e+00 -0.0000e+00 -0.0000e+00  0.0000e+00  0.0000e+00 -0.0000e+00 -0.0000e+00
-1.6770e+01     0.0000e+00  0.0000e+00 -0.0000e+00 -0.0000e+00  0.0000e+00  0.0000e+00 -0.0000e+00 -0.0000e+00
-1.6732e+01     0.0000e+00  0.0000e+00 -0.0000e+00 -0.0000e+00  0.0000e+00  0.0000e+00 -0.0000e+00 -0.0000e+00
-1.6693e+01     0.0000e+00  0.0000e+00 -0.0000e+00 -0.0000e+00  0.0000e+00  0.0000e+00 -0.0000e+00 -0.0000e+00
-1.6655e+01     0.0000e+00  0.0000e+00 -0.0000e+00 -0.0000e+00  0.0000e+00  0.0000e+00 -0.0000e+00 -0.0000e+00
-1.6617e+01     0.0000e+00  0.0000e+00 -0.0000e+00 -0.0000e+00  0.0000e+00  0.0000e+00 -0.0000e+00 -0.0000e+00
-1.6578e+01     0.0000e+00  0.0000e+00 -0.0000e+00 -0.0000e+00  0.0000e+00  0.0000e+00 -0.0000e+00 -0.0000e+00
-1.6540e+01     0.0000e+00  0.0000e+00 -0.0000e+00 -0.0000e+00  0.0000e+00  0.0000e+00 -0.0000e+00 -0.0000e+00
-1.6502e+01     0.0000e+00  0.0000e+00 -0.0000e+00 -0.0000e+00  0.0000e+00  0.0000e+00 -0.0000e+00 -0.0000e+00
-1.6463e+01     0.0000e+00  0.0000e+00 -0.0000e+00 -0.0000e+00  0.0000e+00  0.0000e+00 -0.0000e+00 -0.0000e+00
-1.6425e+01     0.0000e+00  0.0000e+00 -0.0000e+00 -0.0000e+00  0.0000e+00  0.0000e+00 -0.0000e+00 -0.0000e+00
-1.6387e+01     0.0000e+00  0.0000e+00 -0.0000e+00 -0.0000e+00  0.0000e+00  0.0000e+00 -0.0000e+00 -0.0000e+00
-1.6348e+01     0.0000e+00  0.0000e+00 -0.0000e+00 -0.0000e+00  0.0000e+00  0.0000e+00 -0.0000e+00 -0.0000e+00
-1.6310e+01     0.0000e+00  0.0000e+00 -0.0000e+00 -0.0000e+00  0.0000e+00  0.0000e+00 -0.0000e+00 -0.0000e+00
-1.6272e+01     0.0000e+00  0.0000e+00 -0.0000e+00 -0.0000e+00  0.0000e+00  0.0000e+00 -0.0000e+00 -0.0000e+00
-1.6233e+01     0.0000e+00  0.0000e+00 -0.0000e+00 -0.0000e+00  0.0000e+00  0.0000e+00 -0.0000e+00 -0.0000e+00
-1.6195e+01     0.0000e+00  0.0000e+00 -0.0000e+00 -0.0000e+00  0.0000e+00  0.0000e+00 -0.0000e+00 -0.0000e+00
-1.6157e+01     0.0000e+00  0.0000e+00 -0.0000e+00 -0.0000e+00  0.0000e+00  0.0000e+00 -0.0000e+00 -0.0000e+00
-1.6118e+01     0.0000e+00  0.0000e+00 -0.0000e+00 -0.0000e+00  0.0000e+00  0.0000e+00 -0.0000e+00 -0.0000e+00
-1.6080e+01     0.0000e+00  0.0000e+00 -0.0000e+00 -0.0000e+00  0.0000e+00  0.0000e+00 -0.0000e+00 -0.0000e+00
-1.6042e+01     0.0000e+00  0.0000e+00 -0.0000e+00 -0.0000e+00  0.0000e+00  0.0000e+00 -0.0000e+00 -0.0000e+00
-1.6003e+01     0.0000e+00  0.0000e+00 -0.0000e+00 -0.0000e+00  0.0000e+00  0.0000e+00 -0.0000e+00 -0.0000e+00
-1.5965e+01     0.0000e+00  0.0000e+00 -0.0000e+00 -0.0000e+00  0.0000e+00  0.0000e+00 -0.0000e+00 -0.0000e+00
-1.5927e+01     0.0000e+00  0.0000e+00 -0.0000e+00 -0.0000e+00  0.0000e+00  0.0000e+00 -0.0000e+00 -0.0000e+00
-1.5888e+01     0.0000e+00  0.0000e+00 -0.0000e+00 -0.0000e+00  0.0000e+00  0.0000e+00 -0.0000e+00 -0.0000e+00
-1.5850e+01     0.0000e+00  0.0000e+00 -0.0000e+00 -0.0000e+00  0.0000e+00  0.0000e+00 -0.0000e+00 -0.0000e+00
-1.5812e+01     0.0000e+00  0.0000e+00 -0.0000e+00 -0.0000e+00  0.0000e+00  0.0000e+00 -0.0000e+00 -0.0000e+00
-1.5773e+01     0.0000e+00  0.0000e+00 -0.0000e+00 -0.0000e+00  0.0000e+00  0.0000e+00 -0.0000e+00 -0.0000e+00
-1.5735e+01     0.0000e+00  0.0000e+00 -0.0000e+00 -0.0000e+00  0.0000e+00  0.0000e+00 -0.0000e+00 -0.0000e+00
-1.5697e+01     0.0000e+00  0.0000e+00 -0.0000e+00 -0.0000e+00  0.0000e+00  0.0000e+00 -0.0000e+00 -0.0000e+00
-1.5658e+01     0.0000e+00  0.0000e+00 -0.0000e+00 -0.0000e+00  0.0000e+00  0.0000e+00 -0.0000e+00 -0.0000e+00
-1.5620e+01     0.0000e+00  0.0000e+00 -0.0000e+00 -0.0000e+00  0.0000e+00  0.0000e+00 -0.0000e+00 -0.0000e+00
-1.5582e+01     0.0000e+00  0.0000e+00 -0.0000e+00 -0.0000e+00  0.0000e+00  0.0000e+00 -0.0000e+00 -0.0000e+00
-1.5543e+01     1.3994e+00  5.6307e-04 -1.3989e+00 -4.8002e-04  2.6777e-02  1.0774e-05 -2.6769e-02 -9.1852e-06
-1.5505e+01     2.7263e+00  1.0879e-03 -2.7265e+00 -7.7104e-04  1.0572e-01  4.2365e-05 -1.0571e-01 -3.3124e-05
-1.5467e+01     3.1194e+00  1.2297e-03 -3.1194e+00 -7.3986e-04  2.1758e-01  8.6712e-05 -2.1757e-01 -6.2035e-05
-1.5428e+01     3.2688e+00  1.2645e-03 -3.2689e+00 -7.2419e-04  3.3982e-01  1.3444e-04 -3.3980e-01 -9.0049e-05
-1.5390e+01     3.6369e+00  1.3710e-03 -3.6368e+00 -7.6537e-04  4.7195e-01  1.8487e-04 -4.7194e-01 -1.1855e-04
-1.5352e+01     3.8252e+00  1.4114e-03 -3.8252e+00 -8.2960e-04  6.1474e-01  2.3811e-04 -6.1473e-01 -1.4907e-04
-1.5313e+01     3.1986e+00  1.2045e-03 -3.1986e+00 -8.0093e-04  7.4914e-01  2.8816e-04 -7.4912e-01 -1.8027e-04
-1.5275e+01     2.0638e+00  7.0407e-04 -2.0638e+00 -4.4755e-04  8.4983e-01  3.2468e-04 -8.4982e-01 -2.0416e-04
-1.5237e+01     1.9109e+00  5.3237e-04 -1.9108e+00 -3.7770e-04  9.2588e-01  3.4834e-04 -9.2587e-01 -2.1995e-04
-1.5198e+01     2.4859e+00  8.1607e-04 -2.4859e+00 -4.6403e-04  1.0100e+00  3.7414e-04 -1.0100e+00 -2.3606e-04
-1.5160e+01     2.5426e+00  9.1488e-04 -2.5426e+00 -4.4578e-04  1.1062e+00  4.0727e-04 -1.1062e+00 -2.5347e-04
-1.5122e+01     3.9617e+00  1.3405e-03 -3.9615e+00 -6.4794e-04  1.2307e+00  4.5042e-04 -1.2307e+00 -2.7439e-04
-1.5083e+01     5.2132e+00  1.5043e-03 -5.2132e+00 -7.6494e-04  1.4062e+00  5.0486e-04 -1.4062e+00 -3.0143e-04
-1.5045e+01     2.6408e+00  5.6914e-04 -2.6409e+00 -3.4106e-04  1.5565e+00  5.4453e-04 -1.5565e+00 -3.2259e-04
-1.5007e+01     2.6793e+00  6.7915e-04 -2.6794e+00 -3.6267e-04  1.6583e+00  5.6842e-04 -1.6583e+00 -3.3606e-04
-1.4968e+01     2.4425e+00  7.8458e-04 -2.4423e+00 -1.1197e-03  1.7563e+00  5.9643e-04 -1.7563e+00 -3.6442e-04
-1.4930e+01     3.6662e+00  1.7045e-03 -3.6663e+00 -2.3008e-03  1.8732e+00  6.4405e-04 -1.8732e+00 -4.2987e-04
-1.4892e+01     3.7378e+00  1.8636e-03 -3.7377e+00 -1.3064e-03  2.0149e+00  7.1233e-04 -2.0149e+00 -4.9890e-04
-1.4853e+01     5.0212e+00  2.4832e-03 -5.0213e+00 -1.7767e-03  2.1825e+00  7.9550e-04 -2.1825e+00 -5.5789e-04
-1.4815e+01     4.1629e+00  3.0154e-03 -4.1628e+00 -2.0645e-03  2.3582e+00  9.0072e-04 -2.3582e+00 -6.3140e-04
-1.4777e+01     9.3110e+00  8.7064e-03 -9.3099e+00 -5.2037e-03  2.6161e+00  1.1250e-03 -2.6160e+00 -7.7047e-04
-1.4738e+01     1.1183e+01  1.3450e-02 -1.1183e+01 -9.7772e-03  3.0082e+00  1.5490e-03 -3.0081e+00 -1.0571e-03
-1.4700e+01     7.6233e+00  5.1403e-03 -7.6228e+00 -2.7184e-03  3.3681e+00  1.9047e-03 -3.3680e+00 -1.2962e-03
-1.4662e+01     9.8002e+00  9.7736e-03 -9.8008e+00 -7.0771e-03  3.7015e+00  2.1901e-03 -3.7014e+00 -1.4837e-03
-1.4623e+01     1.0423e+01  1.4797e-02 -1.0422e+01 -9.0471e-03  4.0884e+00  2.6602e-03 -4.0883e+00 -1.7922e-03
-1.4585e+01     1.9833e+01  3.3818e-02 -1.9850e+01 -2.0224e-02  4.6674e+00  3.5905e-03 -4.6676e+00 -2.3523e-03
-1.4547e+01     4.9891e+00  8.2479e-04 -4.9876e+00 -7.7639e-04  5.1423e+00  4.2533e-03 -5.1429e+00 -2.7541e-03
-1.4508e+01     4.6558e+00  3.7271e-03 -4.6557e+00 -2.3615e-03  5.3269e+00  4.3404e-03 -5.3274e+00 -2.8142e-03
-1.4470e+01     4.7671e+00  4.4279e-03 -4.7668e+00 -2.3752e-03  5.5072e+00  4.4965e-03 -5.5077e+00 -2.9048e-03
-1.4432e+01     1.0126e+01  1.2273e-02 -1.0126e+01 -8.2276e-03  5.7922e+00  4.8160e-03 -5.7927e+00 -3.1077e-03
-1.4393e+01     5.3894e+00  8.8706e-03 -5.3901e+00 -5.2911e-03  6.0890e+00  5.2206e-03 -6.0895e+00 -3.3664e-03
-1.4355e+01     5.4948e+00  1.0261e-02 -5.4948e+00 -7.1693e-03  6.2973e+00  5.5867e-03 -6.2978e+00 -3.6048e-03
-1.4317e+01     1.0971e+01  1.7432e-02 -1.0972e+01 -1.3150e-02  6.6124e+00  6.1166e-03 -6.6129e+00 -3.9936e-03
-1.4278e+01     1.0123e+01  3.2932e-02 -1.0123e+01 -1.7700e-02  7.0160e+00  7.0803e-03 -7.0166e+00 -4.5839e-03
-1.4240e+01     5.5448e+00  2.2680e-02 -5.5451e+00 -1.1817e-02  7.3158e+00  8.1444e-03 -7.3164e+00 -5.1487e-03
-1.4202e+01     5.6496e+00  2.0333e-02 -5.6493e+00 -1.2254e-02  7.5300e+00  8.9674e-03 -7.5306e+00 -5.6093e-03
-1.4163e+01     1.2952e+01  2.9064e-02 -1.2953e+01 -2.1594e-02  7.8860e+00  9.9126e-03 -7.8865e+00 -6.2569e-03
-1.4125e+01     4.5992e+00  1.0288e-02 -4.5986e+00 -5.6102e-03  8.2218e+00  1.0666e-02 -8.2224e+00 -6.7775e-03
-1.4087e+01     1.2533e+01  1.5789e-02 -1.2531e+01 -9.5323e-03  8.5496e+00  1.1165e-02 -8.5501e+00 -7.0672e-03
-1.4048e+01     7.1182e+00  1.5382e-02 -7.1170e+00 -7.3119e-03  8.9257e+00  1.1761e-02 -8.9261e+00 -7.3895e-03
-1.4010e+01     8.2967e+00  2.3870e-02 -8.2965e+00 -1.1091e-02  9.2206e+00  1.2512e-02 -9.2210e+00 -7.7417e-03
-1.3972e+01     1.3996e+01  3.2543e-02 -1.3993e+01 -1.7887e-02  9.6472e+00  1.3592e-02 -9.6476e+00 -8.2962e-03
-1.3933e+01     1.2790e+01  3.8407e-02 -1.2791e+01 -2.4661e-02  1.0160e+01  1.4949e-02 -1.0160e+01 -9.1103e-03
-1.3895e+01     1.6424e+01  4.4504e-02 -1.6427e+01 -3.2562e-02  1.0719e+01  1.6536e-02 -1.0719e+01 -1.0205e-02
-1.3857e+01     7.8785e+00  1.2006e-02 -7.8782e+00 -9.5135e-03  1.1184e+01  1.7617e-02 -1.1184e+01 -1.1010e-02
-1.3818e+01     9.3689e+00  1.9617e-02 -9.3643e+00 -1.6122e-02  1.1514e+01  1.8222e-02 -1.1514e+01 -1.1501e-02
-1.3780e+01     7.7266e+00  4.0600e-02 -7.7263e+00 -3.2269e-02  1.1841e+01  1.9374e-02 -1.1841e+01 -1.2427e-02
-1.3742e+01     7.2681e+00  2.8965e-02 -7.2701e+00 -2.2745e-02  1.2128e+01  2.0705e-02 -1.2128e+01 -1.3480e-02
-1.3703e+01     2.8062e+00  8.9762e-03 -2.8064e+00 -6.7842e-03  1.2321e+01  2.1431e-02 -1.2321e+01 -1.4045e-02
-1.3665e+01     1.1753e+01  4.7963e-02 -1.1748e+01 -3.9141e-02  1.2599e+01  2.2521e-02 -1.2599e+01 -1.4923e-02
-1.3627e+01     8.0405e+00  3.4351e-02 -8.0406e+00 -2.6068e-02  1.2978e+01  2.4096e-02 -1.2978e+01 -1.6171e-02
-1.3588e+01     1.4791e+01  5.1013e-02 -1.4792e+01 -4.2463e-02  1.3415e+01  2.5729e-02 -1.3415e+01 -1.7482e-02
-1.3550e+01     8.8756e+00  2.5580e-02 -8.8763e+00 -2.0688e-02  1.3868e+01  2.7195e-02 -1.3868e+01 -1.8691e-02
-1.3512e+01     1.2602e+01  3.4206e-02 -1.2602e+01 -3.1919e-02  1.4279e+01  2.8339e-02 -1.4279e+01 -1.9697e-02
-1.3473e+01     8.3882e+00  2.4461e-02 -8.3908e+00 -2.0990e-02  1.4680e+01  2.9462e-02 -1.4681e+01 -2.0710e-02
-1.3435e+01     1.1777e+01  4.4557e-02 -1.1775e+01 -3.6126e-02  1.5066e+01  3.0782e-02 -1.5066e+01 -2.1803e-02
-1.3397e+01     1.0706e+01  4.1462e-02 -1.0707e+01 -3.2106e-02  1.5496e+01  3.2428e-02 -1.5497e+01 -2.3108e-02
-1.3358e+01     9.0191e+00  4.6524e-02 -9.0192e+00 -3.4023e-02  1.5874e+01  3.4112e-02 -1.5874e+01 -2.4374e-02
-1.3320e+01     1.4135e+01  8.9972e-02 -1.4133e+01 -7.7213e-02  1.6317e+01  3.6724e-02 -1.6317e+01 -2.6502e-02
-1.3282e+01     1.7006e+01  1.4382e-01 -1.7005e+01 -1.1702e-01  1.6913e+01  4.1197e-02 -1.6913e+01 -3.0219e-02
-1.3243e+01     1.1906e+01  1.3136e-01 -1.1906e+01 -9.6977e-02  1.7466e+01  4.6463e-02 -1.7466e+01 -3.4314e-02
-1.3205e+01     1.0756e+01  9.7805e-02 -1.0756e+01 -7.5759e-02  1.7900e+01  5.0848e-02 -1.7900e+01 -3.7619e-02
-1.3167e+01     9.8073e+00  8.7807e-02 -9.8086e+00 -6.4981e-02  1.8293e+01  5.4399e-02 -1.8293e+01 -4.0312e-02
-1.3128e+01     1.1414e+01  9.2871e-02 -1.1414e+01 -6.6297e-02  1.8699e+01  5.7857e-02 -1.8699e+01 -4.2824e-02
-1.3090e+01     1.1026e+01  7.7198e-02 -1.1027e+01 -5.6638e-02  1.9128e+01  6.1111e-02 -1.9129e+01 -4.5176e-02
-1.3052e+01     1.0742e+01  6.2439e-02 -1.0741e+01 -4.4005e-02  1.9545e+01  6.3783e-02 -1.9545e+01 -4.7102e-02
-1.3013e+01     1.2007e+01  7.0970e-02 -1.2009e+01 -5.2931e-02  1.9980e+01  6.6335e-02 -1.9981e+01 -4.8957e-02
-1.2975e+01     1.0593e+01  7.3619e-02 -1.0593e+01 -4.8007e-02  2.0413e+01  6.9102e-02 -2.0413e+01 -5.0888e-02
-1.2937e+01     1.2446e+01  9.1744e-02 -1.2446e+01 -6.0983e-02  2.0854e+01  7.2266e-02 -2.0854e+01 -5.2974e-02
-1.2898e+01     1.3209e+01  1.0286e-01 -1.3209e+01 -7.3688e-02  2.1344e+01  7.5990e-02 -2.1345e+01 -5.5551e-02
-1.2860e+01     1.5410e+01  2.7872e-01 -1.5420e+01 -2.0849e-01  2.1892e+01  8.3291e-02 -2.1893e+01 -6.0950e-02
-1.2822e+01     1.6188e+01  4.0362e-01 -1.6184e+01 -3.2276e-01  2.2497e+01  9.6348e-02 -2.2497e+01 -7.1115e-02
-1.2783e+01     0.0000e+00  0.0000e+00 -0.0000e+00 -0.0000e+00  2.2806e+01  1.0407e-01 -2.2807e+01 -7.7291e-02
-1.2745e+01     4.4320e+00  5.7502e-02 -4.4263e+00 -5.2027e-02  2.2891e+01  1.0517e-01 -2.2892e+01 -7.8287e-02
-1.2707e+01     1.3380e+01  1.9502e-01 -1.3380e+01 -1.6909e-01  2.3232e+01  1.1000e-01 -2.3232e+01 -8.2518e-02
-1.2668e+01     1.0481e+01  2.4908e-01 -1.0478e+01 -1.9584e-01  2.3689e+01  1.1850e-01 -2.3689e+01 -8.9501e-02
-1.2630e+01     6.2145e+00  1.1980e-01 -6.2148e+00 -9.9298e-02  2.4008e+01  1.2556e-01 -2.4008e+01 -9.5148e-02
-1.2592e+01     1.4307e+01  3.2339e-01 -1.4312e+01 -2.6744e-01  2.4401e+01  1.3404e-01 -2.4401e+01 -1.0217e-01
-1.2553e+01     8.9824e+00  1.1633e-01 -8.9915e+00 -1.2940e-01  2.4846e+01  1.4245e-01 -2.4847e+01 -1.0976e-01
-1.2515e+01     5.5160e+00  4.2466e-02 -5.5158e+00 -5.8014e-02  2.5124e+01  1.4549e-01 -2.5125e+01 -1.1334e-01
-1.2477e+01     6.3147e+00  4.9177e-02 -6.3137e+00 -5.8775e-02  2.5350e+01  1.4725e-01 -2.5351e+01 -1.1558e-01
-1.2438e+01     6.8273e+00  5.8262e-02 -6.8262e+00 -6.2248e-02  2.5602e+01  1.4930e-01 -2.5602e+01 -1.1790e-01
-1.2400e+01     1.3372e+01  1.6605e-01 -1.3361e+01 -1.7052e-01  2.5988e+01  1.5359e-01 -2.5989e+01 -1.2235e-01
-1.2362e+01     8.4304e+00  1.8187e-01 -8.4282e+00 -1.5486e-01  2.6405e+01  1.6025e-01 -2.6406e+01 -1.2858e-01
-1.2323e+01     5.2517e+00  1.2766e-01 -5.2512e+00 -9.4655e-02  2.6667e+01  1.6617e-01 -2.6667e+01 -1.3335e-01
-1.2285e+01     6.1235e+00  1.5410e-01 -6.1225e+00 -1.1475e-01  2.6885e+01  1.7156e-01 -2.6885e+01 -1.3736e-01
-1.2247e+01     8.1924e+00  1.8781e-01 -8.1904e+00 -1.4497e-01  2.7159e+01  1.7811e-01 -2.7159e+01 -1.4233e-01
-1.2208e+01     1.8752e+01  5.2872e-01 -1.8775e+01 -4.4645e-01  2.7674e+01  1.9182e-01 -2.7675e+01 -1.5364e-01
-1.2170e+01     7.3806e+00  1.0297e-01 -7.3796e+00 -9.3117e-02  2.8174e+01  2.0391e-01 -2.8175e+01 -1.6397e-01
-1.2132e+01     1.2299e+01  1.0682e-01 -1.2301e+01 -1.1813e-01  2.8551e+01  2.0792e-01 -2.8552e+01 -1.6801e-01
-1.2093e+01     1.1665e+01  8.4179e-02 -1.1665e+01 -9.6241e-02  2.9010e+01  2.1157e-01 -2.9010e+01 -1.7211e-01
-1.2055e+01     8.0236e+00  7.0091e-02 -8.0245e+00 -7.4620e-02  2.9386e+01  2.1453e-01 -2.9387e+01 -1.7538e-01
-1.2017e+01     6.9463e+00  7.0239e-02 -6.9464e+00 -7.1410e-02  2.9673e+01  2.1721e-01 -2.9674e+01 -1.7817e-01
-1.1978e+01     6.7985e+00  8.2438e-02 -6.7974e+00 -7.6447e-02  2.9936e+01  2.2013e-01 -2.9937e+01 -1.8100e-01
-1.1940e+01     1.1084e+01  1.6489e-01 -1.1084e+01 -1.3175e-01  3.0278e+01  2.2487e-01 -3.0279e+01 -1.8499e-01
-1.1902e+01     1.8661e+01  3.2930e-01 -1.8661e+01 -3.0753e-01  3.0847e+01  2.3432e-01 -3.0848e+01 -1.9339e-01
-1.1863e+01     7.4728e+00  1.3547e-01 -7.4734e+00 -1.2364e-01  3.1347e+01  2.4322e-01 -3.1348e+01 -2.0164e-01
-1.1825e+01     1.1825e+01  2.0125e-01 -1.1824e+01 -1.7624e-01  3.1716e+01  2.4966e-01 -3.1717e+01 -2.0738e-01
-1.1787e+01     1.2893e+01  1.6152e-01 -1.2892e+01 -1.5139e-01  3.2189e+01  2.5660e-01 -3.2190e+01 -2.1365e-01
-1.1748e+01     4.4728e+00  8.7758e-02 -4.4734e+00 -8.4375e-02  3.2522e+01  2.6137e-01 -3.2523e+01 -2.1816e-01
-1.1710e+01     1.7472e+01  2.3029e-01 -1.7477e+01 -1.9644e-01  3.2942e+01  2.6746e-01 -3.2943e+01 -2.2354e-01
-1.1672e+01     9.8505e+00  1.3530e-01 -9.8503e+00 -1.3071e-01  3.3464e+01  2.7445e-01 -3.3466e+01 -2.2980e-01
-1.1633e+01     2.3264e+01  4.7038e-01 -2.3262e+01 -3.3890e-01  3.4098e+01  2.8604e-01 -3.4099e+01 -2.3878e-01
-1.1595e+01     1.5560e+01  1.3399e-01 -1.5560e+01 -1.0146e-01  3.4841e+01  2.9761e-01 -3.4842e+01 -2.4721e-01
-1.1557e+01     2.0095e+01  1.0397e-01 -2.0094e+01 -7.7179e-02  3.5523e+01  3.0216e-01 -3.5524e+01 -2.5063e-01
-1.1518e+01     2.3860e+01  1.1836e-01 -2.3862e+01 -1.0224e-01  3.6364e+01  3.0641e-01 -3.6365e+01 -2.5406e-01
-1.1480e+01     1.5473e+01  8.7891e-02 -1.5473e+01 -7.8026e-02  3.7117e+01  3.1036e-01 -3.7118e+01 -2.5751e-01
-1.1442e+01     1.3731e+01  5.6566e-02 -1.3731e+01 -3.9535e-02  3.7676e+01  3.1312e-01 -3.7677e+01 -2.5976e-01
-1.1403e+01     1.7249e+01  1.1579e-01 -1.7245e+01 -1.6303e-01  3.8268e+01  3.1642e-01 -3.8269e+01 -2.6363e-01
-1.1365e+01     3.0175e+01  2.2924e-01 -3.0172e+01 -2.4861e-01  3.9176e+01  3.2302e-01 -3.9177e+01 -2.7151e-01
-1.1327e+01     2.2700e+01  1.2627e-01 -2.2701e+01 -1.5838e-01  4.0188e+01  3.2983e-01 -4.0188e+01 -2.7930e-01
-1.1288e+01     4.0845e+01  2.1817e-01 -4.0845e+01 -1.9402e-01  4.1403e+01  3.3642e-01 -4.1404e+01 -2.8604e-01
-1.1250e+01     4.0608e+01  1.8776e-01 -4.0594e+01 -1.6009e-01  4.2962e+01  3.4418e-01 -4.2963e+01 -2.9282e-01
-1.1212e+01     3.4027e+01  1.2126e-01 -3.4020e+01 -1.1460e-01  4.4390e+01  3.5010e-01 -4.4390e+01 -2.9807e-01
-1.1173e+01     2.1556e+01  5.7649e-02 -2.1554e+01 -6.6301e-02  4.5454e+01  3.5352e-01 -4.5454e+01 -3.0154e-01
-1.1135e+01     4.1963e+01  1.8979e-01 -4.1921e+01 -1.7113e-01  4.6669e+01  3.5826e-01 -4.6668e+01 -3.0608e-01
-1.1097e+01     4.0163e+01  2.0518e-01 -4.0160e+01 -1.7006e-01  4.8241e+01  3.6581e-01 -4.8239e+01 -3.1261e-01
-1.1058e+01     2.9668e+01  1.2862e-01 -2.9682e+01 -1.2669e-01  4.9577e+01  3.7220e-01 -4.9575e+01 -3.1828e-01
-1.1020e+01     1.2611e+01  4.5724e-02 -1.2608e+01 -3.0200e-02  5.0386e+01  3.7554e-01 -5.0385e+01 -3.2129e-01
-1.0982e+01     4.0269e+01  1.4582e-01 -4.0277e+01 -1.3612e-01  5.1398e+01  3.7920e-01 -5.1397e+01 -3.2447e-01
-1.0943e+01     5.3316e+01  1.6403e-01 -5.3315e+01 -1.8136e-01  5.3188e+01  3.8513e-01 -5.3187e+01 -3.3054e-01
-1.0905e+01     2.8808e+01  1.0199e-01 -2.8806e+01 -8.7794e-02  5.4760e+01  3.9022e-01 -5.4759e+01 -3.3569e-01
-1.0867e+01     2.7186e+01  7.5284e-02 -2.7186e+01 -8.2751e-02  5.5831e+01  3.9361e-01 -5.5830e+01 -3.3896e-01
-1.0828e+01     3.0719e+01  1.2082e-01 -3.0718e+01 -9.7153e-02  5.6939e+01  3.9737e-01 -5.6938e+01 -3.4240e-01
-1.0790e+01     3.6689e+01  1.8506e-01 -3.6695e+01 -1.9521e-01  5.8229e+01  4.0322e-01 -5.8228e+01 -3.4799e-01
-1.0752e+01     1.7954e+01  8.4052e-02 -1.7955e+01 -9.2840e-02  5.9275e+01  4.0837e-01 -5.9274e+01 -3.5351e-01
-1.0713e+01     1.6206e+01  6.2635e-02 -1.6204e+01 -6.5898e-02  5.9928e+01  4.1117e-01 -5.9927e+01 -3.5654e-01
-1.0675e+01     5.5641e+01  2.4751e-01 -5.5608e+01 -2.2962e-01  6.1303e+01  4.1711e-01 -6.1302e+01 -3.6220e-01
-1.0637e+01     4.3098e+01  1.2393e-01 -4.3101e+01 -1.8721e-01  6.3192e+01  4.2422e-01 -6.3190e+01 -3.7017e-01
-1.0598e+01     3.5400e+01  1.0137e-01 -3.5393e+01 -1.2086e-01  6.4694e+01  4.2853e-01 -6.4692e+01 -3.7607e-01
-1.0560e+01     4.0846e+01  1.0997e-01 -4.0846e+01 -1.0377e-01  6.6153e+01  4.3257e-01 -6.6151e+01 -3.8037e-01
-1.0522e+01     3.4338e+01  8.4693e-02 -3.4340e+01 -7.8395e-02  6.7592e+01  4.3630e-01 -6.7590e+01 -3.8385e-01
-1.0483e+01     3.8548e+01  1.0633e-01 -3.8556e+01 -9.5030e-02  6.8987e+01  4.3995e-01 -6.8985e+01 -3.8717e-01
-1.0445e+01     4.1920e+01  1.1113e-01 -4.1901e+01 -9.2018e-02  7.0526e+01  4.4411e-01 -7.0524e+01 -3.9075e-01
-1.0407e+01     3.2826e+01  9.5608e-02 -3.2824e+01 -9.4785e-02  7.1957e+01  4.4807e-01 -7.1954e+01 -3.9433e-01
-1.0368e+01     3.4170e+01  9.7487e-02 -3.4168e+01 -8.7194e-02  7.3239e+01  4.5176e-01 -7.3236e+01 -3.9781e-01
-1.0330e+01     4.6012e+01  1.1573e-01 -4.6011e+01 -1.1425e-01  7.4773e+01  4.5584e-01 -7.4770e+01 -4.0166e-01
-1.0292e+01     4.2357e+01  1.1277e-01 -4.2356e+01 -1.1909e-01  7.6464e+01  4.6022e-01 -7.6461e+01 -4.0613e-01
-1.0253e+01     4.4613e+01  1.1416e-01 -4.4607e+01 -1.0142e-01  7.8128e+01  4.6456e-01 -7.8125e+01 -4.1035e-01
-1.0215e+01     6.0494e+01  1.7664e-01 -6.0501e+01 -1.6957e-01  8.0139e+01  4.7012e-01 -8.0136e+01 -4.1553e-01
-1.0177e+01     4.6522e+01  1.6185e-01 -4.6535e+01 -1.5212e-01  8.2187e+01  4.7660e-01 -8.2184e+01 -4.2169e-01
-1.0138e+01     3.7303e+01  1.2949e-01 -3.7291e+01 -9.9395e-02  8.3791e+01  4.8217e-01 -8.3788e+01 -4.2650e-01
-1.0100e+01     3.7176e+01  1.3970e-01 -3.7177e+01 -1.2420e-01  8.5216e+01  4.8733e-01 -8.5213e+01 -4.3078e-01
-1.0062e+01     3.4335e+01  1.4424e-01 -3.4345e+01 -1.3956e-01  8.6584e+01  4.9276e-01 -8.6582e+01 -4.3582e-01
-1.0023e+01     4.7445e+01  1.8371e-01 -4.7457e+01 -1.7475e-01  8.8149e+01  4.9903e-01 -8.8147e+01 -4.4184e-01
-9.9850e+00     4.0766e+01  1.5904e-01 -4.0771e+01 -1.4843e-01  8.9837e+01  5.0559e-01 -8.9835e+01 -4.4802e-01
-9.9467e+00     5.3923e+01  1.8491e-01 -5.3924e+01 -1.7923e-01  9.1649e+01  5.1217e-01 -9.1647e+01 -4.5429e-01
-9.9083e+00     3.0048e+01  1.1110e-01 -3.0044e+01 -1.0507e-01  9.3256e+01  5.1784e-01 -9.3254e+01 -4.5973e-01
-9.8700e+00     5.0557e+01  1.7625e-01 -5.0561e+01 -1.5439e-01  9.4798e+01  5.2334e-01 -9.4796e+01 -4.6470e-01
-9.8317e+00     3.1020e+01  1.4003e-01 -3.1020e+01 -1.2847e-01  9.6359e+01  5.2939e-01 -9.6357e+01 -4.7011e-01
-9.7933e+00     4.5905e+01  1.8556e-01 -4.5921e+01 -1.5900e-01  9.7831e+01  5.3562e-01 -9.7830e+01 -4.7561e-01
-9.7550e+00     3.4242e+01  2.0007e-01 -3.4244e+01 -1.8792e-01  9.9364e+01  5.4300e-01 -9.9364e+01 -4.8225e-01
-9.7167e+00     2.9703e+01  1.6213e-01 -2.9699e+01 -1.5115e-01  1.0059e+02  5.4993e-01 -1.0059e+02 -4.8874e-01
-9.6783e+00     3.8610e+01  2.0271e-01 -3.8601e+01 -2.0223e-01  1.0190e+02  5.5691e-01 -1.0189e+02 -4.9550e-01
-9.6400e+00     3.7609e+01  1.7303e-01 -3.7610e+01 -1.8483e-01  1.0335e+02  5.6410e-01 -1.0335e+02 -5.0290e-01
-9.6017e+00     4.5310e+01  2.0060e-01 -4.5306e+01 -1.9914e-01  1.0494e+02  5.7125e-01 -1.0494e+02 -5.1025e-01
-9.5633e+00     3.8549e+01  1.6157e-01 -3.8542e+01 -1.8189e-01  1.0654e+02  5.7818e-01 -1.0654e+02 -5.1754e-01
-9.5250e+00     6.3198e+01  3.2472e-01 -6.3210e+01 -2.9593e-01  1.0849e+02  5.8748e-01 -1.0849e+02 -5.2669e-01
-9.4867e+00     2.8828e+01  1.4066e-01 -2.8824e+01 -1.2950e-01  1.1025e+02  5.9639e-01 -1.1025e+02 -5.3483e-01
-9.4483e+00     4.0966e+01  2.2404e-01 -4.0966e+01 -2.0603e-01  1.1159e+02  6.0337e-01 -1.1159e+02 -5.4125e-01
-9.4100e+00     3.2956e+01  1.7303e-01 -3.2953e+01 -1.4406e-01  1.1300e+02  6.1096e-01 -1.1300e+02 -5.4795e-01
-9.3717e+00     4.9963e+01  2.6021e-01 -4.9963e+01 -2.4390e-01  1.1459e+02  6.1925e-01 -1.1459e+02 -5.5537e-01
-9.3333e+00     2.3187e+01  1.1881e-01 -2.3190e+01 -1.1072e-01  1.1599e+02  6.2651e-01 -1.1599e+02 -5.6215e-01
-9.2950e+00     5.7246e+01  3.1910e-01 -5.7245e+01 -2.8472e-01  1.1753e+02  6.3489e-01 -1.1753e+02 -5.6972e-01
-9.2567e+00     1.4304e+01  8.9063e-02 -1.4304e+01 -9.0380e-02  1.1890e+02  6.4270e-01 -1.1890e+02 -5.7690e-01
-9.2183e+00     7.5434e+01  3.7552e-01 -7.5426e+01 -3.1820e-01  1.2061e+02  6.5159e-01 -1.2061e+02 -5.8472e-01
-9.1800e+00     2.3462e+01  1.2398e-01 -2.3462e+01 -8.8295e-02  1.2251e+02  6.6114e-01 -1.2250e+02 -5.9249e-01
-9.1417e+00     5.4810e+01  2.4546e-01 -5.4798e+01 -2.1584e-01  1.2400e+02  6.6821e-01 -1.2400e+02 -5.9831e-01
-9.1033e+00     3.5537e+01  1.6015e-01 -3.5541e+01 -1.2708e-01  1.2573e+02  6.7597e-01 -1.2573e+02 -6.0488e-01
-9.0650e+00     4.2108e+01  2.2096e-01 -4.2106e+01 -1.9253e-01  1.2722e+02  6.8327e-01 -1.2722e+02 -6.1099e-01
-9.0267e+00     5.0590e+01  2.3290e-01 -5.0588e+01 -2.4227e-01  1.2899e+02  6.9195e-01 -1.2899e+02 -6.1931e-01
-8.9883e+00     1.7712e+01  9.1788e-02 -1.7712e+01 -9.4116e-02  1.3030e+02  6.9816e-01 -1.3030e+02 -6.2575e-01
-8.9500e+00     4.7889e+01  2.4858e-01 -4.7887e+01 -2.3227e-01  1.3155e+02  7.0468e-01 -1.3155e+02 -6.3199e-01
-8.9117e+00     4.2406e+01  1.7702e-01 -4.2407e+01 -1.7911e-01  1.3328e+02  7.1282e-01 -1.3328e+02 -6.3986e-01
-8.8733e+00     1.7094e+01  9.3843e-02 -1.7093e+01 -9.9313e-02  1.3442e+02  7.1800e-01 -1.3442e+02 -6.4519e-01
-8.8350e+00     3.7875e+01  1.4928e-01 -3.7874e+01 -1.5579e-01  1.3547e+02  7.2266e-01 -1.3547e+02 -6.5007e-01
-8.7967e+00     2.8463e+01  1.0454e-01 -2.8460e+01 -9.8876e-02  1.3674e+02  7.2751e-01 -1.3674e+02 -6.5495e-01
-8.7583e+00     3.3338e+01  1.4931e-01 -3.3334e+01 -1.3845e-01  1.3792e+02  7.3237e-01 -1.3792e+02 -6.5949e-01
-8.7200e+00     4.0292e+01  1.6129e-01 -4.0292e+01 -1.6335e-01  1.3933e+02  7.3831e-01 -1.3933e+02 -6.6526e-01
-8.6817e+00     3.3759e+01  1.6849e-01 -3.3758e+01 -1.6228e-01  1.4075e+02  7.4462e-01 -1.4075e+02 -6.7149e-01
-8.6433e+00     4.1315e+01  1.6996e-01 -4.1313e+01 -2.0251e-01  1.4219e+02  7.5110e-01 -1.4218e+02 -6.7847e-01
-8.6050e+00     3.3403e+01  1.1656e-01 -3.3406e+01 -1.2362e-01  1.4362e+02  7.5658e-01 -1.4361e+02 -6.8471e-01
-8.5667e+00     3.7117e+01  1.3404e-01 -3.7119e+01 -1.3209e-01  1.4497e+02  7.6138e-01 -1.4496e+02 -6.8961e-01
-8.5283e+00     3.0445e+01  1.2162e-01 -3.0445e+01 -1.1988e-01  1.4626e+02  7.6627e-01 -1.4626e+02 -6.9443e-01
-8.4900e+00     5.0150e+01  1.8921e-01 -5.0149e+01 -2.1779e-01  1.4780e+02  7.7222e-01 -1.4780e+02 -7.0089e-01
-8.4517e+00     4.2853e+01  1.5717e-01 -4.2853e+01 -1.4290e-01  1.4958e+02  7.7884e-01 -1.4958e+02 -7.0779e-01
-8.4133e+00     3.6008e+01  1.3648e-01 -3.6013e+01 -1.2506e-01  1.5109e+02  7.8446e-01 -1.5109e+02 -7.1292e-01
-8.3750e+00     3.6390e+01  1.1901e-01 -3.6390e+01 -1.2847e-01  1.5248e+02  7.8935e-01 -1.5247e+02 -7.1777e-01
-8.3367e+00     3.2658e+01  1.0513e-01 -3.2664e+01 -1.0889e-01  1.5380e+02  7.9364e-01 -1.5379e+02 -7.2231e-01
-8.2983e+00     4.0451e+01  1.3673e-01 -4.0443e+01 -1.3082e-01  1.5520e+02  7.9827e-01 -1.5519e+02 -7.2690e-01
-8.2600e+00     4.0081e+01  1.4899e-01 -4.0081e+01 -1.5522e-01  1.5674e+02  8.0374e-01 -1.5673e+02 -7.3237e-01
-8.2217e+00     3.9504e+01  1.5740e-01 -3.9508e+01 -1.6533e-01  1.5826e+02  8.0960e-01 -1.5826e+02 -7.3851e-01
-8.1833e+00     4.1909e+01  1.6994e-01 -4.1909e+01 -1.6540e-01  1.5982e+02  8.1586e-01 -1.5981e+02 -7.4483e-01
-8.1450e+00     3.5341e+01  1.6287e-01 -3.5339e+01 -1.6071e-01  1.6130e+02  8.2223e-01 -1.6129e+02 -7.5107e-01
-8.1067e+00     3.6614e+01  1.8327e-01 -3.6608e+01 -1.6154e-01  1.6267e+02  8.2885e-01 -1.6267e+02 -7.5724e-01
-8.0683e+00     2.8252e+01  1.3651e-01 -2.8257e+01 -1.6569e-01  1.6391e+02  8.3497e-01 -1.6391e+02 -7.6350e-01
-8.0300e+00     5.9620e+01  2.2591e-01 -5.9610e+01 -1.8157e-01  1.6559e+02  8.4191e-01 -1.6559e+02 -7.7015e-01
-7.9917e+00     2.7060e+01  1.1451e-01 -2.7060e+01 -1.1184e-01  1.6725e+02  8.4842e-01 -1.6725e+02 -7.7576e-01
-7.9533e+00     4.4435e+01  1.6286e-01 -4.4431e+01 -1.9113e-01  1.6862e+02  8.5373e-01 -1.6862e+02 -7.8156e-01
-7.9150e+00     3.4587e+01  1.2161e-01 -3.4580e+01 -1.2669e-01  1.7013e+02  8.5917e-01 -1.7013e+02 -7.8764e-01
-7.8767e+00     2.0520e+01  8.8462e-02 -2.0522e+01 -8.2774e-02  1.7119e+02  8.6319e-01 -1.7118e+02 -7.9165e-01
-7.8383e+00     3.5486e+01  1.4653e-01 -3.5488e+01 -1.2195e-01  1.7226e+02  8.6769e-01 -1.7226e+02 -7.9556e-01
-7.8000e+00     3.3870e+01  1.5998e-01 -3.3872e+01 -1.3635e-01  1.7359e+02  8.7355e-01 -1.7358e+02 -8.0051e-01
-7.7617e+00     2.1194e+01  1.0242e-01 -2.1193e+01 -1.0475e-01  1.7464e+02  8.7857e-01 -1.7464e+02 -8.0512e-01
-7.7233e+00     4.1254e+01  2.2721e-01 -4.1225e+01 -2.1503e-01  1.7583e+02  8.8488e-01 -1.7583e+02 -8.1124e-01
-7.6850e+00     3.1351e+01  1.2040e-01 -3.1354e+01 -1.2689e-01  1.7722e+02  8.9153e-01 -1.7722e+02 -8.1778e-01
-7.6467e+00     4.6902e+01  1.9199e-01 -4.6880e+01 -1.7145e-01  1.7872e+02  8.9751e-01 -1.7872e+02 -8.2349e-01
-7.6083e+00     3.4493e+01  1.4531e-01 -3.4490e+01 -1.1260e-01  1.8028e+02  9.0396e-01 -1.8027e+02 -8.2893e-01
-7.5700e+00     4.3596e+01  1.7735e-01 -4.3599e+01 -1.9035e-01  1.8177e+02  9.1014e-01 -1.8177e+02 -8.3472e-01
-7.5317e+00     4.2042e+01  1.5575e-01 -4.2038e+01 -1.5594e-01  1.8341e+02  9.1651e-01 -1.8341e+02 -8.4135e-01
-7.4933e+00     4.6502e+01  1.6744e-01 -4.6501e+01 -1.5757e-01  1.8511e+02  9.2270e-01 -1.8510e+02 -8.4735e-01
-7.4550e+00     4.2781e+01  1.7047e-01 -4.2785e+01 -1.5646e-01  1.8681e+02  9.2916e-01 -1.8681e+02 -8.5336e-01
-7.4167e+00     5.0707e+01  1.9112e-01 -5.0698e+01 -1.7162e-01  1.8860e+02  9.3608e-01 -1.8860e+02 -8.5963e-01
-7.3783e+00     2.9266e+01  1.1007e-01 -2.9265e+01 -9.6295e-02  1.9013e+02  9.4185e-01 -1.9013e+02 -8.6476e-01
-7.3400e+00     6.9905e+01  1.9109e-01 -6.9909e+01 -1.7419e-01  1.9203e+02  9.4761e-01 -1.9203e+02 -8.6994e-01
-7.3017e+00     2.7964e+01  7.6095e-02 -2.7964e+01 -7.2263e-02  1.9390e+02  9.5272e-01 -1.9390e+02 -8.7465e-01
-7.2633e+00     3.6530e+01  1.3147e-01 -3.6528e+01 -1.3235e-01  1.9514e+02  9.5669e-01 -1.9513e+02 -8.7857e-01
-7.2250e+00     4.8940e+01  1.2428e-01 -4.8935e+01 -1.5766e-01  1.9677e+02  9.6159e-01 -1.9677e+02 -8.8412e-01
-7.1867e+00     2.7398e+01  1.0489e-01 -2.7403e+01 -1.0371e-01  1.9823e+02  9.6597e-01 -1.9823e+02 -8.8912e-01
-7.1483e+00     5.4177e+01  1.6804e-01 -5.4170e+01 -1.7086e-01  1.9980e+02  9.7119e-01 -1.9979e+02 -8.9437e-01
-7.1100e+00     4.3825e+01  1.8959e-01 -4.3828e+01 -1.5378e-01  2.0167e+02  9.7804e-01 -2.0167e+02 -9.0058e-01
-7.0717e+00     4.2796e+01  1.6258e-01 -4.2801e+01 -1.6205e-01  2.0333e+02  9.8477e-01 -2.0332e+02 -9.0663e-01
-7.0333e+00     4.1085e+01  1.2472e-01 -4.1088e+01 -1.2385e-01  2.0493e+02  9.9027e-01 -2.0493e+02 -9.1210e-01
-6.9950e+00     2.5050e+01  7.2960e-02 -2.5051e+01 -6.0997e-02  2.0620e+02  9.9405e-01 -2.0619e+02 -9.1563e-01
-6.9567e+00     3.1468e+01  8.1075e-02 -3.1472e+01 -6.7300e-02  2.0728e+02  9.9700e-01 -2.0727e+02 -9.1809e-01
-6.9183e+00     4.9183e+01  1.4251e-01 -4.9181e+01 -1.2139e-01  2.0882e+02  1.0013e+00 -2.0882e+02 -9.2170e-01
-6.8800e+00     8.0522e+00  1.9496e-02 -8.0559e+00 -1.9527e-02  2.0992e+02  1.0044e+00 -2.0991e+02 -9.2440e-01
-6.8417e+00     7.0638e+01  2.0219e-01 -7.0644e+01 -1.7515e-01  2.1142e+02  1.0086e+00 -2.1142e+02 -9.2812e-01
-6.8033e+00     4.0435e+01  1.1788e-01 -4.0437e+01 -1.0087e-01  2.1355e+02  1.0147e+00 -2.1354e+02 -9.3340e-01
-6.7650e+00     4.0934e+01  9.6821e-02 -4.0938e+01 -7.7052e-02  2.1511e+02  1.0189e+00 -2.1510e+02 -9.3681e-01
-6.7267e+00     5.6329e+01  1.6218e-01 -5.6346e+01 -1.4195e-01  2.1697e+02  1.0238e+00 -2.1696e+02 -9.4100e-01
-6.6883e+00     5.8036e+01  1.6319e-01 -5.8039e+01 -1.6682e-01  2.1916e+02  1.0300e+00 -2.1915e+02 -9.4691e-01
-6.6500e+00     4.7905e+01  1.2431e-01 -4.7908e+01 -1.1901e-01  2.2118e+02  1.0355e+00 -2.2118e+02 -9.5238e-01
-6.6117e+00     4.5434e+01  1.0876e-01 -4.5422e+01 -1.0023e-01  2.2297e+02  1.0400e+00 -2.2297e+02 -9.5657e-01
-6.5733e+00     4.4514e+01  9.5625e-02 -4.4517e+01 -9.3262e-02  2.2469e+02  1.0439e+00 -2.2469e+02 -9.6027e-01
-6.5350e+00     4.8710e+01  1.1332e-01 -4.8714e+01 -1.0736e-01  2.2647e+02  1.0479e+00 -2.2647e+02 -9.6411e-01
-6.4967e+00     5.0828e+01  1.5274e-01 -5.0833e+01 -1.4815e-01  2.2838e+02  1.0530e+00 -2.2837e+02 -9.6900e-01
-6.4583e+00     5.5930e+01  1.7565e-01 -5.5928e+01 -1.5728e-01  2.3042e+02  1.0593e+00 -2.3042e+02 -9.7485e-01
-6.4200e+00     5.3112e+01  1.8804e-01 -5.3114e+01 -1.7384e-01  2.3251e+02  1.0662e+00 -2.3250e+02 -9.8118e-01
-6.3817e+00     5.2559e+01  1.3716e-01 -5.2561e+01 -1.5180e-01  2.3453e+02  1.0725e+00 -2.3453e+02 -9.8741e-01
-6.3433e+00     4.3247e+01  1.2703e-01 -4.3248e+01 -1.0542e-01  2.3636e+02  1.0775e+00 -2.3636e+02 -9.9233e-01
-6.3050e+00     5.2885e+01  1.6712e-01 -5.2887e+01 -1.3369e-01  2.3820e+02  1.0831e+00 -2.3820e+02 -9.9691e-01
-6.2667e+00     5.7082e+01  1.6264e-01 -5.7083e+01 -1.6883e-01  2.4031e+02  1.0895e+00 -2.4030e+02 -1.0027e+00
-6.2283e+00     3.9065e+01  1.2499e-01 -3.9066e+01 -1.0754e-01  2.4215e+02  1.0950e+00 -2.4214e+02 -1.0080e+00
-6.1900e+00     3.9712e+01  1.1919e-01 -3.9710e+01 -1.1230e-01  2.4365e+02  1.0996e+00 -2.4365e+02 -1.0122e+00
-6.1517e+00     4.4298e+01  1.1592e-01 -4.4295e+01 -1.0557e-01  2.4526e+02  1.1041e+00 -2.4526e+02 -1.0164e+00
-6.1133e+00     5.0373e+01  1.3240e-01 -5.0370e+01 -1.1601e-01  2.4707e+02  1.1089e+00 -2.4707e+02 -1.0206e+00
-6.0750e+00     4.5137e+01  1.5230e-01 -4.5134e+01 -1.3710e-01  2.4890e+02  1.1143e+00 -2.4890e+02 -1.0254e+00
-6.0367e+00     4.4152e+01  1.4622e-01 -4.4153e+01 -1.1718e-01  2.5061e+02  1.1200e+00 -2.5061e+02 -1.0303e+00
-5.9983e+00     4.4630e+01  1.5406e-01 -4.4626e+01 -1.2493e-01  2.5231e+02  1.1258e+00 -2.5230e+02 -1.0349e+00
-5.9600e+00     4.3460e+01  1.2295e-01 -4.3458e+01 -1.2533e-01  2.5399e+02  1.1311e+00 -2.5399e+02 -1.0397e+00
-5.9217e+00     5.1973e+01  1.8058e-01 -5.1977e+01 -1.7208e-01  2.5582e+02  1.1369e+00 -2.5582e+02 -1.0454e+00
-5.8833e+00     3.6536e+01  1.2608e-01 -3.6534e+01 -1.1755e-01  2.5751e+02  1.1428e+00 -2.5751e+02 -1.0510e+00
-5.8450e+00     3.7688e+01  1.1116e-01 -3.7692e+01 -1.1511e-01  2.5893e+02  1.1473e+00 -2.5893e+02 -1.0554e+00
-5.8067e+00     4.2782e+01  1.4885e-01 -4.2780e+01 -1.4490e-01  2.6047e+02  1.1523e+00 -2.6047e+02 -1.0604e+00
-5.7683e+00     3.7714e+01  1.3552e-01 -3.7713e+01 -1.1649e-01  2.6201e+02  1.1577e+00 -2.6201e+02 -1.0654e+00
-5.7300e+00     4.6381e+01  1.2674e-01 -4.6381e+01 -1.2365e-01  2.6362e+02  1.1627e+00 -2.6362e+02 -1.0700e+00
-5.6917e+00     4.3020e+01  1.0246e-01 -4.3020e+01 -8.8355e-02  2.6533e+02  1.1671e+00 -2.6533e+02 -1.0740e+00
-5.6533e+00     3.6287e+01  9.4319e-02 -3.6285e+01 -8.1997e-02  2.6685e+02  1.1709e+00 -2.6685e+02 -1.0773e+00
-5.6150e+00     3.8847e+01  1.1484e-01 -3.8849e+01 -9.3264e-02  2.6829e+02  1.1749e+00 -2.6828e+02 -1.0807e+00
-5.5767e+00     4.6313e+01  1.1291e-01 -4.6311e+01 -1.0498e-01  2.6992e+02  1.1793e+00 -2.6991e+02 -1.0845e+00
-5.5383e+00     4.4830e+01  1.3171e-01 -4.4827e+01 -1.3288e-01  2.7166e+02  1.1839e+00 -2.7166e+02 -1.0890e+00
-5.5000e+00     4.4092e+01  1.1693e-01 -4.4094e+01 -1.2479e-01  2.7336e+02  1.1887e+00 -2.7336e+02 -1.0939e+00
-5.4617e+00     5.2823e+01  1.4911e-01 -5.2822e+01 -1.3313e-01  2.7522e+02  1.1938e+00 -2.7521e+02 -1.0989e+00
-5.4233e+00     4.9533e+01  1.6583e-01 -4.9534e+01 -1.5314e-01  2.7718e+02  1.1998e+00 -2.7717e+02 -1.1043e+00
-5.3850e+00     3.2090e+01  9.2262e-02 -3.2091e+01 -8.9121e-02  2.7874e+02  1.2047e+00 -2.7873e+02 -1.1090e+00
-5.3467e+00     6.7076e+01  1.6493e-01 -6.7067e+01 -1.3346e-01  2.8064e+02  1.2097e+00 -2.8063e+02 -1.1132e+00
-5.3083e+00     2.7888e+01  7.6605e-02 -2.7883e+01 -6.6603e-02  2.8245e+02  1.2143e+00 -2.8245e+02 -1.1171e+00
-5.2700e+00     4.4026e+01  1.4124e-01 -4.4030e+01 -1.5253e-01  2.8383e+02  1.2185e+00 -2.8382e+02 -1.1213e+00
-5.2317e+00     3.4858e+01  1.2986e-01 -3.4854e+01 -1.4374e-01  2.8534e+02  1.2236e+00 -2.8533e+02 -1.1269e+00
-5.1933e+00     3.4567e+01  1.0842e-01 -3.4567e+01 -8.1072e-02  2.8667e+02  1.2282e+00 -2.8666e+02 -1.1312e+00
-5.1550e+00     2.7693e+01  9.7812e-02 -2.7694e+01 -8.3782e-02  2.8786e+02  1.2321e+00 -2.8785e+02 -1.1344e+00
-5.1167e+00     5.4644e+01  1.9449e-01 -5.4640e+01 -1.9294e-01  2.8943e+02  1.2377e+00 -2.8943e+02 -1.1397e+00
-5.0783e+00     5.2667e+01  1.4918e-01 -5.2665e+01 -1.2514e-01  2.9149e+02  1.2443e+00 -2.9148e+02 -1.1458e+00
-5.0400e+00     4.3409e+01  1.4150e-01 -4.3415e+01 -1.4764e-01  2.9333e+02  1.2499e+00 -2.9332e+02 -1.1510e+00
-5.0017e+00     3.7775e+01  1.4717e-01 -3.7774e+01 -1.2044e-01  2.9488e+02  1.2554e+00 -2.9487e+02 -1.1561e+00
-4.9633e+00     4.6974e+01  1.5519e-01 -4.6970e+01 -1.2973e-01  2.9650e+02  1.2612e+00 -2.9650e+02 -1.1609e+00
-4.9250e+00     3.3524e+01  1.0865e-01 -3.3534e+01 -1.0658e-01  2.9804e+02  1.2662e+00 -2.9804e+02 -1.1654e+00
-4.8867e+00     2.9164e+01  8.3466e-02 -2.9159e+01 -8.1684e-02  2.9924e+02  1.2699e+00 -2.9924e+02 -1.1690e+00
-4.8483e+00     3.5332e+01  1.1281e-01 -3.5332e+01 -1.1573e-01  3.0047e+02  1.2737e+00 -3.0047e+02 -1.1728e+00
-4.8100e+00     2.5872e+01  8.2588e-02 -2.5870e+01 -9.2479e-02  3.0165e+02  1.2774e+00 -3.0164e+02 -1.1768e+00
-4.7717e+00     2.3492e+01  7.9748e-02 -2.3492e+01 -6.8786e-02  3.0259e+02  1.2805e+00 -3.0259e+02 -1.1799e+00
-4.7333e+00     2.6798e+01  1.1072e-01 -2.6797e+01 -1.1196e-01  3.0355e+02  1.2842e+00 -3.0355e+02 -1.1833e+00
-4.6950e+00     2.2309e+01  9.9323e-02 -2.2311e+01 -8.8897e-02  3.0449e+02  1.2882e+00 -3.0449e+02 -1.1872e+00
-4.6567e+00     2.5284e+01  1.1105e-01 -2.5283e+01 -8.7184e-02  3.0540e+02  1.2922e+00 -3.0540e+02 -1.1905e+00
-4.6183e+00     1.7517e+01  6.5146e-02 -1.7515e+01 -4.7915e-02  3.0622e+02  1.2956e+00 -3.0622e+02 -1.1931e+00
-4.5800e+00     2.5541e+01  1.0439e-01 -2.5522e+01 -7.9701e-02  3.0705e+02  1.2988e+00 -3.0704e+02 -1.1956e+00
-4.5417e+00     1.7730e+01  7.2823e-02 -1.7731e+01 -5.2623e-02  3.0787e+02  1.3022e+00 -3.0787e+02 -1.1981e+00
-4.5033e+00     1.9166e+01  7.6321e-02 -1.9167e+01 -6.5068e-02  3.0858e+02  1.3051e+00 -3.0857e+02 -1.2004e+00
-4.4650e+00     2.3889e+01  1.1281e-01 -2.3887e+01 -8.4589e-02  3.0940e+02  1.3087e+00 -3.0940e+02 -1.2032e+00
-4.4267e+00     2.0332e+01  8.6761e-02 -2.0331e+01 -6.7951e-02  3.1025e+02  1.3125e+00 -3.1024e+02 -1.2061e+00
-4.3883e+00     1.6705e+01  6.3565e-02 -1.6706e+01 -5.5901e-02  3.1096e+02  1.3154e+00 -3.1095e+02 -1.2085e+00
-4.3500e+00     1.9478e+01  8.2937e-02 -1.9475e+01 -6.5897e-02  3.1165e+02  1.3182e+00 -3.1165e+02 -1.2108e+00
-4.3117e+00     2.0667e+01  1.1573e-01 -2.0665e+01 -8.3662e-02  3.1242e+02  1.3220e+00 -3.1241e+02 -1.2137e+00
-4.2733e+00     1.5310e+01  6.4926e-02 -1.5310e+01 -5.8347e-02  3.1311e+02  1.3254e+00 -3.1310e+02 -1.2164e+00
-4.2350e+00     1.8858e+01  1.1434e-01 -1.8857e+01 -9.1215e-02  3.1376e+02  1.3289e+00 -3.1376e+02 -1.2193e+00
-4.1967e+00     1.3447e+01  9.5205e-02 -1.3448e+01 -6.5201e-02  3.1438e+02  1.3329e+00 -3.1437e+02 -1.2223e+00
-4.1583e+00     1.8103e+01  1.0271e-01 -1.8109e+01 -7.6156e-02  3.1498e+02  1.3367e+00 -3.1498e+02 -1.2250e+00
-4.1200e+00     1.4602e+01  9.1589e-02 -1.4601e+01 -6.8623e-02  3.1561e+02  1.3404e+00 -3.1560e+02 -1.2278e+00
-4.0817e+00     1.2352e+01  9.4950e-02 -1.2355e+01 -6.2434e-02  3.1612e+02  1.3440e+00 -3.1612e+02 -1.2303e+00
-4.0433e+00     1.9123e+01  1.3283e-01 -1.9123e+01 -9.7066e-02  3.1673e+02  1.3483e+00 -3.1672e+02 -1.2333e+00
-4.0050e+00     1.0963e+01  7.9008e-02 -1.0963e+01 -6.1653e-02  3.1730e+02  1.3524e+00 -3.1730e+02 -1.2363e+00
-3.9667e+00     1.2453e+01  9.2991e-02 -1.2454e+01 -8.0429e-02  3.1775e+02  1.3557e+00 -3.1775e+02 -1.2391e+00
-3.9283e+00     1.1805e+01  8.6140e-02 -1.1807e+01 -6.2123e-02  3.1821e+02  1.3591e+00 -3.1821e+02 -1.2418e+00
-3.8900e+00     6.9023e+00  5.4207e-02 -6.9018e+00 -3.9200e-02  3.1857e+02  1.3618e+00 -3.1857e+02 -1.2437e+00
-3.8517e+00     8.3585e+00  7.1700e-02 -8.3599e+00 -5.6401e-02  3.1886e+02  1.3642e+00 -3.1886e+02 -1.2456e+00
-3.8133e+00     1.0549e+01  8.1903e-02 -1.0552e+01 -6.1015e-02  3.1923e+02  1.3671e+00 -3.1922e+02 -1.2478e+00
-3.7750e+00     1.2299e+01  1.2537e-01 -1.2238e+01 -1.1306e-01  3.1966e+02  1.3711e+00 -3.1966e+02 -1.2511e+00
-3.7367e+00     7.5237e+00  6.1161e-02 -7.5243e+00 -4.9680e-02  3.2004e+02  1.3747e+00 -3.2004e+02 -1.2543e+00
-3.6983e+00     1.0068e+01  8.0741e-02 -1.0068e+01 -6.3467e-02  3.2038e+02  1.3774e+00 -3.2037e+02 -1.2564e+00
-3.6600e+00     1.1181e+01  7.3522e-02 -1.1185e+01 -5.6902e-02  3.2079e+02  1.3803e+00 -3.2078e+02 -1.2587e+00
-3.6217e+00     1.2332e+01  9.0430e-02 -1.2302e+01 -7.1501e-02  3.2124e+02  1.3835e+00 -3.2123e+02 -1.2612e+00
-3.5833e+00     1.2104e+01  6.5934e-02 -1.2107e+01 -5.3248e-02  3.2170e+02  1.3865e+00 -3.2170e+02 -1.2636e+00
-3.5450e+00     6.4083e+00  3.6936e-02 -6.4091e+00 -3.1402e-02  3.2206e+02  1.3884e+00 -3.2205e+02 -1.2652e+00
-3.5067e+00     6.4200e+00  4.2275e-02 -6.4197e+00 -3.0705e-02  3.2230e+02  1.3899e+00 -3.2230e+02 -1.2664e+00
-3.4683e+00     7.3059e+00  5.4587e-02 -7.3060e+00 -4.0304e-02  3.2257e+02  1.3918e+00 -3.2256e+02 -1.2677e+00
-3.4300e+00     7.4646e+00  8.6195e-02 -7.4643e+00 -6.9771e-02  3.2285e+02  1.3945e+00 -3.2284e+02 -1.2698e+00
-3.3917e+00     1.0771e+01  1.3686e-01 -1.0771e+01 -1.1515e-01  3.2320e+02  1.3988e+00 -3.2319e+02 -1.2734e+00
-3.3533e+00     1.1355e+01  1.4543e-01 -1.1359e+01 -1.0693e-01  3.2362e+02  1.4042e+00 -3.2361e+02 -1.2776e+00
-3.3150e+00     1.6164e+01  1.7481e-01 -1.6170e+01 -1.3963e-01  3.2415e+02  1.4103e+00 -3.2414e+02 -1.2823e+00
-3.2767e+00     1.4124e+01  1.9542e-01 -1.4123e+01 -1.4028e-01  3.2473e+02  1.4174e+00 -3.2472e+02 -1.2877e+00
-3.2383e+00     8.6799e+00  1.1033e-01 -8.6806e+00 -6.9082e-02  3.2516e+02  1.4232e+00 -3.2516e+02 -1.2917e+00
-3.2000e+00     5.9213e+00  9.0576e-02 -5.9225e+00 -5.7334e-02  3.2544e+02  1.4271e+00 -3.2544e+02 -1.2941e+00
-3.1617e+00     4.9061e+00  7.4617e-02 -4.9044e+00 -5.7675e-02  3.2565e+02  1.4302e+00 -3.2564e+02 -1.2963e+00
-3.1233e+00     8.2018e+00  1.4908e-01 -8.2015e+00 -1.0070e-01  3.2590e+02  1.4345e+00 -3.2589e+02 -1.2994e+00
-3.0850e+00     8.7231e+00  1.7858e-01 -8.7296e+00 -1.1449e-01  3.2622e+02  1.4408e+00 -3.2622e+02 -1.3035e+00
-3.0467e+00     2.8454e+00  8.9009e-02 -2.8458e+00 -4.9540e-02  3.2645e+02  1.4459e+00 -3.2644e+02 -1.3066e+00
-3.0083e+00     1.8400e+00  6.3295e-02 -1.8401e+00 -3.5999e-02  3.2654e+02  1.4488e+00 -3.2653e+02 -1.3083e+00
-2.9700e+00     1.2694e+00  4.1712e-02 -1.2700e+00 -2.4991e-02  3.2660e+02  1.4508e+00 -3.2659e+02 -1.3094e+00
-2.9317e+00     9.5689e+00  1.9850e-01 -9.5614e+00 -1.6588e-01  3.2680e+02  1.4554e+00 -3.2679e+02 -1.3131e+00
-2.8933e+00     4.1822e+00  9.1772e-02 -4.1829e+00 -7.4392e-02  3.2707e+02  1.4610e+00 -3.2706e+02 -1.3177e+00
-2.8550e+00     3.7010e+00  7.9291e-02 -3.7009e+00 -6.6170e-02  3.2722e+02  1.4642e+00 -3.2721e+02 -1.3204e+00
-2.8167e+00     3.7491e+00  7.4980e-02 -3.7483e+00 -6.5843e-02  3.2736e+02  1.4672e+00 -3.2735e+02 -1.3229e+00
-2.7783e+00     5.8064e+00  1.6073e-01 -5.8082e+00 -1.0564e-01  3.2754e+02  1.4717e+00 -3.2753e+02 -1.3262e+00
-2.7400e+00     1.5358e+00  4.4019e-02 -1.5410e+00 -3.5652e-02  3.2768e+02  1.4756e+00 -3.2767e+02 -1.3289e+00
-2.7017e+00     3.1705e+00  6.4254e-02 -3.1581e+00 -4.9098e-02  3.2777e+02  1.4777e+00 -3.2776e+02 -1.3305e+00
-2.6633e+00     3.7846e+00  3.3966e-02 -3.7794e+00 -3.2570e-02  3.2791e+02  1.4796e+00 -3.2790e+02 -1.3321e+00
-2.6250e+00     9.8484e+00  8.0767e-02 -9.8383e+00 -6.6627e-02  3.2817e+02  1.4818e+00 -3.2816e+02 -1.3339e+00
-2.5867e+00     5.1049e+00  4.7744e-02 -5.1066e+00 -3.2521e-02  3.2845e+02  1.4842e+00 -3.2844e+02 -1.3358e+00
-2.5483e+00     3.6264e+00  4.3022e-02 -3.6282e+00 -2.9151e-02  3.2862e+02  1.4860e+00 -3.2861e+02 -1.3370e+00
-2.5100e+00     5.8564e-01  7.1222e-03 -5.8901e-01 -6.5996e-03  3.2870e+02  1.4869e+00 -3.2869e+02 -1.3377e+00
-2.4717e+00     0.0000e+00  0.0000e+00 -0.0000e+00 -0.0000e+00  3.2871e+02  1.4871e+00 -3.2870e+02 -1.3378e+00
-2.4333e+00     0.0000e+00  0.0000e+00 -0.0000e+00 -0.0000e+00  3.2871e+02  1.4871e+00 -3.2870e+02 -1.3378e+00
-2.3950e+00     0.0000e+00  0.0000e+00 -0.0000e+00 -0.0000e+00  3.2871e+02  1.4871e+00 -3.2870e+02 -1.3378e+00
-2.3567e+00     0.0000e+00  0.0000e+00 -0.0000e+00 -0.0000e+00  3.2871e+02  1.4871e+00 -3.2870e+02 -1.3378e+00
-2.3183e+00     0.0000e+00  0.0000e+00 -0.0000e+00 -0.0000e+00  3.2871e+02  1.4871e+00 -3.2870e+02 -1.3378e+00
-2.2800e+00     1.3785e+01  6.0792e-04 -1.3785e+01 -6.8697e-04  3.2898e+02  1.4871e+00 -3.2897e+02 -1.3379e+00
-2.2417e+00     0.0000e+00  0.0000e+00 -0.0000e+00 -0.0000e+00  3.2924e+02  1.4871e+00 -3.2923e+02 -1.3379e+00
-2.2033e+00     0.0000e+00  0.0000e+00 -0.0000e+00 -0.0000e+00  3.2924e+02  1.4871e+00 -3.2923e+02 -1.3379e+00
-2.1650e+00     0.0000e+00  0.0000e+00 -0.0000e+00 -0.0000e+00  3.2924e+02  1.4871e+00 -3.2923e+02 -1.3379e+00
-2.1267e+00     0.0000e+00  0.0000e+00 -0.0000e+00 -0.0000e+00  3.2924e+02  1.4871e+00 -3.2923e+02 -1.3379e+00
-2.0883e+00     0.0000e+00  0.0000e+00 -0.0000e+00 -0.0000e+00  3.2924e+02  1.4871e+00 -3.2923e+02 -1.3379e+00
-2.0500e+00     0.0000e+00  0.0000e+00 -0.0000e+00 -0.0000e+00  3.2924e+02  1.4871e+00 -3.2923e+02 -1.3379e+00
-2.0117e+00     0.0000e+00  0.0000e+00 -0.0000e+00 -0.0000e+00  3.2924e+02  1.4871e+00 -3.2923e+02 -1.3379e+00
-1.9733e+00     0.0000e+00  0.0000e+00 -0.0000e+00 -0.0000e+00  3.2924e+02  1.4871e+00 -3.2923e+02 -1.3379e+00
-1.9350e+00     9.3158e+00  1.7050e-03 -9.3306e+00 -2.9568e-03  3.2942e+02  1.4871e+00 -3.2941e+02 -1.3379e+00
-1.8967e+00     2.0427e+01  4.8068e-03 -2.0399e+01 -6.0416e-03  3.2999e+02  1.4872e+00 -3.2998e+02 -1.3381e+00
-1.8583e+00     0.0000e+00  0.0000e+00 -0.0000e+00 -0.0000e+00  3.3038e+02  1.4873e+00 -3.3037e+02 -1.3382e+00
-1.8200e+00     8.9484e+00  9.1121e-03 -8.9486e+00 -5.8079e-02  3.3055e+02  1.4875e+00 -3.3054e+02 -1.3393e+00
-1.7817e+00     5.4837e+00  7.6515e-03 -5.4306e+00 -1.9739e-02  3.3082e+02  1.4878e+00 -3.3081e+02 -1.3408e+00
-1.7433e+00     1.7344e+01  1.0136e-02 -1.7352e+01 -2.5782e-02  3.3126e+02  1.4882e+00 -3.3125e+02 -1.3417e+00
-1.7050e+00     8.1294e+00  1.8855e-03 -8.1718e+00 -5.9797e-03  3.3175e+02  1.4884e+00 -3.3174e+02 -1.3423e+00
-1.6667e+00     0.0000e+00  0.0000e+00 -0.0000e+00 -0.0000e+00  3.3190e+02  1.4884e+00 -3.3190e+02 -1.3424e+00
-1.6283e+00     0.0000e+00  0.0000e+00 -0.0000e+00 -0.0000e+00  3.3190e+02  1.4884e+00 -3.3190e+02 -1.3424e+00
-1.5900e+00     0.0000e+00  0.0000e+00 -0.0000e+00 -0.0000e+00  3.3190e+02  1.4884e+00 -3.3190e+02 -1.3424e+00
-1.5517e+00     0.0000e+00  0.0000e+00 -0.0000e+00 -0.0000e+00  3.3190e+02  1.4884e+00 -3.3190e+02 -1.3424e+00
-1.5133e+00     0.0000e+00  0.0000e+00 -0.0000e+00 -0.0000e+00  3.3190e+02  1.4884e+00 -3.3190e+02 -1.3424e+00
-1.4750e+00     7.9755e+00  4.3732e-02 -7.9684e+00 -4.7471e-02  3.3206e+02  1.4893e+00 -3.3205e+02 -1.3433e+00
-1.4367e+00     1.0979e+01  7.1011e-02 -1.1029e+01 -7.8511e-02  3.3242e+02  1.4915e+00 -3.3241e+02 -1.3457e+00
-1.3983e+00     1.1757e+01  4.1548e-02 -1.1726e+01 -7.2259e-02  3.3285e+02  1.4936e+00 -3.3285e+02 -1.3486e+00
-1.3600e+00     1.1368e+01  1.6307e-02 -1.1490e+01 -1.6860e-02  3.3330e+02  1.4947e+00 -3.3329e+02 -1.3503e+00
-1.3217e+00     1.7850e+01  1.8229e-02 -1.7627e+01 -1.8749e-02  3.3386e+02  1.4954e+00 -3.3385e+02 -1.3510e+00
-1.2833e+00     0.0000e+00  0.0000e+00 -0.0000e+00 -0.0000e+00  3.3420e+02  1.4957e+00 -3.3419e+02 -1.3514e+00
-1.2450e+00     0.0000e+00  0.0000e+00 -0.0000e+00 -0.0000e+00  3.3420e+02  1.4957e+00 -3.3419e+02 -1.3514e+00
-1.2067e+00     1.1046e-06  1.1097e-08 -0.0000e+00 -0.0000e+00  3.3420e+02  1.4957e+00 -3.3419e+02 -1.3514e+00
-1.1683e+00     3.3038e+00  3.0946e-02 -3.3168e+00 -2.5426e-02  3.3426e+02  1.4963e+00 -3.3425e+02 -1.3518e+00
-1.1300e+00     4.9381e+00  3.6723e-02 -4.9999e+00 -3.8395e-02  3.3442e+02  1.4976e+00 -3.3441e+02 -1.3531e+00
-1.0917e+00     1.3727e+01  5.5747e-02 -1.3650e+01 -6.4241e-02  3.3478e+02  1.4994e+00 -3.3477e+02 -1.3550e+00
-1.0533e+00     3.1962e+00  1.5682e-02 -2.2612e+00 -9.6598e-03  3.3510e+02  1.5008e+00 -3.3507e+02 -1.3564e+00
-1.0150e+00     0.0000e+00  0.0000e+00 -0.0000e+00 -0.0000e+00  3.3516e+02  1.5011e+00 -3.3511e+02 -1.3566e+00
-9.7667e-01     0.0000e+00  0.0000e+00 -0.0000e+00 -0.0000e+00  3.3516e+02  1.5011e+00 -3.3511e+02 -1.3566e+00
-9.3833e-01     0.0000e+00  0.0000e+00 -0.0000e+00 -0.0000e+00  3.3516e+02  1.5011e+00 -3.3511e+02 -1.3566e+00
-9.0000e-01     9.6652e+00  9.6277e-02 -9.6213e+00 -1.1549e-01  3.3535e+02  1.5029e+00 -3.3530e+02 -1.3588e+00
-8.6167e-01     2.8907e+01  3.3318e-01 -2.6434e+01 -2.9541e-01  3.3608e+02  1.5111e+00 -3.3599e+02 -1.3667e+00
-8.2333e-01     0.0000e+00  0.0000e+00 -0.0000e+00 -0.0000e+00  3.3664e+02  1.5175e+00 -3.3649e+02 -1.3723e+00
-7.8500e-01     0.0000e+00  0.0000e+00 -0.0000e+00 -0.0000e+00  3.3664e+02  1.5175e+00 -3.3649e+02 -1.3723e+00
-7.4667e-01     0.0000e+00  0.0000e+00 -0.0000e+00 -0.0000e+00  3.3664e+02  1.5175e+00 -3.3649e+02 -1.3723e+00
-7.0833e-01     1.4242e+00  4.8027e-03 -1.5394e+00 -5.8560e-03  3.3666e+02  1.5176e+00 -3.3652e+02 -1.3725e+00
-6.7000e-01     1.8611e+01  3.2495e-02 -1.8453e+01 -3.5815e-02  3.3705e+02  1.5183e+00 -3.3690e+02 -1.3733e+00
-6.3167e-01     2.9155e+00  6.2244e-03 -2.4155e+00 -5.8133e-03  3.3746e+02  1.5190e+00 -3.3730e+02 -1.3741e+00
-5.9333e-01     4.0011e-01  2.4976e-04 -4.0140e-01 -5.5028e-04  3.3752e+02  1.5192e+00 -3.3736e+02 -1.3742e+00
-5.5500e-01     7.3089e-01  4.6568e-04 -7.2988e-01 -1.0341e-03  3.3754e+02  1.5192e+00 -3.3738e+02 -1.3742e+00
-5.1667e-01     1.1273e+00  7.4897e-04 -1.1238e+00 -1.6834e-03  3.3758e+02  1.5192e+00 -3.3741e+02 -1.3743e+00
-4.7833e-01     1.2102e+00  1.7174e-03 -1.2097e+00 -3.2045e-03  3.3762e+02  1.5192e+00 -3.3746e+02 -1.3744e+00
-4.4000e-01     1.2403e+00  2.7966e-03 -1.2402e+00 -4.4278e-03  3.3767e+02  1.5193e+00 -3.3751e+02 -1.3745e+00
-4.0167e-01     1.5424e+00  3.8761e-03 -1.5422e+00 -5.7460e-03  3.3773e+02  1.5195e+00 -3.3756e+02 -1.3747e+00
-3.6333e-01     2.4219e+00  7.0268e-03 -2.4216e+00 -9.0124e-03  3.3780e+02  1.5197e+00 -3.3764e+02 -1.3750e+00
-3.2500e-01     3.3300e+00  1.0322e-02 -3.3298e+00 -1.2190e-02  3.3791e+02  1.5200e+00 -3.3775e+02 -1.3754e+00
-2.8667e-01     1.1375e+01  5.7206e-02 -1.1381e+01 -6.1743e-02  3.3819e+02  1.5213e+00 -3.3803e+02 -1.3768e+00
-2.4833e-01     7.9193e+00  2.6309e-02 -7.9194e+00 -2.8271e-02  3.3856e+02  1.5229e+00 -3.3840e+02 -1.3785e+00
-2.1000e-01     6.2473e+00  3.1339e-02 -6.2477e+00 -3.1235e-02  3.3883e+02  1.5240e+00 -3.3867e+02 -1.3797e+00
-1.7167e-01     2.2109e+01  6.5552e-02 -2.2102e+01 -6.3575e-02  3.3938e+02  1.5258e+00 -3.3921e+02 -1.3815e+00
-1.3333e-01     1.5577e+01  6.9746e-02 -1.5577e+01 -7.5095e-02  3.4010e+02  1.5284e+00 -3.3993e+02 -1.3841e+00
-9.5000e-02     1.8484e+01  6.0678e-02 -1.8485e+01 -8.5314e-02  3.4075e+02  1.5309e+00 -3.4058e+02 -1.3872e+00
-5.6667e-02     2.3983e+01  1.0610e-01 -2.3987e+01 -1.5309e-01  3.4156e+02  1.5341e+00 -3.4140e+02 -1.3918e+00
-1.8333e-02     1.6116e+01  8.3421e-02 -1.6117e+01 -1.0486e-01  3.4233e+02  1.5377e+00 -3.4216e+02 -1.3967e+00
2.0000e-02     1.6249e+01  1.1127e-01 -1.6249e+01 -1.4513e-01  3.4295e+02  1.5415e+00 -3.4278e+02 -1.4015e+00
5.8333e-02     1.8652e+01  1.2618e-01 -1.8654e+01 -1.8193e-01  3.4362e+02  1.5460e+00 -3.4345e+02 -1.4077e+00
9.6667e-02     2.5376e+01  1.5659e-01 -2.5377e+01 -2.8182e-01  3.4446e+02  1.5514e+00 -3.4429e+02 -1.4166e+00
1.3500e-01     1.6369e+01  1.4889e-01 -1.6368e+01 -2.1432e-01  3.4526e+02  1.5573e+00 -3.4509e+02 -1.4261e+00
1.7333e-01     2.1638e+01  1.6730e-01 -2.1641e+01 -2.1572e-01  3.4598e+02  1.5633e+00 -3.4582e+02 -1.4343e+00
2.1167e-01     2.0271e+01  1.3701e-01 -2.0271e+01 -1.7586e-01  3.4679e+02  1.5691e+00 -3.4662e+02 -1.4418e+00
2.5000e-01     3.0643e+01  2.3915e-01 -3.0643e+01 -3.0779e-01  3.4776e+02  1.5763e+00 -3.4759e+02 -1.4511e+00
2.8833e-01     3.4012e+01  3.0695e-01 -3.4013e+01 -4.7998e-01  3.4900e+02  1.5868e+00 -3.4883e+02 -1.4661e+00
3.2667e-01     2.5826e+01  2.4121e-01 -2.5823e+01 -3.2174e-01  3.5014e+02  1.5973e+00 -3.4998e+02 -1.4815e+00
3.6500e-01     2.3467e+01  2.3694e-01 -2.3468e+01 -3.3197e-01  3.5109e+02  1.6064e+00 -3.5092e+02 -1.4940e+00
4.0333e-01     2.2507e+01  2.2930e-01 -2.2505e+01 -3.6973e-01  3.5196e+02  1.6154e+00 -3.5180e+02 -1.5074e+00
4.4167e-01     2.9888e+01  3.0286e-01 -2.9889e+01 -4.5596e-01  3.5297e+02  1.6255e+00 -3.5280e+02 -1.5232e+00
4.8000e-01     2.7759e+01  2.3789e-01 -2.7761e+01 -3.4759e-01  3.5407e+02  1.6359e+00 -3.5391e+02 -1.5386e+00
5.1833e-01     2.6945e+01  1.9535e-01 -2.6944e+01 -3.1253e-01  3.5512e+02  1.6442e+00 -3.5495e+02 -1.5512e+00
5.5667e-01     3.2448e+01  2.7653e-01 -3.2443e+01 -4.0799e-01  3.5625e+02  1.6532e+00 -3.5609e+02 -1.5650e+00
5.9500e-01     2.9190e+01  2.2993e-01 -2.9189e+01 -3.2618e-01  3.5743e+02  1.6629e+00 -3.5727e+02 -1.5791e+00
6.3333e-01     3.0509e+01  2.9159e-01 -3.0514e+01 -3.1955e-01  3.5858e+02  1.6729e+00 -3.5841e+02 -1.5914e+00
6.7167e-01     2.7933e+01  2.5989e-01 -2.7933e+01 -3.0410e-01  3.5969e+02  1.6834e+00 -3.5953e+02 -1.6034e+00
7.1000e-01     2.8559e+01  2.3826e-01 -2.8553e+01 -3.1697e-01  3.6077e+02  1.6930e+00 -3.6061e+02 -1.6152e+00
7.4833e-01     3.6201e+01  3.3180e-01 -3.6206e+01 -4.2174e-01  3.6201e+02  1.7039e+00 -3.6185e+02 -1.6294e+00
7.8667e-01     3.9817e+01  3.2907e-01 -3.9822e+01 -5.5211e-01  3.6347e+02  1.7165e+00 -3.6330e+02 -1.6480e+00
8.2500e-01     3.8763e+01  3.0951e-01 -3.8752e+01 -4.0320e-01  3.6497e+02  1.7287e+00 -3.6481e+02 -1.6663e+00
8.6333e-01     3.3105e+01  3.1775e-01 -3.3103e+01 -3.7773e-01  3.6635e+02  1.7407e+00 -3.6618e+02 -1.6812e+00
9.0167e-01     4.3111e+01  4.6887e-01 -4.3114e+01 -4.9632e-01  3.6781e+02  1.7558e+00 -3.6764e+02 -1.6980e+00
9.4000e-01     4.1170e+01  3.6809e-01 -4.1171e+01 -4.7514e-01  3.6942e+02  1.7718e+00 -3.6925e+02 -1.7165e+00
9.7833e-01     3.7636e+01  3.4641e-01 -3.7630e+01 -5.1826e-01  3.7093e+02  1.7855e+00 -3.7076e+02 -1.7356e+00
1.0167e+00     3.8212e+01  3.4435e-01 -3.8209e+01 -4.8420e-01  3.7238e+02  1.7987e+00 -3.7221e+02 -1.7547e+00
1.0550e+00     3.6112e+01  3.1432e-01 -3.6123e+01 -3.8267e-01  3.7380e+02  1.8113e+00 -3.7363e+02 -1.7713e+00
1.0933e+00     4.1479e+01  3.0512e-01 -4.1493e+01 -5.3137e-01  3.7528e+02  1.8231e+00 -3.7512e+02 -1.7888e+00
1.1317e+00     4.4207e+01  4.2478e-01 -4.4178e+01 -5.6159e-01  3.7692e+02  1.8371e+00 -3.7676e+02 -1.8097e+00
1.1700e+00     3.5864e+01  3.1268e-01 -3.5872e+01 -4.1451e-01  3.7846e+02  1.8512e+00 -3.7829e+02 -1.8284e+00
1.2083e+00     4.4961e+01  3.5472e-01 -4.4945e+01 -4.3436e-01  3.8000e+02  1.8640e+00 -3.7984e+02 -1.8446e+00
1.2467e+00     3.5497e+01  2.3970e-01 -3.5505e+01 -3.2265e-01  3.8154e+02  1.8754e+00 -3.8138e+02 -1.8591e+00
1.2850e+00     4.2905e+01  3.0436e-01 -4.2905e+01 -3.9248e-01  3.8304e+02  1.8858e+00 -3.8288e+02 -1.8728e+00
1.3233e+00     4.3344e+01  3.2588e-01 -4.3361e+01 -3.9957e-01  3.8469e+02  1.8978e+00 -3.8453e+02 -1.8880e+00
1.3617e+00     4.2719e+01  3.0356e-01 -4.2707e+01 -4.2491e-01  3.8634e+02  1.9099e+00 -3.8617e+02 -1.9037e+00
1.4000e+00     4.4736e+01  3.3809e-01 -4.4736e+01 -3.7627e-01  3.8801e+02  1.9222e+00 -3.8785e+02 -1.9191e+00
1.4383e+00     4.0554e+01  3.5318e-01 -4.0551e+01 -4.3591e-01  3.8964e+02  1.9354e+00 -3.8948e+02 -1.9346e+00
1.4767e+00     4.7705e+01  4.0978e-01 -4.7702e+01 -5.2842e-01  3.9133e+02  1.9500e+00 -3.9117e+02 -1.9531e+00
1.5150e+00     4.5770e+01  4.3651e-01 -4.5743e+01 -6.9978e-01  3.9312e+02  1.9662e+00 -3.9296e+02 -1.9766e+00
1.5533e+00     5.0401e+01  4.7813e-01 -5.0354e+01 -6.7951e-01  3.9496e+02  1.9837e+00 -3.9480e+02 -2.0030e+00
1.5917e+00     4.3670e+01  4.0049e-01 -4.3659e+01 -5.6378e-01  3.9676e+02  2.0005e+00 -3.9659e+02 -2.0268e+00
1.6300e+00     4.2843e+01  4.3447e-01 -4.2845e+01 -5.1829e-01  3.9842e+02  2.0165e+00 -3.9825e+02 -2.0475e+00
1.6683e+00     4.9338e+01  4.9932e-01 -4.9334e+01 -7.4658e-01  4.0018e+02  2.0343e+00 -4.0001e+02 -2.0717e+00
1.7067e+00     4.5645e+01  4.5483e-01 -4.5676e+01 -6.3190e-01  4.0200e+02  2.0526e+00 -4.0183e+02 -2.0980e+00
1.7450e+00     4.5710e+01  4.1883e-01 -4.5709e+01 -6.1852e-01  4.0375e+02  2.0693e+00 -4.0358e+02 -2.1220e+00
1.7833e+00     4.8001e+01  4.1458e-01 -4.8000e+01 -5.9693e-01  4.0554e+02  2.0853e+00 -4.0537e+02 -2.1452e+00
1.8217e+00     4.0015e+01  3.2084e-01 -4.0022e+01 -4.2730e-01  4.0722e+02  2.0993e+00 -4.0706e+02 -2.1648e+00
1.8600e+00     3.6558e+01  2.8898e-01 -3.6557e+01 -4.2679e-01  4.0869e+02  2.1110e+00 -4.0852e+02 -2.1812e+00
1.8983e+00     4.5170e+01  3.7228e-01 -4.5138e+01 -5.2419e-01  4.1025e+02  2.1237e+00 -4.1009e+02 -2.1994e+00
1.9367e+00     3.7436e+01  2.5175e-01 -3.7440e+01 -4.4344e-01  4.1183e+02  2.1356e+00 -4.1167e+02 -2.2179e+00
1.9750e+00     4.5435e+01  4.2612e-01 -4.5441e+01 -5.8714e-01  4.1342e+02  2.1486e+00 -4.1325e+02 -2.2376e+00
2.0133e+00     4.5151e+01  4.0549e-01 -4.5186e+01 -5.4521e-01  4.1515e+02  2.1645e+00 -4.1499e+02 -2.2593e+00
2.0517e+00     4.1104e+01  2.8601e-01 -4.1102e+01 -4.8908e-01  4.1680e+02  2.1777e+00 -4.1664e+02 -2.2791e+00
2.0900e+00     4.4386e+01  3.1876e-01 -4.4381e+01 -4.3570e-01  4.1844e+02  2.1893e+00 -4.1827e+02 -2.2968e+00
2.1283e+00     4.5255e+01  3.4939e-01 -4.5241e+01 -5.1140e-01  4.2015e+02  2.2021e+00 -4.1999e+02 -2.3149e+00
2.1667e+00     4.5751e+01  3.7397e-01 -4.5739e+01 -4.8762e-01  4.2190e+02  2.2159e+00 -4.2173e+02 -2.3340e+00
2.2050e+00     4.3083e+01  3.2818e-01 -4.3088e+01 -4.0261e-01  4.2360e+02  2.2293e+00 -4.2343e+02 -2.3510e+00
2.2433e+00     4.4840e+01  3.0717e-01 -4.4850e+01 -4.4334e-01  4.2528e+02  2.2415e+00 -4.2511e+02 -2.3672e+00
2.2817e+00     4.5415e+01  2.7250e-01 -4.5366e+01 -4.4450e-01  4.2701e+02  2.2526e+00 -4.2684e+02 -2.3842e+00
2.3200e+00     4.8518e+01  3.1655e-01 -4.8485e+01 -5.0575e-01  4.2880e+02  2.2639e+00 -4.2863e+02 -2.4024e+00
2.3583e+00     4.1335e+01  3.1675e-01 -4.1324e+01 -3.9629e-01  4.3052e+02  2.2760e+00 -4.3035e+02 -2.4196e+00
2.3967e+00     5.2245e+01  4.0105e-01 -5.2221e+01 -5.7003e-01  4.3231e+02  2.2897e+00 -4.3214e+02 -2.4381e+00
2.4350e+00     4.3711e+01  3.2658e-01 -4.3735e+01 -4.7789e-01  4.3415e+02  2.3036e+00 -4.3398e+02 -2.4582e+00
2.4733e+00     4.2522e+01  3.0751e-01 -4.2506e+01 -4.5321e-01  4.3580e+02  2.3158e+00 -4.3563e+02 -2.4760e+00
2.5117e+00     5.2341e+01  3.6291e-01 -5.2355e+01 -5.7784e-01  4.3761e+02  2.3286e+00 -4.3744e+02 -2.4957e+00
2.5500e+00     4.5515e+01  3.4236e-01 -4.5500e+01 -4.7805e-01  4.3949e+02  2.3421e+00 -4.3932e+02 -2.5159e+00
2.5883e+00     5.2598e+01  4.2026e-01 -5.2595e+01 -6.0254e-01  4.4136e+02  2.3567e+00 -4.4119e+02 -2.5366e+00
2.6267e+00     4.9149e+01  3.3129e-01 -4.9189e+01 -4.4574e-01  4.4331e+02  2.3711e+00 -4.4314e+02 -2.5567e+00
2.6650e+00     4.9433e+01  3.8010e-01 -4.9468e+01 -6.4954e-01  4.4520e+02  2.3847e+00 -4.4503e+02 -2.5776e+00
2.7033e+00     5.3263e+01  3.7002e-01 -5.3260e+01 -5.6334e-01  4.4716e+02  2.3990e+00 -4.4699e+02 -2.6008e+00
2.7417e+00     4.3916e+01  3.0833e-01 -4.3915e+01 -5.3109e-01  4.4902e+02  2.4120e+00 -4.4885e+02 -2.6218e+00
2.7800e+00     4.3690e+01  3.4319e-01 -4.3698e+01 -6.6601e-01  4.5070e+02  2.4245e+00 -4.5053e+02 -2.6447e+00
2.8183e+00     4.7579e+01  3.6476e-01 -4.7581e+01 -6.6036e-01  4.5244e+02  2.4380e+00 -4.5228e+02 -2.6701e+00
2.8567e+00     4.8565e+01  3.0998e-01 -4.8584e+01 -5.0711e-01  4.5428e+02  2.4509e+00 -4.5412e+02 -2.6924e+00
2.8950e+00     4.4865e+01  3.0942e-01 -4.4865e+01 -5.1305e-01  4.5607e+02  2.4628e+00 -4.5590e+02 -2.7119e+00
2.9333e+00     4.8249e+01  3.3787e-01 -4.8250e+01 -5.3269e-01  4.5785e+02  2.4752e+00 -4.5769e+02 -2.7319e+00
2.9717e+00     4.3444e+01  3.2908e-01 -4.3438e+01 -4.4921e-01  4.5961e+02  2.4879e+00 -4.5944e+02 -2.7507e+00
3.0100e+00     4.6660e+01  3.3989e-01 -4.6654e+01 -5.4326e-01  4.6133e+02  2.5007e+00 -4.6116e+02 -2.7697e+00
3.0483e+00     4.4321e+01  3.0524e-01 -4.4322e+01 -5.6820e-01  4.6307e+02  2.5131e+00 -4.6290e+02 -2.7910e+00
3.0867e+00     4.4490e+01  3.0149e-01 -4.4488e+01 -5.0101e-01  4.6477e+02  2.5247e+00 -4.6460e+02 -2.8114e+00
3.1250e+00     5.0411e+01  3.3641e-01 -5.0425e+01 -5.6056e-01  4.6659e+02  2.5369e+00 -4.6642e+02 -2.8318e+00
3.1633e+00     4.1251e+01  3.0629e-01 -4.1254e+01 -5.1730e-01  4.6834e+02  2.5492e+00 -4.6817e+02 -2.8524e+00
3.2017e+00     4.8318e+01  3.6736e-01 -4.8315e+01 -7.1280e-01  4.7006e+02  2.5621e+00 -4.6989e+02 -2.8759e+00
3.2400e+00     4.5568e+01  3.3727e-01 -4.5566e+01 -6.1894e-01  4.7185e+02  2.5756e+00 -4.7168e+02 -2.9014e+00
3.2783e+00     4.6459e+01  3.2584e-01 -4.6463e+01 -6.0724e-01  4.7361e+02  2.5883e+00 -4.7345e+02 -2.9249e+00
3.3167e+00     4.2783e+01  2.9550e-01 -4.2781e+01 -5.7983e-01  4.7532e+02  2.6002e+00 -4.7515e+02 -2.9476e+00
3.3550e+00     4.3549e+01  3.0224e-01 -4.3548e+01 -5.0603e-01  4.7697e+02  2.6116e+00 -4.7681e+02 -2.9684e+00
3.3933e+00     4.2687e+01  2.7878e-01 -4.2687e+01 -5.1414e-01  4.7862e+02  2.6227e+00 -4.7846e+02 -2.9879e+00
3.4317e+00     4.4252e+01  3.4370e-01 -4.4256e+01 -6.1290e-01  4.8029e+02  2.6346e+00 -4.8012e+02 -3.0094e+00
3.4700e+00     4.5453e+01  3.8523e-01 -4.5446e+01 -6.7012e-01  4.8200e+02  2.6486e+00 -4.8184e+02 -3.0340e+00
3.5083e+00     4.5113e+01  3.5606e-01 -4.5113e+01 -5.9487e-01  4.8374e+02  2.6627e+00 -4.8357e+02 -3.0582e+00
3.5467e+00     4.0777e+01  3.3244e-01 -4.0778e+01 -5.1441e-01  4.8538e+02  2.6759e+00 -4.8521e+02 -3.0794e+00
3.5850e+00     4.2599e+01  3.8050e-01 -4.2594e+01 -6.5274e-01  4.8698e+02  2.6896e+00 -4.8681e+02 -3.1018e+00
3.6233e+00     3.8644e+01  3.3594e-01 -3.8643e+01 -6.2621e-01  4.8853e+02  2.7033e+00 -4.8836e+02 -3.1262e+00
3.6617e+00     4.0432e+01  3.6052e-01 -4.0435e+01 -6.4597e-01  4.9004e+02  2.7166e+00 -4.8987e+02 -3.1506e+00
3.7000e+00     3.9226e+01  3.4388e-01 -3.9225e+01 -6.3590e-01  4.9157e+02  2.7301e+00 -4.9140e+02 -3.1751e+00
3.7383e+00     4.3295e+01  3.5106e-01 -4.3296e+01 -6.6659e-01  4.9315e+02  2.7434e+00 -4.9298e+02 -3.2000e+00
3.7767e+00     4.6094e+01  4.0902e-01 -4.6093e+01 -7.8295e-01  4.9486e+02  2.7579e+00 -4.9469e+02 -3.2278e+00
3.8150e+00     4.5284e+01  3.6265e-01 -4.5280e+01 -7.3515e-01  4.9661e+02  2.7727e+00 -4.9644e+02 -3.2568e+00
3.8533e+00     4.3365e+01  3.6453e-01 -4.3365e+01 -7.6659e-01  4.9830e+02  2.7866e+00 -4.9813e+02 -3.2855e+00
3.8917e+00     4.2308e+01  3.6551e-01 -4.2309e+01 -7.0274e-01  4.9994e+02  2.8006e+00 -4.9977e+02 -3.3137e+00
3.9300e+00     4.1118e+01  4.0638e-01 -4.1116e+01 -7.0024e-01  5.0154e+02  2.8153e+00 -5.0137e+02 -3.3405e+00
3.9683e+00     3.4054e+01  3.0651e-01 -3.4053e+01 -5.5231e-01  5.0298e+02  2.8290e+00 -5.0281e+02 -3.3645e+00
4.0067e+00     4.1706e+01  3.7977e-01 -4.1707e+01 -6.5998e-01  5.0443e+02  2.8421e+00 -5.0426e+02 -3.3877e+00
4.0450e+00     4.0468e+01  3.4154e-01 -4.0467e+01 -5.9848e-01  5.0600e+02  2.8559e+00 -5.0583e+02 -3.4117e+00
4.0833e+00     3.9464e+01  3.4838e-01 -3.9464e+01 -5.8649e-01  5.0753e+02  2.8691e+00 -5.0736e+02 -3.4344e+00
4.1217e+00     3.8084e+01  3.4016e-01 -3.8087e+01 -6.5277e-01  5.0901e+02  2.8823e+00 -5.0884e+02 -3.4581e+00
4.1600e+00     3.9007e+01  3.5782e-01 -3.9008e+01 -7.6369e-01  5.1049e+02  2.8956e+00 -5.1032e+02 -3.4852e+00
4.1983e+00     3.8906e+01  3.0406e-01 -3.8905e+01 -6.7085e-01  5.1198e+02  2.9083e+00 -5.1181e+02 -3.5127e+00
4.2367e+00     2.9068e+01  3.0584e-01 -2.9066e+01 -5.3829e-01  5.1328e+02  2.9200e+00 -5.1311e+02 -3.5358e+00
4.2750e+00     3.1531e+01  3.3584e-01 -3.1530e+01 -5.5235e-01  5.1444e+02  2.9323e+00 -5.1427e+02 -3.5567e+00
4.3133e+00     9.1240e+00  1.0034e-01 -9.1243e+00 -2.0179e-01  5.1522e+02  2.9406e+00 -5.1505e+02 -3.5711e+00
4.3517e+00     3.5193e+00  5.1379e-02 -3.5207e+00 -7.4445e-02  5.1546e+02  2.9435e+00 -5.1529e+02 -3.5764e+00
4.3900e+00     4.8680e-01  8.0521e-03 -4.8693e-01 -9.4087e-03  5.1553e+02  2.9446e+00 -5.1537e+02 -3.5780e+00
4.4283e+00     0.0000e+00  0.0000e+00 -0.0000e+00 -0.0000e+00  5.1554e+02  2.9448e+00 -5.1537e+02 -3.5782e+00
4.4667e+00     0.0000e+00  0.0000e+00 -0.0000e+00 -0.0000e+00  5.1554e+02  2.9448e+00 -5.1537e+02 -3.5782e+00
4.5050e+00     0.0000e+00  0.0000e+00 -0.0000e+00 -0.0000e+00  5.1554e+02  2.9448e+00 -5.1537e+02 -3.5782e+00
4.5433e+00     0.0000e+00  0.0000e+00 -0.0000e+00 -0.0000e+00  5.1554e+02  2.9448e+00 -5.1537e+02 -3.5782e+00
4.5817e+00     0.0000e+00  0.0000e+00 -0.0000e+00 -0.0000e+00  5.1554e+02  2.9448e+00 -5.1537e+02 -3.5782e+00
4.6200e+00     0.0000e+00  0.0000e+00 -0.0000e+00 -0.0000e+00  5.1554e+02  2.9448e+00 -5.1537e+02 -3.5782e+00
4.6583e+00     0.0000e+00  0.0000e+00 -0.0000e+00 -0.0000e+00  5.1554e+02  2.9448e+00 -5.1537e+02 -3.5782e+00
4.6967e+00     0.0000e+00  0.0000e+00 -0.0000e+00 -0.0000e+00  5.1554e+02  2.9448e+00 -5.1537e+02 -3.5782e+00
4.7350e+00     0.0000e+00  0.0000e+00 -0.0000e+00 -0.0000e+00  5.1554e+02  2.9448e+00 -5.1537e+02 -3.5782e+00
4.7733e+00     0.0000e+00  0.0000e+00 -0.0000e+00 -0.0000e+00  5.1554e+02  2.9448e+00 -5.1537e+02 -3.5782e+00
4.8117e+00     0.0000e+00  0.0000e+00 -0.0000e+00 -0.0000e+00  5.1554e+02  2.9448e+00 -5.1537e+02 -3.5782e+00
4.8500e+00     0.0000e+00  0.0000e+00 -0.0000e+00 -0.0000e+00  5.1554e+02  2.9448e+00 -5.1537e+02 -3.5782e+00
4.8883e+00     0.0000e+00  0.0000e+00 -0.0000e+00 -0.0000e+00  5.1554e+02  2.9448e+00 -5.1537e+02 -3.5782e+00
4.9267e+00     0.0000e+00  0.0000e+00 -0.0000e+00 -0.0000e+00  5.1554e+02  2.9448e+00 -5.1537e+02 -3.5782e+00
4.9650e+00     0.0000e+00  0.0000e+00 -0.0000e+00 -0.0000e+00  5.1554e+02  2.9448e+00 -5.1537e+02 -3.5782e+00
5.0033e+00     0.0000e+00  0.0000e+00 -0.0000e+00 -0.0000e+00  5.1554e+02  2.9448e+00 -5.1537e+02 -3.5782e+00
5.0417e+00     0.0000e+00  0.0000e+00 -0.0000e+00 -0.0000e+00  5.1554e+02  2.9448e+00 -5.1537e+02 -3.5782e+00
5.0800e+00     0.0000e+00  0.0000e+00 -0.0000e+00 -0.0000e+00  5.1554e+02  2.9448e+00 -5.1537e+02 -3.5782e+00
5.1183e+00     0.0000e+00  0.0000e+00 -0.0000e+00 -0.0000e+00  5.1554e+02  2.9448e+00 -5.1537e+02 -3.5782e+00
5.1567e+00     0.0000e+00  0.0000e+00 -0.0000e+00 -0.0000e+00  5.1554e+02  2.9448e+00 -5.1537e+02 -3.5782e+00
5.1950e+00     0.0000e+00  0.0000e+00 -0.0000e+00 -0.0000e+00  5.1554e+02  2.9448e+00 -5.1537e+02 -3.5782e+00
5.2333e+00     0.0000e+00  0.0000e+00 -0.0000e+00 -0.0000e+00  5.1554e+02  2.9448e+00 -5.1537e+02 -3.5782e+00
5.2717e+00     0.0000e+00  0.0000e+00 -0.0000e+00 -0.0000e+00  5.1554e+02  2.9448e+00 -5.1537e+02 -3.5782e+00
5.3100e+00     0.0000e+00  0.0000e+00 -0.0000e+00 -0.0000e+00  5.1554e+02  2.9448e+00 -5.1537e+02 -3.5782e+00
5.3483e+00     0.0000e+00  0.0000e+00 -0.0000e+00 -0.0000e+00  5.1554e+02  2.9448e+00 -5.1537e+02 -3.5782e+00
5.3867e+00     0.0000e+00  0.0000e+00 -0.0000e+00 -0.0000e+00  5.1554e+02  2.9448e+00 -5.1537e+02 -3.5782e+00
5.4250e+00     0.0000e+00  0.0000e+00 -0.0000e+00 -0.0000e+00  5.1554e+02  2.9448e+00 -5.1537e+02 -3.5782e+00
5.4633e+00     0.0000e+00  0.0000e+00 -0.0000e+00 -0.0000e+00  5.1554e+02  2.9448e+00 -5.1537e+02 -3.5782e+00
5.5017e+00     0.0000e+00  0.0000e+00 -0.0000e+00 -0.0000e+00  5.1554e+02  2.9448e+00 -5.1537e+02 -3.5782e+00
5.5400e+00     0.0000e+00  0.0000e+00 -0.0000e+00 -0.0000e+00  5.1554e+02  2.9448e+00 -5.1537e+02 -3.5782e+00
5.5783e+00     0.0000e+00  0.0000e+00 -0.0000e+00 -0.0000e+00  5.1554e+02  2.9448e+00 -5.1537e+02 -3.5782e+00
5.6167e+00     0.0000e+00  0.0000e+00 -0.0000e+00 -0.0000e+00  5.1554e+02  2.9448e+00 -5.1537e+02 -3.5782e+00
5.6550e+00     0.0000e+00  0.0000e+00 -0.0000e+00 -0.0000e+00  5.1554e+02  2.9448e+00 -5.1537e+02 -3.5782e+00
5.6933e+00     0.0000e+00  0.0000e+00 -0.0000e+00 -0.0000e+00  5.1554e+02  2.9448e+00 -5.1537e+02 -3.5782e+00
5.7317e+00     0.0000e+00  0.0000e+00 -0.0000e+00 -0.0000e+00  5.1554e+02  2.9448e+00 -5.1537e+02 -3.5782e+00
5.7700e+00     0.0000e+00  0.0000e+00 -0.0000e+00 -0.0000e+00  5.1554e+02  2.9448e+00 -5.1537e+02 -3.5782e+00
5.8083e+00     0.0000e+00  0.0000e+00 -0.0000e+00 -0.0000e+00  5.1554e+02  2.9448e+00 -5.1537e+02 -3.5782e+00
5.8467e+00     0.0000e+00  0.0000e+00 -0.0000e+00 -0.0000e+00  5.1554e+02  2.9448e+00 -5.1537e+02 -3.5782e+00
5.8850e+00     0.0000e+00  0.0000e+00 -0.0000e+00 -0.0000e+00  5.1554e+02  2.9448e+00 -5.1537e+02 -3.5782e+00
5.9233e+00     0.0000e+00  0.0000e+00 -0.0000e+00 -0.0000e+00  5.1554e+02  2.9448e+00 -5.1537e+02 -3.5782e+00
5.9617e+00     0.0000e+00  0.0000e+00 -0.0000e+00 -0.0000e+00  5.1554e+02  2.9448e+00 -5.1537e+02 -3.5782e+00
