-2.0000e+01     0.0000e+00  0.0000e+00 -0.0000e+00 -0.0000e+00  0.0000e+00  0.0000e+00 -0.0000e+00 -0.0000e+00
-1.9958e+01     0.0000e+00  0.0000e+00 -0.0000e+00 -0.0000e+00  0.0000e+00  0.0000e+00 -0.0000e+00 -0.0000e+00
-1.9917e+01     0.0000e+00  0.0000e+00 -0.0000e+00 -0.0000e+00  0.0000e+00  0.0000e+00 -0.0000e+00 -0.0000e+00
-1.9875e+01     0.0000e+00  0.0000e+00 -0.0000e+00 -0.0000e+00  0.0000e+00  0.0000e+00 -0.0000e+00 -0.0000e+00
-1.9833e+01     0.0000e+00  0.0000e+00 -0.0000e+00 -0.0000e+00  0.0000e+00  0.0000e+00 -0.0000e+00 -0.0000e+00
-1.9792e+01     0.0000e+00  0.0000e+00 -0.0000e+00 -0.0000e+00  0.0000e+00  0.0000e+00 -0.0000e+00 -0.0000e+00
-1.9750e+01     0.0000e+00  0.0000e+00 -0.0000e+00 -0.0000e+00  0.0000e+00  0.0000e+00 -0.0000e+00 -0.0000e+00
-1.9708e+01     0.0000e+00  0.0000e+00 -0.0000e+00 -0.0000e+00  0.0000e+00  0.0000e+00 -0.0000e+00 -0.0000e+00
-1.9667e+01     0.0000e+00  0.0000e+00 -0.0000e+00 -0.0000e+00  0.0000e+00  0.0000e+00 -0.0000e+00 -0.0000e+00
-1.9625e+01     0.0000e+00  0.0000e+00 -0.0000e+00 -0.0000e+00  0.0000e+00  0.0000e+00 -0.0000e+00 -0.0000e+00
-1.9583e+01     0.0000e+00  0.0000e+00 -0.0000e+00 -0.0000e+00  0.0000e+00  0.0000e+00 -0.0000e+00 -0.0000e+00
-1.9542e+01     0.0000e+00  0.0000e+00 -0.0000e+00 -0.0000e+00  0.0000e+00  0.0000e+00 -0.0000e+00 -0.0000e+00
-1.9500e+01     0.0000e+00  0.0000e+00 -0.0000e+00 -0.0000e+00  0.0000e+00  0.0000e+00 -0.0000e+00 -0.0000e+00
-1.9458e+01     0.0000e+00  0.0000e+00 -0.0000e+00 -0.0000e+00  0.0000e+00  0.0000e+00 -0.0000e+00 -0.0000e+00
-1.9417e+01     0.0000e+00  0.0000e+00 -0.0000e+00 -0.0000e+00  0.0000e+00  0.0000e+00 -0.0000e+00 -0.0000e+00
-1.9375e+01     0.0000e+00  0.0000e+00 -0.0000e+00 -0.0000e+00  0.0000e+00  0.0000e+00 -0.0000e+00 -0.0000e+00
-1.9333e+01     0.0000e+00  0.0000e+00 -0.0000e+00 -0.0000e+00  0.0000e+00  0.0000e+00 -0.0000e+00 -0.0000e+00
-1.9292e+01     0.0000e+00  0.0000e+00 -0.0000e+00 -0.0000e+00  0.0000e+00  0.0000e+00 -0.0000e+00 -0.0000e+00
-1.9250e+01     0.0000e+00  0.0000e+00 -0.0000e+00 -0.0000e+00  0.0000e+00  0.0000e+00 -0.0000e+00 -0.0000e+00
-1.9208e+01     0.0000e+00  0.0000e+00 -0.0000e+00 -0.0000e+00  0.0000e+00  0.0000e+00 -0.0000e+00 -0.0000e+00
-1.9167e+01     0.0000e+00  0.0000e+00 -0.0000e+00 -0.0000e+00  0.0000e+00  0.0000e+00 -0.0000e+00 -0.0000e+00
-1.9125e+01     0.0000e+00  0.0000e+00 -0.0000e+00 -0.0000e+00  0.0000e+00  0.0000e+00 -0.0000e+00 -0.0000e+00
-1.9083e+01     0.0000e+00  0.0000e+00 -0.0000e+00 -0.0000e+00  0.0000e+00  0.0000e+00 -0.0000e+00 -0.0000e+00
-1.9042e+01     0.0000e+00  0.0000e+00 -0.0000e+00 -0.0000e+00  0.0000e+00  0.0000e+00 -0.0000e+00 -0.0000e+00
-1.9000e+01     0.0000e+00  0.0000e+00 -0.0000e+00 -0.0000e+00  0.0000e+00  0.0000e+00 -0.0000e+00 -0.0000e+00
-1.8958e+01     0.0000e+00  0.0000e+00 -0.0000e+00 -0.0000e+00  0.0000e+00  0.0000e+00 -0.0000e+00 -0.0000e+00
-1.8917e+01     0.0000e+00  0.0000e+00 -0.0000e+00 -0.0000e+00  0.0000e+00  0.0000e+00 -0.0000e+00 -0.0000e+00
-1.8875e+01     0.0000e+00  0.0000e+00 -0.0000e+00 -0.0000e+00  0.0000e+00  0.0000e+00 -0.0000e+00 -0.0000e+00
-1.8833e+01     0.0000e+00  0.0000e+00 -0.0000e+00 -0.0000e+00  0.0000e+00  0.0000e+00 -0.0000e+00 -0.0000e+00
-1.8792e+01     0.0000e+00  0.0000e+00 -0.0000e+00 -0.0000e+00  0.0000e+00  0.0000e+00 -0.0000e+00 -0.0000e+00
-1.8750e+01     0.0000e+00  0.0000e+00 -0.0000e+00 -0.0000e+00  0.0000e+00  0.0000e+00 -0.0000e+00 -0.0000e+00
-1.8708e+01     0.0000e+00  0.0000e+00 -0.0000e+00 -0.0000e+00  0.0000e+00  0.0000e+00 -0.0000e+00 -0.0000e+00
-1.8667e+01     0.0000e+00  0.0000e+00 -0.0000e+00 -0.0000e+00  0.0000e+00  0.0000e+00 -0.0000e+00 -0.0000e+00
-1.8625e+01     0.0000e+00  0.0000e+00 -0.0000e+00 -0.0000e+00  0.0000e+00  0.0000e+00 -0.0000e+00 -0.0000e+00
-1.8583e+01     0.0000e+00  0.0000e+00 -0.0000e+00 -0.0000e+00  0.0000e+00  0.0000e+00 -0.0000e+00 -0.0000e+00
-1.8542e+01     0.0000e+00  0.0000e+00 -0.0000e+00 -0.0000e+00  0.0000e+00  0.0000e+00 -0.0000e+00 -0.0000e+00
-1.8500e+01     0.0000e+00  0.0000e+00 -0.0000e+00 -0.0000e+00  0.0000e+00  0.0000e+00 -0.0000e+00 -0.0000e+00
-1.8458e+01     0.0000e+00  0.0000e+00 -0.0000e+00 -0.0000e+00  0.0000e+00  0.0000e+00 -0.0000e+00 -0.0000e+00
-1.8417e+01     0.0000e+00  0.0000e+00 -0.0000e+00 -0.0000e+00  0.0000e+00  0.0000e+00 -0.0000e+00 -0.0000e+00
-1.8375e+01     0.0000e+00  0.0000e+00 -0.0000e+00 -0.0000e+00  0.0000e+00  0.0000e+00 -0.0000e+00 -0.0000e+00
-1.8333e+01     0.0000e+00  0.0000e+00 -0.0000e+00 -0.0000e+00  0.0000e+00  0.0000e+00 -0.0000e+00 -0.0000e+00
-1.8292e+01     0.0000e+00  0.0000e+00 -0.0000e+00 -0.0000e+00  0.0000e+00  0.0000e+00 -0.0000e+00 -0.0000e+00
-1.8250e+01     0.0000e+00  0.0000e+00 -0.0000e+00 -0.0000e+00  0.0000e+00  0.0000e+00 -0.0000e+00 -0.0000e+00
-1.8208e+01     0.0000e+00  0.0000e+00 -0.0000e+00 -0.0000e+00  0.0000e+00  0.0000e+00 -0.0000e+00 -0.0000e+00
-1.8167e+01     0.0000e+00  0.0000e+00 -0.0000e+00 -0.0000e+00  0.0000e+00  0.0000e+00 -0.0000e+00 -0.0000e+00
-1.8125e+01     0.0000e+00  0.0000e+00 -0.0000e+00 -0.0000e+00  0.0000e+00  0.0000e+00 -0.0000e+00 -0.0000e+00
-1.8083e+01     0.0000e+00  0.0000e+00 -0.0000e+00 -0.0000e+00  0.0000e+00  0.0000e+00 -0.0000e+00 -0.0000e+00
-1.8042e+01     0.0000e+00  0.0000e+00 -0.0000e+00 -0.0000e+00  0.0000e+00  0.0000e+00 -0.0000e+00 -0.0000e+00
-1.8000e+01     0.0000e+00  0.0000e+00 -0.0000e+00 -0.0000e+00  0.0000e+00  0.0000e+00 -0.0000e+00 -0.0000e+00
-1.7958e+01     0.0000e+00  0.0000e+00 -0.0000e+00 -0.0000e+00  0.0000e+00  0.0000e+00 -0.0000e+00 -0.0000e+00
-1.7917e+01     0.0000e+00  0.0000e+00 -0.0000e+00 -0.0000e+00  0.0000e+00  0.0000e+00 -0.0000e+00 -0.0000e+00
-1.7875e+01     0.0000e+00  0.0000e+00 -0.0000e+00 -0.0000e+00  0.0000e+00  0.0000e+00 -0.0000e+00 -0.0000e+00
-1.7833e+01     0.0000e+00  0.0000e+00 -0.0000e+00 -0.0000e+00  0.0000e+00  0.0000e+00 -0.0000e+00 -0.0000e+00
-1.7792e+01     0.0000e+00  0.0000e+00 -0.0000e+00 -0.0000e+00  0.0000e+00  0.0000e+00 -0.0000e+00 -0.0000e+00
-1.7750e+01     0.0000e+00  0.0000e+00 -0.0000e+00 -0.0000e+00  0.0000e+00  0.0000e+00 -0.0000e+00 -0.0000e+00
-1.7708e+01     0.0000e+00  0.0000e+00 -0.0000e+00 -0.0000e+00  0.0000e+00  0.0000e+00 -0.0000e+00 -0.0000e+00
-1.7667e+01     0.0000e+00  0.0000e+00 -0.0000e+00 -0.0000e+00  0.0000e+00  0.0000e+00 -0.0000e+00 -0.0000e+00
-1.7625e+01     0.0000e+00  0.0000e+00 -0.0000e+00 -0.0000e+00  0.0000e+00  0.0000e+00 -0.0000e+00 -0.0000e+00
-1.7583e+01     0.0000e+00  0.0000e+00 -0.0000e+00 -0.0000e+00  0.0000e+00  0.0000e+00 -0.0000e+00 -0.0000e+00
-1.7542e+01     0.0000e+00  0.0000e+00 -0.0000e+00 -0.0000e+00  0.0000e+00  0.0000e+00 -0.0000e+00 -0.0000e+00
-1.7500e+01     0.0000e+00  0.0000e+00 -0.0000e+00 -0.0000e+00  0.0000e+00  0.0000e+00 -0.0000e+00 -0.0000e+00
-1.7458e+01     0.0000e+00  0.0000e+00 -0.0000e+00 -0.0000e+00  0.0000e+00  0.0000e+00 -0.0000e+00 -0.0000e+00
-1.7417e+01     0.0000e+00  0.0000e+00 -0.0000e+00 -0.0000e+00  0.0000e+00  0.0000e+00 -0.0000e+00 -0.0000e+00
-1.7375e+01     0.0000e+00  0.0000e+00 -0.0000e+00 -0.0000e+00  0.0000e+00  0.0000e+00 -0.0000e+00 -0.0000e+00
-1.7333e+01     0.0000e+00  0.0000e+00 -0.0000e+00 -0.0000e+00  0.0000e+00  0.0000e+00 -0.0000e+00 -0.0000e+00
-1.7292e+01     0.0000e+00  0.0000e+00 -0.0000e+00 -0.0000e+00  0.0000e+00  0.0000e+00 -0.0000e+00 -0.0000e+00
-1.7250e+01     0.0000e+00  0.0000e+00 -0.0000e+00 -0.0000e+00  0.0000e+00  0.0000e+00 -0.0000e+00 -0.0000e+00
-1.7208e+01     0.0000e+00  0.0000e+00 -0.0000e+00 -0.0000e+00  0.0000e+00  0.0000e+00 -0.0000e+00 -0.0000e+00
-1.7167e+01     0.0000e+00  0.0000e+00 -0.0000e+00 -0.0000e+00  0.0000e+00  0.0000e+00 -0.0000e+00 -0.0000e+00
-1.7125e+01     0.0000e+00  0.0000e+00 -0.0000e+00 -0.0000e+00  0.0000e+00  0.0000e+00 -0.0000e+00 -0.0000e+00
-1.7083e+01     0.0000e+00  0.0000e+00 -0.0000e+00 -0.0000e+00  0.0000e+00  0.0000e+00 -0.0000e+00 -0.0000e+00
-1.7042e+01     0.0000e+00  0.0000e+00 -0.0000e+00 -0.0000e+00  0.0000e+00  0.0000e+00 -0.0000e+00 -0.0000e+00
-1.7000e+01     0.0000e+00  0.0000e+00 -0.0000e+00 -0.0000e+00  0.0000e+00  0.0000e+00 -0.0000e+00 -0.0000e+00
-1.6958e+01     0.0000e+00  0.0000e+00 -0.0000e+00 -0.0000e+00  0.0000e+00  0.0000e+00 -0.0000e+00 -0.0000e+00
-1.6917e+01     0.0000e+00  0.0000e+00 -0.0000e+00 -0.0000e+00  0.0000e+00  0.0000e+00 -0.0000e+00 -0.0000e+00
-1.6875e+01     0.0000e+00  0.0000e+00 -0.0000e+00 -0.0000e+00  0.0000e+00  0.0000e+00 -0.0000e+00 -0.0000e+00
-1.6833e+01     0.0000e+00  0.0000e+00 -0.0000e+00 -0.0000e+00  0.0000e+00  0.0000e+00 -0.0000e+00 -0.0000e+00
-1.6792e+01     0.0000e+00  0.0000e+00 -0.0000e+00 -0.0000e+00  0.0000e+00  0.0000e+00 -0.0000e+00 -0.0000e+00
-1.6750e+01     0.0000e+00  0.0000e+00 -0.0000e+00 -0.0000e+00  0.0000e+00  0.0000e+00 -0.0000e+00 -0.0000e+00
-1.6708e+01     0.0000e+00  0.0000e+00 -0.0000e+00 -0.0000e+00  0.0000e+00  0.0000e+00 -0.0000e+00 -0.0000e+00
-1.6667e+01     0.0000e+00  0.0000e+00 -0.0000e+00 -0.0000e+00  0.0000e+00  0.0000e+00 -0.0000e+00 -0.0000e+00
-1.6625e+01     0.0000e+00  0.0000e+00 -0.0000e+00 -0.0000e+00  0.0000e+00  0.0000e+00 -0.0000e+00 -0.0000e+00
-1.6583e+01     0.0000e+00  0.0000e+00 -0.0000e+00 -0.0000e+00  0.0000e+00  0.0000e+00 -0.0000e+00 -0.0000e+00
-1.6542e+01     0.0000e+00  0.0000e+00 -0.0000e+00 -0.0000e+00  0.0000e+00  0.0000e+00 -0.0000e+00 -0.0000e+00
-1.6500e+01     0.0000e+00  0.0000e+00 -0.0000e+00 -0.0000e+00  0.0000e+00  0.0000e+00 -0.0000e+00 -0.0000e+00
-1.6458e+01     0.0000e+00  0.0000e+00 -0.0000e+00 -0.0000e+00  0.0000e+00  0.0000e+00 -0.0000e+00 -0.0000e+00
-1.6417e+01     0.0000e+00  0.0000e+00 -0.0000e+00 -0.0000e+00  0.0000e+00  0.0000e+00 -0.0000e+00 -0.0000e+00
-1.6375e+01     0.0000e+00  0.0000e+00 -0.0000e+00 -0.0000e+00  0.0000e+00  0.0000e+00 -0.0000e+00 -0.0000e+00
-1.6333e+01     0.0000e+00  0.0000e+00 -0.0000e+00 -0.0000e+00  0.0000e+00  0.0000e+00 -0.0000e+00 -0.0000e+00
-1.6292e+01     0.0000e+00  0.0000e+00 -0.0000e+00 -0.0000e+00  0.0000e+00  0.0000e+00 -0.0000e+00 -0.0000e+00
-1.6250e+01     0.0000e+00  0.0000e+00 -0.0000e+00 -0.0000e+00  0.0000e+00  0.0000e+00 -0.0000e+00 -0.0000e+00
-1.6208e+01     0.0000e+00  0.0000e+00 -0.0000e+00 -0.0000e+00  0.0000e+00  0.0000e+00 -0.0000e+00 -0.0000e+00
-1.6167e+01     0.0000e+00  0.0000e+00 -0.0000e+00 -0.0000e+00  0.0000e+00  0.0000e+00 -0.0000e+00 -0.0000e+00
-1.6125e+01     0.0000e+00  0.0000e+00 -0.0000e+00 -0.0000e+00  0.0000e+00  0.0000e+00 -0.0000e+00 -0.0000e+00
-1.6083e+01     0.0000e+00  0.0000e+00 -0.0000e+00 -0.0000e+00  0.0000e+00  0.0000e+00 -0.0000e+00 -0.0000e+00
-1.6042e+01     0.0000e+00  0.0000e+00 -0.0000e+00 -0.0000e+00  0.0000e+00  0.0000e+00 -0.0000e+00 -0.0000e+00
-1.6000e+01     0.0000e+00  0.0000e+00 -0.0000e+00 -0.0000e+00  0.0000e+00  0.0000e+00 -0.0000e+00 -0.0000e+00
-1.5958e+01     0.0000e+00  0.0000e+00 -0.0000e+00 -0.0000e+00  0.0000e+00  0.0000e+00 -0.0000e+00 -0.0000e+00
-1.5917e+01     0.0000e+00  0.0000e+00 -0.0000e+00 -0.0000e+00  0.0000e+00  0.0000e+00 -0.0000e+00 -0.0000e+00
-1.5875e+01     0.0000e+00  0.0000e+00 -0.0000e+00 -0.0000e+00  0.0000e+00  0.0000e+00 -0.0000e+00 -0.0000e+00
-1.5833e+01     0.0000e+00  0.0000e+00 -0.0000e+00 -0.0000e+00  0.0000e+00  0.0000e+00 -0.0000e+00 -0.0000e+00
-1.5792e+01     0.0000e+00  0.0000e+00 -0.0000e+00 -0.0000e+00  0.0000e+00  0.0000e+00 -0.0000e+00 -0.0000e+00
-1.5750e+01     0.0000e+00  0.0000e+00 -0.0000e+00 -0.0000e+00  0.0000e+00  0.0000e+00 -0.0000e+00 -0.0000e+00
-1.5708e+01     4.2471e-02  1.2064e-03 -4.2471e-02 -1.2064e-03  8.8335e-04  2.5092e-05 -8.8335e-04 -2.5092e-05
-1.5667e+01     2.7915e-01  7.9513e-03 -2.7915e-01 -7.9513e-03  7.5727e-03  2.1556e-04 -7.5727e-03 -2.1556e-04
-1.5625e+01     5.4463e-01  1.5551e-02 -5.4463e-01 -1.5551e-02  2.4706e-02  7.0437e-04 -2.4706e-02 -7.0437e-04
-1.5583e+01     8.2373e-01  2.3527e-02 -8.2373e-01 -2.3527e-02  5.3166e-02  1.5171e-03 -5.3166e-02 -1.5171e-03
-1.5542e+01     8.3207e-01  2.2309e-02 -8.3207e-01 -2.2309e-02  8.7605e-02  2.4705e-03 -8.7605e-02 -2.4705e-03
-1.5500e+01     7.7606e-01  1.9228e-02 -7.7606e-01 -1.9228e-02  1.2105e-01  3.3344e-03 -1.2105e-01 -3.3344e-03
-1.5458e+01     7.7481e-01  1.7503e-02 -7.7481e-01 -1.7503e-02  1.5331e-01  4.0983e-03 -1.5331e-01 -4.0983e-03
-1.5417e+01     1.5516e+00  2.5749e-02 -1.5516e+00 -2.5749e-02  2.0169e-01  4.9979e-03 -2.0169e-01 -4.9979e-03
-1.5375e+01     2.4374e+00  3.4939e-02 -2.4374e+00 -3.4939e-02  2.8466e-01  6.2601e-03 -2.8466e-01 -6.2601e-03
-1.5333e+01     2.9772e+00  4.1833e-02 -2.9772e+00 -4.1833e-02  3.9728e-01  7.8568e-03 -3.9728e-01 -7.8568e-03
-1.5292e+01     2.6420e+00  4.4239e-02 -2.6420e+00 -4.4239e-02  5.1415e-01  9.6470e-03 -5.1415e-01 -9.6470e-03
-1.5250e+01     2.3905e+00  4.7686e-02 -2.3905e+00 -4.7686e-02  6.1882e-01  1.1559e-02 -6.1882e-01 -1.1559e-02
-1.5208e+01     2.3929e+00  5.0715e-02 -2.3929e+00 -5.0715e-02  7.1830e-01  1.3606e-02 -7.1830e-01 -1.3606e-02
-1.5167e+01     2.3592e+00  4.7233e-02 -2.3592e+00 -4.7233e-02  8.1714e-01  1.5643e-02 -8.1714e-01 -1.5643e-02
-1.5125e+01     2.8889e+00  4.9917e-02 -2.8889e+00 -4.9917e-02  9.2630e-01  1.7663e-02 -9.2630e-01 -1.7663e-02
-1.5083e+01     5.2136e+00  6.5794e-02 -5.2136e+00 -6.5794e-02  1.0948e+00  2.0070e-02 -1.0948e+00 -2.0070e-02
-1.5042e+01     5.7587e+00  7.3814e-02 -5.7587e+00 -7.3814e-02  1.3230e+00  2.2974e-02 -1.3230e+00 -2.2974e-02
-1.5000e+01     5.4311e+00  8.1640e-02 -5.4311e+00 -8.1640e-02  1.5558e+00  2.6207e-02 -1.5558e+00 -2.6207e-02
-1.4958e+01     7.5825e+00  1.0333e-01 -7.5825e+00 -1.0333e-01  1.8264e+00  3.0054e-02 -1.8264e+00 -3.0054e-02
-1.4917e+01     8.7371e+00  1.2473e-01 -8.7371e+00 -1.2473e-01  2.1658e+00  3.4797e-02 -2.1658e+00 -3.4797e-02
-1.4875e+01     9.4244e+00  1.6126e-01 -9.4244e+00 -1.6126e-01  2.5436e+00  4.0745e-02 -2.5436e+00 -4.0745e-02
-1.4833e+01     1.2166e+01  2.8099e-01 -1.2166e+01 -2.8099e-01  2.9926e+00  4.9943e-02 -2.9926e+00 -4.9943e-02
-1.4792e+01     1.0796e+01  2.1135e-01 -1.0796e+01 -2.1135e-01  3.4702e+00  6.0184e-02 -3.4702e+00 -6.0184e-02
-1.4750e+01     7.0358e+00  9.4028e-02 -7.0358e+00 -9.4028e-02  3.8411e+00  6.6535e-02 -3.8411e+00 -6.6535e-02
-1.4708e+01     5.7621e+00  8.1961e-02 -5.7621e+00 -8.1961e-02  4.1073e+00  7.0196e-02 -4.1073e+00 -7.0196e-02
-1.4667e+01     5.3687e+00  7.8548e-02 -5.3687e+00 -7.8548e-02  4.3388e+00  7.3534e-02 -4.3388e+00 -7.3534e-02
-1.4625e+01     6.3963e+00  8.7971e-02 -6.3963e+00 -8.7971e-02  4.5835e+00  7.6997e-02 -4.5835e+00 -7.6997e-02
-1.4583e+01     3.2971e+00  3.2446e-02 -3.2971e+00 -3.2446e-02  4.7851e+00  7.9502e-02 -4.7851e+00 -7.9502e-02
-1.4542e+01     3.9704e+00  4.3257e-02 -3.9704e+00 -4.3257e-02  4.9362e+00  8.1076e-02 -4.9362e+00 -8.1076e-02
-1.4500e+01     5.8349e+00  8.2369e-02 -5.8349e+00 -8.2369e-02  5.1402e+00  8.3689e-02 -5.1402e+00 -8.3689e-02
-1.4458e+01     4.1970e+00  6.7234e-02 -4.1970e+00 -6.7234e-02  5.3488e+00  8.6801e-02 -5.3488e+00 -8.6801e-02
-1.4417e+01     3.9039e+00  4.5177e-02 -3.9039e+00 -4.5177e-02  5.5173e+00  8.9139e-02 -5.5173e+00 -8.9139e-02
-1.4375e+01     3.1145e+00  3.6621e-02 -3.1145e+00 -3.6621e-02  5.6633e+00  9.0840e-02 -5.6633e+00 -9.0840e-02
-1.4333e+01     2.4163e+00  2.8245e-02 -2.4163e+00 -2.8245e-02  5.7783e+00  9.2189e-02 -5.7783e+00 -9.2189e-02
-1.4292e+01     4.3012e+00  4.2760e-02 -4.3012e+00 -4.2760e-02  5.9180e+00  9.3666e-02 -5.9180e+00 -9.3666e-02
-1.4250e+01     5.5648e+00  4.7638e-02 -5.5648e+00 -4.7638e-02  6.1232e+00  9.5546e-02 -6.1232e+00 -9.5546e-02
-1.4208e+01     6.6365e+00  5.8230e-02 -6.6365e+00 -5.8230e-02  6.3770e+00  9.7748e-02 -6.3770e+00 -9.7748e-02
-1.4167e+01     3.2576e+00  2.7281e-02 -3.2576e+00 -2.7281e-02  6.5828e+00  9.9527e-02 -6.5828e+00 -9.9527e-02
-1.4125e+01     4.2873e+00  3.2056e-02 -4.2873e+00 -3.2056e-02  6.7397e+00  1.0076e-01 -6.7397e+00 -1.0076e-01
-1.4083e+01     5.5724e+00  4.2954e-02 -5.5724e+00 -4.2954e-02  6.9448e+00  1.0232e-01 -6.9448e+00 -1.0232e-01
-1.4042e+01     6.8264e+00  4.8998e-02 -6.8264e+00 -4.8998e-02  7.2027e+00  1.0423e-01 -7.2027e+00 -1.0423e-01
-1.4000e+01     5.9737e+00  5.3475e-02 -5.9737e+00 -5.3475e-02  7.4689e+00  1.0636e-01 -7.4689e+00 -1.0636e-01
-1.3958e+01     4.8564e+00  3.6611e-02 -4.8564e+00 -3.6611e-02  7.6941e+00  1.0824e-01 -7.6941e+00 -1.0824e-01
-1.3917e+01     7.3380e+00  8.2642e-02 -7.3380e+00 -8.2642e-02  7.9478e+00  1.1072e-01 -7.9478e+00 -1.1072e-01
-1.3875e+01     6.4018e+00  7.7030e-02 -6.4018e+00 -7.7030e-02  8.2335e+00  1.1404e-01 -8.2335e+00 -1.1404e-01
-1.3833e+01     8.2947e+00  1.4588e-01 -8.2947e+00 -1.4588e-01  8.5392e+00  1.1868e-01 -8.5392e+00 -1.1868e-01
-1.3792e+01     7.8545e+00  1.3432e-01 -7.8545e+00 -1.3432e-01  8.8751e+00  1.2450e-01 -8.8751e+00 -1.2450e-01
-1.3750e+01     9.0857e+00  1.7755e-01 -9.0857e+00 -1.7755e-01  9.2274e+00  1.3099e-01 -9.2274e+00 -1.3099e-01
-1.3708e+01     7.6531e+00  1.5591e-01 -7.6531e+00 -1.5591e-01  9.5756e+00  1.3793e-01 -9.5756e+00 -1.3793e-01
-1.3667e+01     7.9837e+00  1.7174e-01 -7.9837e+00 -1.7174e-01  9.9008e+00  1.4474e-01 -9.9008e+00 -1.4474e-01
-1.3625e+01     9.8107e+00  1.8200e-01 -9.8107e+00 -1.8200e-01  1.0271e+01  1.5210e-01 -1.0271e+01 -1.5210e-01
-1.3583e+01     1.0549e+01  1.8703e-01 -1.0549e+01 -1.8703e-01  1.0694e+01  1.5977e-01 -1.0694e+01 -1.5977e-01
-1.3542e+01     6.1829e+00  7.6961e-02 -6.1829e+00 -7.6961e-02  1.1042e+01  1.6526e-01 -1.1042e+01 -1.6526e-01
-1.3500e+01     9.9851e+00  1.9648e-01 -9.9851e+00 -1.9648e-01  1.1379e+01  1.7095e-01 -1.1379e+01 -1.7095e-01
-1.3458e+01     6.4589e+00  9.0584e-02 -6.4589e+00 -9.0584e-02  1.1721e+01  1.7692e-01 -1.1721e+01 -1.7692e-01
-1.3417e+01     4.8297e+00  3.9841e-02 -4.8297e+00 -3.9841e-02  1.1955e+01  1.7963e-01 -1.1955e+01 -1.7963e-01
-1.3375e+01     5.2724e+00  4.1229e-02 -5.2724e+00 -4.1229e-02  1.2166e+01  1.8132e-01 -1.2166e+01 -1.8132e-01
-1.3333e+01     6.2046e+00  7.1023e-02 -6.2046e+00 -7.1023e-02  1.2404e+01  1.8365e-01 -1.2404e+01 -1.8365e-01
-1.3292e+01     4.9909e+00  4.9069e-02 -4.9909e+00 -4.9069e-02  1.2637e+01  1.8615e-01 -1.2637e+01 -1.8615e-01
-1.3250e+01     5.3725e+00  6.6113e-02 -5.3725e+00 -6.6113e-02  1.2853e+01  1.8855e-01 -1.2853e+01 -1.8855e-01
-1.3208e+01     6.2507e+00  7.1624e-02 -6.2507e+00 -7.1624e-02  1.3094e+01  1.9141e-01 -1.3094e+01 -1.9141e-01
-1.3167e+01     6.5667e+00  7.1021e-02 -6.5667e+00 -7.1021e-02  1.3361e+01  1.9438e-01 -1.3361e+01 -1.9438e-01
-1.3125e+01     6.9748e+00  6.4402e-02 -6.9748e+00 -6.4402e-02  1.3643e+01  1.9720e-01 -1.3643e+01 -1.9720e-01
-1.3083e+01     5.5187e+00  4.4517e-02 -5.5187e+00 -4.4517e-02  1.3902e+01  1.9946e-01 -1.3902e+01 -1.9946e-01
-1.3042e+01     5.6530e+00  4.4457e-02 -5.6530e+00 -4.4457e-02  1.4135e+01  2.0131e-01 -1.4135e+01 -2.0131e-01
-1.3000e+01     5.2563e+00  4.3595e-02 -5.2563e+00 -4.3595e-02  1.4362e+01  2.0314e-01 -1.4362e+01 -2.0314e-01
-1.2958e+01     4.0025e+00  4.1286e-02 -4.0025e+00 -4.1286e-02  1.4554e+01  2.0491e-01 -1.4554e+01 -2.0491e-01
-1.2917e+01     5.3218e+00  5.5499e-02 -5.3218e+00 -5.5499e-02  1.4748e+01  2.0692e-01 -1.4748e+01 -2.0692e-01
-1.2875e+01     6.1723e+00  6.5745e-02 -6.1723e+00 -6.5745e-02  1.4987e+01  2.0944e-01 -1.4987e+01 -2.0944e-01
-1.2833e+01     6.2100e+00  1.0786e-01 -6.2100e+00 -1.0786e-01  1.5245e+01  2.1305e-01 -1.5245e+01 -2.1305e-01
-1.2792e+01     7.0531e+00  1.6762e-01 -7.0531e+00 -1.6762e-01  1.5521e+01  2.1878e-01 -1.5521e+01 -2.1878e-01
-1.2750e+01     7.2789e+00  1.7930e-01 -7.2789e+00 -1.7930e-01  1.5819e+01  2.2600e-01 -1.5819e+01 -2.2600e-01
-1.2708e+01     7.6951e+00  1.8882e-01 -7.6951e+00 -1.8882e-01  1.6130e+01  2.3366e-01 -1.6130e+01 -2.3366e-01
-1.2667e+01     8.3402e+00  1.9868e-01 -8.3402e+00 -1.9868e-01  1.6464e+01  2.4172e-01 -1.6464e+01 -2.4172e-01
-1.2625e+01     7.8066e+00  1.7549e-01 -7.8066e+00 -1.7549e-01  1.6800e+01  2.4950e-01 -1.6800e+01 -2.4950e-01
-1.2583e+01     7.6577e+00  1.5841e-01 -7.6577e+00 -1.5841e-01  1.7121e+01  2.5644e-01 -1.7121e+01 -2.5644e-01
-1.2542e+01     7.3524e+00  1.3649e-01 -7.3524e+00 -1.3649e-01  1.7433e+01  2.6258e-01 -1.7433e+01 -2.6258e-01
-1.2500e+01     6.8017e+00  1.1822e-01 -6.8017e+00 -1.1822e-01  1.7728e+01  2.6787e-01 -1.7728e+01 -2.6787e-01
-1.2458e+01     6.7553e+00  1.0998e-01 -6.7553e+00 -1.0998e-01  1.8010e+01  2.7262e-01 -1.8010e+01 -2.7262e-01
-1.2417e+01     6.2931e+00  9.2104e-02 -6.2931e+00 -9.2104e-02  1.8281e+01  2.7682e-01 -1.8281e+01 -2.7682e-01
-1.2375e+01     5.5630e+00  7.3069e-02 -5.5630e+00 -7.3069e-02  1.8528e+01  2.8026e-01 -1.8528e+01 -2.8026e-01
-1.2333e+01     4.8848e+00  6.5149e-02 -4.8848e+00 -6.5149e-02  1.8745e+01  2.8313e-01 -1.8745e+01 -2.8313e-01
-1.2292e+01     4.4392e+00  5.9025e-02 -4.4392e+00 -5.9025e-02  1.8939e+01  2.8572e-01 -1.8939e+01 -2.8572e-01
-1.2250e+01     3.9263e+00  5.1184e-02 -3.9263e+00 -5.1184e-02  1.9113e+01  2.8801e-01 -1.9113e+01 -2.8801e-01
-1.2208e+01     3.5944e+00  4.7358e-02 -3.5944e+00 -4.7358e-02  1.9269e+01  2.9006e-01 -1.9269e+01 -2.9006e-01
-1.2167e+01     3.5827e+00  5.1882e-02 -3.5827e+00 -5.1882e-02  1.9419e+01  2.9212e-01 -1.9419e+01 -2.9212e-01
-1.2125e+01     3.8650e+00  6.4475e-02 -3.8650e+00 -6.4475e-02  1.9573e+01  2.9454e-01 -1.9573e+01 -2.9454e-01
-1.2083e+01     5.0343e+00  8.0062e-02 -5.0343e+00 -8.0062e-02  1.9759e+01  2.9755e-01 -1.9759e+01 -2.9755e-01
-1.2042e+01     5.3112e+00  6.7651e-02 -5.3112e+00 -6.7651e-02  1.9974e+01  3.0062e-01 -1.9974e+01 -3.0062e-01
-1.2000e+01     6.1384e+00  6.4619e-02 -6.1384e+00 -6.4619e-02  2.0212e+01  3.0337e-01 -2.0212e+01 -3.0337e-01
-1.1958e+01     9.3756e+00  9.6219e-02 -9.3756e+00 -9.6219e-02  2.0535e+01  3.0672e-01 -2.0535e+01 -3.0672e-01
-1.1917e+01     8.8203e+00  8.4151e-02 -8.8203e+00 -8.4151e-02  2.0913e+01  3.1047e-01 -2.0913e+01 -3.1047e-01
-1.1875e+01     9.0071e+00  1.1981e-01 -9.0071e+00 -1.1981e-01  2.1284e+01  3.1471e-01 -2.1284e+01 -3.1471e-01
-1.1833e+01     7.8639e+00  1.0911e-01 -7.8639e+00 -1.0911e-01  2.1635e+01  3.1947e-01 -2.1635e+01 -3.1947e-01
-1.1792e+01     1.0269e+01  2.1189e-01 -1.0269e+01 -2.1189e-01  2.2012e+01  3.2615e-01 -2.2012e+01 -3.2615e-01
-1.1750e+01     1.9933e+01  5.3874e-01 -1.9933e+01 -5.3874e-01  2.2640e+01  3.4176e-01 -2.2640e+01 -3.4176e-01
-1.1708e+01     2.8105e+01  9.1609e-01 -2.8105e+01 -9.1609e-01  2.3639e+01  3.7202e-01 -2.3639e+01 -3.7202e-01
-1.1667e+01     1.8720e+01  5.3804e-01 -1.8720e+01 -5.3804e-01  2.4613e+01  4.0226e-01 -2.4613e+01 -4.0226e-01
-1.1625e+01     1.6696e+01  4.1364e-01 -1.6696e+01 -4.1364e-01  2.5350e+01  4.2206e-01 -2.5350e+01 -4.2206e-01
-1.1583e+01     1.6177e+01  3.7535e-01 -1.6177e+01 -3.7535e-01  2.6033e+01  4.3847e-01 -2.6033e+01 -4.3847e-01
-1.1542e+01     1.3888e+01  3.9176e-01 -1.3888e+01 -3.9176e-01  2.6659e+01  4.5442e-01 -2.6659e+01 -4.5442e-01
-1.1500e+01     1.7718e+01  4.5441e-01 -1.7718e+01 -4.5441e-01  2.7316e+01  4.7202e-01 -2.7316e+01 -4.7202e-01
-1.1458e+01     1.1653e+01  1.9561e-01 -1.1653e+01 -1.9561e-01  2.7927e+01  4.8554e-01 -2.7927e+01 -4.8554e-01
-1.1417e+01     1.3882e+01  2.3410e-01 -1.3882e+01 -2.3410e-01  2.8458e+01  4.9448e-01 -2.8458e+01 -4.9448e-01
-1.1375e+01     1.5234e+01  2.8552e-01 -1.5234e+01 -2.8552e-01  2.9064e+01  5.0528e-01 -2.9064e+01 -5.0528e-01
-1.1333e+01     1.1325e+01  3.2456e-01 -1.1325e+01 -3.2456e-01  2.9616e+01  5.1797e-01 -2.9616e+01 -5.1797e-01
-1.1292e+01     1.7668e+01  7.5718e-01 -1.7668e+01 -7.5718e-01  3.0219e+01  5.4047e-01 -3.0219e+01 -5.4047e-01
-1.1250e+01     1.4902e+01  6.7279e-01 -1.4902e+01 -6.7279e-01  3.0896e+01  5.7021e-01 -3.0896e+01 -5.7021e-01
-1.1208e+01     1.4150e+01  2.8138e-01 -1.4150e+01 -2.8138e-01  3.1501e+01  5.9006e-01 -3.1501e+01 -5.9006e-01
-1.1167e+01     1.5820e+01  4.1090e-01 -1.5820e+01 -4.1090e-01  3.2124e+01  6.0446e-01 -3.2124e+01 -6.0446e-01
-1.1125e+01     1.5455e+01  3.6838e-01 -1.5455e+01 -3.6838e-01  3.2774e+01  6.2067e-01 -3.2774e+01 -6.2067e-01
-1.1083e+01     1.6246e+01  4.0743e-01 -1.6246e+01 -4.0743e-01  3.3434e+01  6.3680e-01 -3.3434e+01 -6.3680e-01
-1.1042e+01     1.0115e+01  2.0407e-01 -1.0115e+01 -2.0407e-01  3.3982e+01  6.4952e-01 -3.3982e+01 -6.4952e-01
-1.1000e+01     7.8359e+00  1.1812e-01 -7.8359e+00 -1.1812e-01  3.4355e+01  6.5622e-01 -3.4355e+01 -6.5622e-01
-1.0958e+01     4.0900e+00  5.3546e-02 -4.0900e+00 -5.3546e-02  3.4603e+01  6.5979e-01 -3.4603e+01 -6.5979e-01
-1.0917e+01     2.2515e+00  1.2556e-02 -2.2515e+00 -1.2556e-02  3.4735e+01  6.6117e-01 -3.4735e+01 -6.6117e-01
-1.0875e+01     2.1164e+00  1.0557e-02 -2.1164e+00 -1.0557e-02  3.4826e+01  6.6165e-01 -3.4826e+01 -6.6165e-01
-1.0833e+01     2.2597e+00  1.0480e-02 -2.2597e+00 -1.0480e-02  3.4917e+01  6.6208e-01 -3.4917e+01 -6.6208e-01
-1.0792e+01     2.1386e+00  9.5546e-03 -2.1386e+00 -9.5546e-03  3.5009e+01  6.6250e-01 -3.5009e+01 -6.6250e-01
-1.0750e+01     1.9913e+00  8.4747e-03 -1.9913e+00 -8.4747e-03  3.5095e+01  6.6288e-01 -3.5095e+01 -6.6288e-01
-1.0708e+01     1.8688e+00  7.6673e-03 -1.8688e+00 -7.6673e-03  3.5175e+01  6.6321e-01 -3.5175e+01 -6.6321e-01
-1.0667e+01     1.9032e+00  6.6616e-03 -1.9032e+00 -6.6616e-03  3.5253e+01  6.6351e-01 -3.5253e+01 -6.6351e-01
-1.0625e+01     1.9527e+00  5.6840e-03 -1.9527e+00 -5.6840e-03  3.5334e+01  6.6377e-01 -3.5334e+01 -6.6377e-01
-1.0583e+01     2.6088e+00  5.1014e-03 -2.6088e+00 -5.1014e-03  3.5428e+01  6.6399e-01 -3.5428e+01 -6.6399e-01
-1.0542e+01     4.8266e+00  5.6479e-03 -4.8266e+00 -5.6479e-03  3.5583e+01  6.6421e-01 -3.5583e+01 -6.6421e-01
-1.0500e+01     2.8875e+00  3.5771e-03 -2.8875e+00 -3.5771e-03  3.5744e+01  6.6441e-01 -3.5744e+01 -6.6441e-01
-1.0458e+01     3.2785e+00  3.1642e-03 -3.2785e+00 -3.1642e-03  3.5872e+01  6.6455e-01 -3.5872e+01 -6.6455e-01
-1.0417e+01     4.4967e+00  2.6525e-03 -4.4967e+00 -2.6525e-03  3.6033e+01  6.6467e-01 -3.6033e+01 -6.6467e-01
-1.0375e+01     7.4471e+00  2.2470e-03 -7.4471e+00 -2.2470e-03  3.6282e+01  6.6477e-01 -3.6282e+01 -6.6477e-01
-1.0333e+01     4.1632e+00  1.2476e-03 -4.1632e+00 -1.2476e-03  3.6523e+01  6.6484e-01 -3.6523e+01 -6.6484e-01
-1.0292e+01     4.1917e+00  1.3457e-03 -4.1917e+00 -1.3457e-03  3.6697e+01  6.6490e-01 -3.6697e+01 -6.6490e-01
-1.0250e+01     4.6234e+00  1.8321e-03 -4.6234e+00 -1.8321e-03  3.6880e+01  6.6496e-01 -3.6880e+01 -6.6496e-01
-1.0208e+01     4.6330e+00  1.7782e-03 -4.6330e+00 -1.7782e-03  3.7073e+01  6.6504e-01 -3.7073e+01 -6.6504e-01
-1.0167e+01     4.7727e+00  1.7512e-03 -4.7727e+00 -1.7512e-03  3.7269e+01  6.6511e-01 -3.7269e+01 -6.6511e-01
-1.0125e+01     3.8107e+00  1.5659e-03 -3.8107e+00 -1.5659e-03  3.7447e+01  6.6518e-01 -3.7447e+01 -6.6518e-01
-1.0083e+01     3.7943e+00  1.6532e-03 -3.7943e+00 -1.6532e-03  3.7605e+01  6.6525e-01 -3.7605e+01 -6.6525e-01
-1.0042e+01     5.4525e+00  2.8388e-03 -5.4525e+00 -2.8388e-03  3.7798e+01  6.6534e-01 -3.7798e+01 -6.6534e-01
-1.0000e+01     4.5319e+00  2.8208e-03 -4.5319e+00 -2.8208e-03  3.8005e+01  6.6546e-01 -3.8005e+01 -6.6546e-01
-9.9583e+00     3.6731e+00  2.7467e-03 -3.6731e+00 -2.7467e-03  3.8176e+01  6.6557e-01 -3.8176e+01 -6.6557e-01
-9.9167e+00     3.0048e+00  3.3928e-03 -3.0048e+00 -3.3928e-03  3.8315e+01  6.6570e-01 -3.8315e+01 -6.6570e-01
-9.8750e+00     4.4894e+00  6.3762e-03 -4.4894e+00 -6.3762e-03  3.8471e+01  6.6590e-01 -3.8471e+01 -6.6590e-01
-9.8333e+00     3.9442e+00  9.5690e-03 -3.9442e+00 -9.5690e-03  3.8646e+01  6.6624e-01 -3.8646e+01 -6.6624e-01
-9.7917e+00     4.4325e+00  1.2723e-02 -4.4325e+00 -1.2723e-02  3.8820e+01  6.6670e-01 -3.8820e+01 -6.6670e-01
-9.7500e+00     6.4735e+00  1.6618e-02 -6.4735e+00 -1.6618e-02  3.9047e+01  6.6731e-01 -3.9047e+01 -6.6731e-01
-9.7083e+00     6.0656e+00  2.2816e-02 -6.0656e+00 -2.2816e-02  3.9308e+01  6.6813e-01 -3.9308e+01 -6.6813e-01
-9.6667e+00     5.7867e+00  2.9362e-02 -5.7867e+00 -2.9362e-02  3.9554e+01  6.6922e-01 -3.9554e+01 -6.6922e-01
-9.6250e+00     5.1753e+00  2.8632e-02 -5.1753e+00 -2.8632e-02  3.9782e+01  6.7042e-01 -3.9782e+01 -6.7042e-01
-9.5833e+00     7.2117e+00  6.7994e-02 -7.2117e+00 -6.7994e-02  4.0040e+01  6.7243e-01 -4.0040e+01 -6.7243e-01
-9.5417e+00     7.8994e+00  7.2670e-02 -7.8994e+00 -7.2670e-02  4.0354e+01  6.7536e-01 -4.0354e+01 -6.7536e-01
-9.5000e+00     5.7467e+00  2.4392e-02 -5.7467e+00 -2.4392e-02  4.0638e+01  6.7738e-01 -4.0638e+01 -6.7738e-01
-9.4583e+00     3.8910e+00  1.9295e-02 -3.8910e+00 -1.9295e-02  4.0839e+01  6.7828e-01 -4.0839e+01 -6.7828e-01
-9.4167e+00     3.9269e+00  2.6627e-02 -3.9269e+00 -2.6627e-02  4.1001e+01  6.7924e-01 -4.1001e+01 -6.7924e-01
-9.3750e+00     3.3305e+00  3.1739e-02 -3.3305e+00 -3.1739e-02  4.1152e+01  6.8045e-01 -4.1152e+01 -6.8045e-01
-9.3333e+00     3.4180e+00  4.4021e-02 -3.4180e+00 -4.4021e-02  4.1293e+01  6.8203e-01 -4.1293e+01 -6.8203e-01
-9.2917e+00     3.9690e+00  5.8315e-02 -3.9690e+00 -5.8315e-02  4.1446e+01  6.8416e-01 -4.1446e+01 -6.8416e-01
-9.2500e+00     4.3700e+00  7.1667e-02 -4.3700e+00 -7.1667e-02  4.1620e+01  6.8686e-01 -4.1620e+01 -6.8686e-01
-9.2083e+00     8.7139e+00  3.0741e-01 -8.7139e+00 -3.0741e-01  4.1892e+01  6.9475e-01 -4.1892e+01 -6.9475e-01
-9.1667e+00     1.0530e+01  2.5196e-01 -1.0530e+01 -2.5196e-01  4.2292e+01  7.0638e-01 -4.2292e+01 -7.0638e-01
-9.1250e+00     1.3365e+01  3.6891e-01 -1.3365e+01 -3.6891e-01  4.2789e+01  7.1929e-01 -4.2789e+01 -7.1929e-01
-9.0833e+00     2.0581e+01  4.2321e-01 -2.0581e+01 -4.2321e-01  4.3495e+01  7.3577e-01 -4.3495e+01 -7.3577e-01
-9.0417e+00     1.8382e+01  4.4392e-01 -1.8382e+01 -4.4392e-01  4.4305e+01  7.5380e-01 -4.4305e+01 -7.5380e-01
-9.0000e+00     2.1846e+01  6.4984e-01 -2.1846e+01 -6.4984e-01  4.5142e+01  7.7655e-01 -4.5142e+01 -7.7655e-01
-8.9583e+00     1.7149e+01  5.2326e-01 -1.7149e+01 -5.2326e-01  4.5953e+01  8.0095e-01 -4.5953e+01 -8.0095e-01
-8.9167e+00     1.4317e+01  3.6775e-01 -1.4317e+01 -3.6775e-01  4.6608e+01  8.1948e-01 -4.6608e+01 -8.1948e-01
-8.8750e+00     1.6111e+01  4.3758e-01 -1.6111e+01 -4.3758e-01  4.7240e+01  8.3623e-01 -4.7240e+01 -8.3623e-01
-8.8333e+00     1.8143e+01  4.2184e-01 -1.8143e+01 -4.2184e-01  4.7953e+01  8.5411e-01 -4.7953e+01 -8.5411e-01
-8.7917e+00     2.1587e+01  6.7097e-01 -2.1587e+01 -6.7097e-01  4.8779e+01  8.7684e-01 -4.8779e+01 -8.7684e-01
-8.7500e+00     1.6100e+01  5.4713e-01 -1.6100e+01 -5.4713e-01  4.9563e+01  9.0217e-01 -4.9563e+01 -9.0217e-01
-8.7083e+00     1.7575e+01  5.9913e-01 -1.7575e+01 -5.9913e-01  5.0263e+01  9.2601e-01 -5.0263e+01 -9.2601e-01
-8.6667e+00     1.6965e+01  4.4587e-01 -1.6965e+01 -4.4587e-01  5.0982e+01  9.4775e-01 -5.0982e+01 -9.4775e-01
-8.6250e+00     1.3905e+01  4.8258e-01 -1.3905e+01 -4.8258e-01  5.1624e+01  9.6706e-01 -5.1624e+01 -9.6706e-01
-8.5833e+00     1.0149e+01  3.2511e-01 -1.0149e+01 -3.2511e-01  5.2124e+01  9.8386e-01 -5.2124e+01 -9.8386e-01
-8.5417e+00     9.6632e+00  3.4584e-01 -9.6632e+00 -3.4584e-01  5.2536e+01  9.9781e-01 -5.2536e+01 -9.9781e-01
-8.5000e+00     2.4277e+01  8.1101e-01 -2.4277e+01 -8.1101e-01  5.3242e+01  1.0219e+00 -5.3242e+01 -1.0219e+00
-8.4583e+00     1.5110e+01  4.8598e-01 -1.5110e+01 -4.8598e-01  5.4061e+01  1.0488e+00 -5.4061e+01 -1.0488e+00
-8.4167e+00     1.3586e+01  3.9566e-01 -1.3586e+01 -3.9566e-01  5.4658e+01  1.0672e+00 -5.4658e+01 -1.0672e+00
-8.3750e+00     1.8895e+01  5.5180e-01 -1.8895e+01 -5.5180e-01  5.5334e+01  1.0869e+00 -5.5334e+01 -1.0869e+00
-8.3333e+00     9.9443e+00  3.1453e-01 -9.9443e+00 -3.1453e-01  5.5934e+01  1.1049e+00 -5.5934e+01 -1.1049e+00
-8.2917e+00     1.4559e+01  4.4879e-01 -1.4559e+01 -4.4879e-01  5.6443e+01  1.1208e+00 -5.6443e+01 -1.1208e+00
-8.2500e+00     1.7576e+01  5.1691e-01 -1.7576e+01 -5.1691e-01  5.7112e+01  1.1409e+00 -5.7112e+01 -1.1409e+00
-8.2083e+00     2.1424e+01  6.8585e-01 -2.1424e+01 -6.8585e-01  5.7923e+01  1.1659e+00 -5.7923e+01 -1.1659e+00
-8.1667e+00     1.7918e+01  6.7174e-01 -1.7918e+01 -6.7174e-01  5.8741e+01  1.1941e+00 -5.8741e+01 -1.1941e+00
-8.1250e+00     1.4174e+01  5.3914e-01 -1.4174e+01 -5.3914e-01  5.9408e+01  1.2193e+00 -5.9408e+01 -1.2193e+00
-8.0833e+00     2.1923e+01  9.5784e-01 -2.1923e+01 -9.5784e-01  6.0159e+01  1.2504e+00 -6.0159e+01 -1.2504e+00
-8.0417e+00     2.4958e+01  8.3295e-01 -2.4958e+01 -8.3295e-01  6.1134e+01  1.2877e+00 -6.1134e+01 -1.2877e+00
-8.0000e+00     2.2704e+01  6.7458e-01 -2.2704e+01 -6.7458e-01  6.2126e+01  1.3190e+00 -6.2126e+01 -1.3190e+00
-7.9583e+00     1.5852e+01  4.2220e-01 -1.5852e+01 -4.2220e-01  6.2927e+01  1.3419e+00 -6.2927e+01 -1.3419e+00
-7.9167e+00     1.6492e+01  4.1503e-01 -1.6492e+01 -4.1503e-01  6.3600e+01  1.3593e+00 -6.3600e+01 -1.3593e+00
-7.8750e+00     1.8487e+01  4.4388e-01 -1.8487e+01 -4.4388e-01  6.4328e+01  1.3771e+00 -6.4328e+01 -1.3771e+00
-7.8333e+00     1.8249e+01  3.5540e-01 -1.8249e+01 -3.5540e-01  6.5092e+01  1.3938e+00 -6.5092e+01 -1.3938e+00
-7.7917e+00     1.6128e+01  3.0899e-01 -1.6128e+01 -3.0899e-01  6.5807e+01  1.4076e+00 -6.5807e+01 -1.4076e+00
-7.7500e+00     2.4151e+01  5.6733e-01 -2.4151e+01 -5.6733e-01  6.6644e+01  1.4258e+00 -6.6644e+01 -1.4258e+00
-7.7083e+00     2.5209e+01  6.5280e-01 -2.5209e+01 -6.5280e-01  6.7671e+01  1.4512e+00 -6.7671e+01 -1.4512e+00
-7.6667e+00     2.4371e+01  6.7420e-01 -2.4371e+01 -6.7420e-01  6.8702e+01  1.4788e+00 -6.8702e+01 -1.4788e+00
-7.6250e+00     1.7748e+01  4.0361e-01 -1.7748e+01 -4.0361e-01  6.9578e+01  1.5012e+00 -6.9578e+01 -1.5012e+00
-7.5833e+00     1.7108e+01  3.6571e-01 -1.7108e+01 -3.6571e-01  7.0303e+01  1.5172e+00 -7.0303e+01 -1.5172e+00
-7.5417e+00     2.4817e+01  6.2064e-01 -2.4817e+01 -6.2064e-01  7.1175e+01  1.5377e+00 -7.1175e+01 -1.5377e+00
-7.5000e+00     1.9408e+01  4.6944e-01 -1.9408e+01 -4.6944e-01  7.2095e+01  1.5604e+00 -7.2095e+01 -1.5604e+00
-7.4583e+00     1.8403e+01  3.7404e-01 -1.8403e+01 -3.7404e-01  7.2881e+01  1.5779e+00 -7.2881e+01 -1.5779e+00
-7.4167e+00     1.5206e+01  3.0622e-01 -1.5206e+01 -3.0622e-01  7.3580e+01  1.5921e+00 -7.3580e+01 -1.5921e+00
-7.3750e+00     1.5355e+01  2.7610e-01 -1.5355e+01 -2.7610e-01  7.4216e+01  1.6042e+00 -7.4216e+01 -1.6042e+00
-7.3333e+00     1.8700e+01  4.4453e-01 -1.8700e+01 -4.4453e-01  7.4924e+01  1.6192e+00 -7.4924e+01 -1.6192e+00
-7.2917e+00     2.1680e+01  5.0012e-01 -2.1680e+01 -5.0012e-01  7.5764e+01  1.6388e+00 -7.5764e+01 -1.6388e+00
-7.2500e+00     2.1979e+01  5.8713e-01 -2.1979e+01 -5.8713e-01  7.6672e+01  1.6614e+00 -7.6672e+01 -1.6614e+00
-7.2083e+00     2.2205e+01  5.9428e-01 -2.2205e+01 -5.9428e-01  7.7591e+01  1.6860e+00 -7.7591e+01 -1.6860e+00
-7.1667e+00     1.8540e+01  6.6313e-01 -1.8540e+01 -6.6313e-01  7.8439e+01  1.7122e+00 -7.8439e+01 -1.7122e+00
-7.1250e+00     2.4269e+01  1.0460e+00 -2.4269e+01 -1.0460e+00  7.9329e+01  1.7477e+00 -7.9329e+01 -1.7477e+00
-7.0833e+00     2.3219e+01  9.6709e-01 -2.3219e+01 -9.6709e-01  8.0317e+01  1.7896e+00 -8.0317e+01 -1.7896e+00
-7.0417e+00     1.7077e+01  5.4817e-01 -1.7077e+01 -5.4817e-01  8.1155e+01  1.8211e+00 -8.1155e+01 -1.8211e+00
-7.0000e+00     2.5465e+01  7.6360e-01 -2.5465e+01 -7.6360e-01  8.2040e+01  1.8484e+00 -8.2040e+01 -1.8484e+00
-6.9583e+00     1.7170e+01  5.5817e-01 -1.7170e+01 -5.5817e-01  8.2926e+01  1.8759e+00 -8.2926e+01 -1.8759e+00
-6.9167e+00     1.4916e+01  5.0810e-01 -1.4916e+01 -5.0810e-01  8.3594e+01  1.8980e+00 -8.3594e+01 -1.8980e+00
-6.8750e+00     1.6157e+01  5.4411e-01 -1.6157e+01 -5.4411e-01  8.4240e+01  1.9199e+00 -8.4240e+01 -1.9199e+00
-6.8333e+00     2.1808e+01  6.4349e-01 -2.1808e+01 -6.4349e-01  8.5030e+01  1.9446e+00 -8.5030e+01 -1.9446e+00
-6.7917e+00     1.8143e+01  5.0888e-01 -1.8143e+01 -5.0888e-01  8.5861e+01  1.9686e+00 -8.5861e+01 -1.9686e+00
-6.7500e+00     2.4685e+01  6.6997e-01 -2.4685e+01 -6.6997e-01  8.6751e+01  1.9931e+00 -8.6751e+01 -1.9931e+00
-6.7083e+00     2.0700e+01  5.6583e-01 -2.0700e+01 -5.6583e-01  8.7695e+01  2.0188e+00 -8.7695e+01 -2.0188e+00
-6.6667e+00     1.8095e+01  4.4843e-01 -1.8095e+01 -4.4843e-01  8.8502e+01  2.0399e+00 -8.8502e+01 -2.0399e+00
-6.6250e+00     1.5445e+01  4.1123e-01 -1.5445e+01 -4.1123e-01  8.9200e+01  2.0578e+00 -8.9200e+01 -2.0578e+00
-6.5833e+00     1.6243e+01  2.9154e-01 -1.6243e+01 -2.9154e-01  8.9859e+01  2.0724e+00 -8.9859e+01 -2.0724e+00
-6.5417e+00     1.7618e+01  3.9000e-01 -1.7618e+01 -3.9000e-01  9.0563e+01  2.0866e+00 -9.0563e+01 -2.0866e+00
-6.5000e+00     2.2023e+01  5.3843e-01 -2.2023e+01 -5.3843e-01  9.1388e+01  2.1059e+00 -9.1388e+01 -2.1059e+00
-6.4583e+00     1.8232e+01  4.1518e-01 -1.8232e+01 -4.1518e-01  9.2225e+01  2.1257e+00 -9.2225e+01 -2.1257e+00
-6.4167e+00     1.7527e+01  3.0932e-01 -1.7527e+01 -3.0932e-01  9.2969e+01  2.1408e+00 -9.2969e+01 -2.1408e+00
-6.3750e+00     1.8914e+01  4.6445e-01 -1.8914e+01 -4.6445e-01  9.3727e+01  2.1569e+00 -9.3727e+01 -2.1569e+00
-6.3333e+00     2.7824e+01  6.5244e-01 -2.7824e+01 -6.5244e-01  9.4699e+01  2.1801e+00 -9.4699e+01 -2.1801e+00
-6.2917e+00     1.2228e+01  3.2461e-01 -1.2228e+01 -3.2461e-01  9.5532e+01  2.2004e+00 -9.5532e+01 -2.2004e+00
-6.2500e+00     2.1887e+01  5.9626e-01 -2.1887e+01 -5.9626e-01  9.6241e+01  2.2196e+00 -9.6241e+01 -2.2196e+00
-6.2083e+00     2.1595e+01  1.1764e+00 -2.1595e+01 -1.1764e+00  9.7146e+01  2.2565e+00 -9.7146e+01 -2.2565e+00
-6.1667e+00     1.5522e+01  6.0535e-01 -1.5522e+01 -6.0535e-01  9.7918e+01  2.2935e+00 -9.7918e+01 -2.2935e+00
-6.1250e+00     1.9015e+01  8.0077e-01 -1.9015e+01 -8.0077e-01  9.8636e+01  2.3228e+00 -9.8636e+01 -2.3228e+00
-6.0833e+00     1.7244e+01  8.7451e-01 -1.7244e+01 -8.7451e-01  9.9390e+01  2.3576e+00 -9.9390e+01 -2.3576e+00
-6.0417e+00     1.1329e+01  3.2427e-01 -1.1329e+01 -3.2427e-01  9.9984e+01  2.3825e+00 -9.9984e+01 -2.3825e+00
-6.0000e+00     1.0415e+01  3.0435e-01 -1.0415e+01 -3.0435e-01  1.0044e+02  2.3956e+00 -1.0044e+02 -2.3956e+00
-5.9583e+00     8.1260e+00  2.0132e-01 -8.1260e+00 -2.0132e-01  1.0082e+02  2.4061e+00 -1.0082e+02 -2.4061e+00
-5.9167e+00     5.2960e+00  1.2120e-01 -5.2960e+00 -1.2120e-01  1.0110e+02  2.4128e+00 -1.0110e+02 -2.4128e+00
-5.8750e+00     6.6789e+00  9.9090e-02 -6.6789e+00 -9.9090e-02  1.0135e+02  2.4174e+00 -1.0135e+02 -2.4174e+00
-5.8333e+00     4.0808e+01  8.6518e-02 -4.0808e+01 -8.6518e-02  1.0234e+02  2.4213e+00 -1.0234e+02 -2.4213e+00
-5.7917e+00     6.8390e+00  3.6409e-02 -6.8390e+00 -3.6409e-02  1.0333e+02  2.4238e+00 -1.0333e+02 -2.4238e+00
-5.7500e+00     8.9412e+00  2.7364e-02 -8.9412e+00 -2.7364e-02  1.0366e+02  2.4252e+00 -1.0366e+02 -2.4252e+00
-5.7083e+00     7.1464e+00  1.9282e-02 -7.1464e+00 -1.9282e-02  1.0399e+02  2.4261e+00 -1.0399e+02 -2.4261e+00
-5.6667e+00     8.4748e+00  1.3068e-02 -8.4748e+00 -1.3068e-02  1.0432e+02  2.4268e+00 -1.0432e+02 -2.4268e+00
-5.6250e+00     7.4263e+00  7.0298e-03 -7.4263e+00 -7.0298e-03  1.0465e+02  2.4272e+00 -1.0465e+02 -2.4272e+00
-5.5833e+00     7.5349e+00  4.2832e-03 -7.5349e+00 -4.2832e-03  1.0496e+02  2.4275e+00 -1.0496e+02 -2.4275e+00
-5.5417e+00     6.8054e+00  2.4116e-03 -6.8054e+00 -2.4116e-03  1.0526e+02  2.4276e+00 -1.0526e+02 -2.4276e+00
-5.5000e+00     6.9437e+00  1.4718e-03 -6.9437e+00 -1.4718e-03  1.0554e+02  2.4277e+00 -1.0554e+02 -2.4277e+00
-5.4583e+00     6.9702e+00  9.3840e-04 -6.9702e+00 -9.3840e-04  1.0583e+02  2.4277e+00 -1.0583e+02 -2.4277e+00
-5.4167e+00     6.0170e+00  6.8907e-04 -6.0170e+00 -6.8907e-04  1.0610e+02  2.4278e+00 -1.0610e+02 -2.4278e+00
-5.3750e+00     6.7847e+00  6.5589e-04 -6.7847e+00 -6.5589e-04  1.0637e+02  2.4278e+00 -1.0637e+02 -2.4278e+00
-5.3333e+00     6.2398e+00  4.9319e-04 -6.2398e+00 -4.9319e-04  1.0664e+02  2.4278e+00 -1.0664e+02 -2.4278e+00
-5.2917e+00     6.7252e+00  5.5550e-04 -6.7252e+00 -5.5550e-04  1.0691e+02  2.4278e+00 -1.0691e+02 -2.4278e+00
-5.2500e+00     7.8322e+00  5.7975e-04 -7.8322e+00 -5.7975e-04  1.0721e+02  2.4279e+00 -1.0721e+02 -2.4279e+00
-5.2083e+00     7.1144e+00  4.8732e-04 -7.1144e+00 -4.8732e-04  1.0752e+02  2.4279e+00 -1.0752e+02 -2.4279e+00
-5.1667e+00     5.4737e+00  3.1479e-04 -5.4737e+00 -3.1479e-04  1.0778e+02  2.4279e+00 -1.0778e+02 -2.4279e+00
-5.1250e+00     4.8500e+00  2.3316e-04 -4.8500e+00 -2.3316e-04  1.0800e+02  2.4279e+00 -1.0800e+02 -2.4279e+00
-5.0833e+00     4.6420e+00  2.1253e-04 -4.6420e+00 -2.1253e-04  1.0820e+02  2.4279e+00 -1.0820e+02 -2.4279e+00
-5.0417e+00     4.6369e+00  1.8619e-04 -4.6369e+00 -1.8619e-04  1.0839e+02  2.4279e+00 -1.0839e+02 -2.4279e+00
-5.0000e+00     4.8282e+00  1.7574e-04 -4.8282e+00 -1.7574e-04  1.0859e+02  2.4279e+00 -1.0859e+02 -2.4279e+00
-4.9583e+00     5.0256e+00  1.7026e-04 -5.0256e+00 -1.7026e-04  1.0879e+02  2.4279e+00 -1.0879e+02 -2.4279e+00
-4.9167e+00     5.2891e+00  1.6418e-04 -5.2891e+00 -1.6418e-04  1.0901e+02  2.4280e+00 -1.0901e+02 -2.4280e+00
-4.8750e+00     4.7268e+00  1.5175e-04 -4.7268e+00 -1.5175e-04  1.0921e+02  2.4280e+00 -1.0921e+02 -2.4280e+00
-4.8333e+00     5.3145e+00  1.4638e-04 -5.3145e+00 -1.4638e-04  1.0942e+02  2.4280e+00 -1.0942e+02 -2.4280e+00
-4.7917e+00     6.2035e+00  1.3771e-04 -6.2035e+00 -1.3771e-04  1.0966e+02  2.4280e+00 -1.0966e+02 -2.4280e+00
-4.7500e+00     5.6577e+00  1.0638e-04 -5.6577e+00 -1.0638e-04  1.0991e+02  2.4280e+00 -1.0991e+02 -2.4280e+00
-4.7083e+00     5.3587e+00  8.4869e-05 -5.3587e+00 -8.4869e-05  1.1014e+02  2.4280e+00 -1.1014e+02 -2.4280e+00
-4.6667e+00     4.6058e+00  6.8274e-05 -4.6058e+00 -6.8274e-05  1.1035e+02  2.4280e+00 -1.1035e+02 -2.4280e+00
-4.6250e+00     4.0572e+00  5.8449e-05 -4.0572e+00 -5.8449e-05  1.1053e+02  2.4280e+00 -1.1053e+02 -2.4280e+00
-4.5833e+00     4.2967e+00  5.9695e-05 -4.2967e+00 -5.9695e-05  1.1070e+02  2.4280e+00 -1.1070e+02 -2.4280e+00
-4.5417e+00     3.6851e+00  5.2293e-05 -3.6851e+00 -5.2293e-05  1.1087e+02  2.4280e+00 -1.1087e+02 -2.4280e+00
-4.5000e+00     4.4277e+00  7.3654e-05 -4.4277e+00 -7.3654e-05  1.1103e+02  2.4280e+00 -1.1103e+02 -2.4280e+00
-4.4583e+00     4.4550e+00  7.6879e-05 -4.4550e+00 -7.6879e-05  1.1122e+02  2.4280e+00 -1.1122e+02 -2.4280e+00
-4.4167e+00     4.1222e+00  7.1971e-05 -4.1222e+00 -7.1971e-05  1.1140e+02  2.4280e+00 -1.1140e+02 -2.4280e+00
-4.3750e+00     3.6865e+00  6.1519e-05 -3.6865e+00 -6.1519e-05  1.1156e+02  2.4280e+00 -1.1156e+02 -2.4280e+00
-4.3333e+00     3.0911e+00  4.6733e-05 -3.0911e+00 -4.6733e-05  1.1170e+02  2.4280e+00 -1.1170e+02 -2.4280e+00
-4.2917e+00     3.1294e+00  4.2423e-05 -3.1294e+00 -4.2423e-05  1.1183e+02  2.4280e+00 -1.1183e+02 -2.4280e+00
-4.2500e+00     3.0790e+00  3.7855e-05 -3.0790e+00 -3.7855e-05  1.1196e+02  2.4280e+00 -1.1196e+02 -2.4280e+00
-4.2083e+00     2.8238e+00  3.2172e-05 -2.8238e+00 -3.2172e-05  1.1208e+02  2.4280e+00 -1.1208e+02 -2.4280e+00
-4.1667e+00     2.5808e+00  2.6990e-05 -2.5808e+00 -2.6990e-05  1.1219e+02  2.4280e+00 -1.1219e+02 -2.4280e+00
-4.1250e+00     2.4670e+00  2.4124e-05 -2.4670e+00 -2.4124e-05  1.1230e+02  2.4280e+00 -1.1230e+02 -2.4280e+00
-4.0833e+00     2.5242e+00  2.3641e-05 -2.5242e+00 -2.3641e-05  1.1240e+02  2.4280e+00 -1.1240e+02 -2.4280e+00
-4.0417e+00     2.4723e+00  2.2739e-05 -2.4723e+00 -2.2739e-05  1.1251e+02  2.4280e+00 -1.1251e+02 -2.4280e+00
-4.0000e+00     1.9354e+00  1.5598e-05 -1.9354e+00 -1.5598e-05  1.1260e+02  2.4280e+00 -1.1260e+02 -2.4280e+00
-3.9583e+00     1.7667e+00  1.2069e-05 -1.7667e+00 -1.2069e-05  1.1268e+02  2.4280e+00 -1.1268e+02 -2.4280e+00
-3.9167e+00     1.6015e+00  1.0550e-05 -1.6015e+00 -1.0550e-05  1.1275e+02  2.4280e+00 -1.1275e+02 -2.4280e+00
-3.8750e+00     1.4420e+00  9.2164e-06 -1.4420e+00 -9.2164e-06  1.1281e+02  2.4280e+00 -1.1281e+02 -2.4280e+00
-3.8333e+00     1.3186e+00  8.0320e-06 -1.3186e+00 -8.0320e-06  1.1287e+02  2.4280e+00 -1.1287e+02 -2.4280e+00
-3.7917e+00     1.2931e+00  7.4213e-06 -1.2931e+00 -7.4213e-06  1.1292e+02  2.4280e+00 -1.1292e+02 -2.4280e+00
-3.7500e+00     1.2685e+00  6.8357e-06 -1.2685e+00 -6.8357e-06  1.1297e+02  2.4280e+00 -1.1297e+02 -2.4280e+00
-3.7083e+00     1.4856e+00  7.4289e-06 -1.4856e+00 -7.4289e-06  1.1303e+02  2.4280e+00 -1.1303e+02 -2.4280e+00
-3.6667e+00     1.8680e+00  9.9072e-06 -1.8680e+00 -9.9072e-06  1.1310e+02  2.4280e+00 -1.1310e+02 -2.4280e+00
-3.6250e+00     8.7586e-01  4.7820e-06 -8.7586e-01 -4.7820e-06  1.1316e+02  2.4280e+00 -1.1316e+02 -2.4280e+00
-3.5833e+00     5.4318e-01  3.0545e-06 -5.4318e-01 -3.0545e-06  1.1319e+02  2.4280e+00 -1.1319e+02 -2.4280e+00
-3.5417e+00     3.9505e-01  2.1854e-06 -3.9505e-01 -2.1854e-06  1.1321e+02  2.4280e+00 -1.1321e+02 -2.4280e+00
-3.5000e+00     3.8646e-01  2.0215e-06 -3.8646e-01 -2.0215e-06  1.1322e+02  2.4280e+00 -1.1322e+02 -2.4280e+00
-3.4583e+00     3.7166e-01  1.8395e-06 -3.7166e-01 -1.8395e-06  1.1324e+02  2.4280e+00 -1.1324e+02 -2.4280e+00
-3.4167e+00     3.5064e-01  1.6396e-06 -3.5064e-01 -1.6396e-06  1.1325e+02  2.4280e+00 -1.1325e+02 -2.4280e+00
-3.3750e+00     3.2341e-01  1.4216e-06 -3.2341e-01 -1.4216e-06  1.1327e+02  2.4280e+00 -1.1327e+02 -2.4280e+00
-3.3333e+00     2.8997e-01  1.1857e-06 -2.8997e-01 -1.1857e-06  1.1328e+02  2.4280e+00 -1.1328e+02 -2.4280e+00
-3.2917e+00     2.3189e-01  9.2912e-07 -2.3189e-01 -9.2912e-07  1.1329e+02  2.4280e+00 -1.1329e+02 -2.4280e+00
-3.2500e+00     1.6901e-01  6.8087e-07 -1.6901e-01 -6.8087e-07  1.1330e+02  2.4280e+00 -1.1330e+02 -2.4280e+00
-3.2083e+00     1.1020e-01  4.4655e-07 -1.1020e-01 -4.4655e-07  1.1331e+02  2.4280e+00 -1.1331e+02 -2.4280e+00
-3.1667e+00     5.5466e-02  2.2617e-07 -5.5466e-02 -2.2617e-07  1.1331e+02  2.4280e+00 -1.1331e+02 -2.4280e+00
-3.1250e+00     4.8076e-03  1.9737e-08 -4.8076e-03 -1.9737e-08  1.1331e+02  2.4280e+00 -1.1331e+02 -2.4280e+00
-3.0833e+00     0.0000e+00  0.0000e+00 -0.0000e+00 -0.0000e+00  1.1331e+02  2.4280e+00 -1.1331e+02 -2.4280e+00
-3.0417e+00     0.0000e+00  0.0000e+00 -0.0000e+00 -0.0000e+00  1.1331e+02  2.4280e+00 -1.1331e+02 -2.4280e+00
-3.0000e+00     0.0000e+00  0.0000e+00 -0.0000e+00 -0.0000e+00  1.1331e+02  2.4280e+00 -1.1331e+02 -2.4280e+00
-2.9583e+00     0.0000e+00  0.0000e+00 -0.0000e+00 -0.0000e+00  1.1331e+02  2.4280e+00 -1.1331e+02 -2.4280e+00
-2.9167e+00     0.0000e+00  0.0000e+00 -0.0000e+00 -0.0000e+00  1.1331e+02  2.4280e+00 -1.1331e+02 -2.4280e+00
-2.8750e+00     0.0000e+00  0.0000e+00 -0.0000e+00 -0.0000e+00  1.1331e+02  2.4280e+00 -1.1331e+02 -2.4280e+00
-2.8333e+00     0.0000e+00  0.0000e+00 -0.0000e+00 -0.0000e+00  1.1331e+02  2.4280e+00 -1.1331e+02 -2.4280e+00
-2.7917e+00     0.0000e+00  0.0000e+00 -0.0000e+00 -0.0000e+00  1.1331e+02  2.4280e+00 -1.1331e+02 -2.4280e+00
-2.7500e+00     0.0000e+00  0.0000e+00 -0.0000e+00 -0.0000e+00  1.1331e+02  2.4280e+00 -1.1331e+02 -2.4280e+00
-2.7083e+00     0.0000e+00  0.0000e+00 -0.0000e+00 -0.0000e+00  1.1331e+02  2.4280e+00 -1.1331e+02 -2.4280e+00
-2.6667e+00     0.0000e+00  0.0000e+00 -0.0000e+00 -0.0000e+00  1.1331e+02  2.4280e+00 -1.1331e+02 -2.4280e+00
-2.6250e+00     0.0000e+00  0.0000e+00 -0.0000e+00 -0.0000e+00  1.1331e+02  2.4280e+00 -1.1331e+02 -2.4280e+00
-2.5833e+00     0.0000e+00  0.0000e+00 -0.0000e+00 -0.0000e+00  1.1331e+02  2.4280e+00 -1.1331e+02 -2.4280e+00
-2.5417e+00     0.0000e+00  0.0000e+00 -0.0000e+00 -0.0000e+00  1.1331e+02  2.4280e+00 -1.1331e+02 -2.4280e+00
-2.5000e+00     0.0000e+00  0.0000e+00 -0.0000e+00 -0.0000e+00  1.1331e+02  2.4280e+00 -1.1331e+02 -2.4280e+00
-2.4583e+00     0.0000e+00  0.0000e+00 -0.0000e+00 -0.0000e+00  1.1331e+02  2.4280e+00 -1.1331e+02 -2.4280e+00
-2.4167e+00     0.0000e+00  0.0000e+00 -0.0000e+00 -0.0000e+00  1.1331e+02  2.4280e+00 -1.1331e+02 -2.4280e+00
-2.3750e+00     0.0000e+00  0.0000e+00 -0.0000e+00 -0.0000e+00  1.1331e+02  2.4280e+00 -1.1331e+02 -2.4280e+00
-2.3333e+00     0.0000e+00  0.0000e+00 -0.0000e+00 -0.0000e+00  1.1331e+02  2.4280e+00 -1.1331e+02 -2.4280e+00
-2.2917e+00     0.0000e+00  0.0000e+00 -0.0000e+00 -0.0000e+00  1.1331e+02  2.4280e+00 -1.1331e+02 -2.4280e+00
-2.2500e+00     0.0000e+00  0.0000e+00 -0.0000e+00 -0.0000e+00  1.1331e+02  2.4280e+00 -1.1331e+02 -2.4280e+00
-2.2083e+00     0.0000e+00  0.0000e+00 -0.0000e+00 -0.0000e+00  1.1331e+02  2.4280e+00 -1.1331e+02 -2.4280e+00
-2.1667e+00     0.0000e+00  0.0000e+00 -0.0000e+00 -0.0000e+00  1.1331e+02  2.4280e+00 -1.1331e+02 -2.4280e+00
-2.1250e+00     0.0000e+00  0.0000e+00 -0.0000e+00 -0.0000e+00  1.1331e+02  2.4280e+00 -1.1331e+02 -2.4280e+00
-2.0833e+00     0.0000e+00  0.0000e+00 -0.0000e+00 -0.0000e+00  1.1331e+02  2.4280e+00 -1.1331e+02 -2.4280e+00
-2.0417e+00     1.8942e-01  3.4356e-07 -1.8942e-01 -3.4356e-07  1.1332e+02  2.4280e+00 -1.1332e+02 -2.4280e+00
-2.0000e+00     5.3820e-01  1.1459e-06 -5.3820e-01 -1.1459e-06  1.1333e+02  2.4280e+00 -1.1333e+02 -2.4280e+00
-1.9583e+00     7.2651e-01  1.6285e-06 -7.2651e-01 -1.6285e-06  1.1336e+02  2.4280e+00 -1.1336e+02 -2.4280e+00
-1.9167e+00     9.1113e-01  2.0497e-06 -9.1113e-01 -2.0497e-06  1.1339e+02  2.4280e+00 -1.1339e+02 -2.4280e+00
-1.8750e+00     1.0731e+00  2.3808e-06 -1.0731e+00 -2.3808e-06  1.1343e+02  2.4280e+00 -1.1343e+02 -2.4280e+00
-1.8333e+00     1.1275e+00  2.4121e-06 -1.1275e+00 -2.4121e-06  1.1348e+02  2.4280e+00 -1.1348e+02 -2.4280e+00
-1.7917e+00     1.0335e+00  2.2353e-06 -1.0335e+00 -2.2353e-06  1.1352e+02  2.4280e+00 -1.1352e+02 -2.4280e+00
-1.7500e+00     1.0755e+00  2.1990e-06 -1.0755e+00 -2.1990e-06  1.1357e+02  2.4280e+00 -1.1357e+02 -2.4280e+00
-1.7083e+00     1.1924e+00  2.3214e-06 -1.1924e+00 -2.3214e-06  1.1361e+02  2.4280e+00 -1.1361e+02 -2.4280e+00
-1.6667e+00     1.3364e+00  2.4523e-06 -1.3364e+00 -2.4523e-06  1.1367e+02  2.4280e+00 -1.1367e+02 -2.4280e+00
-1.6250e+00     1.5363e+00  2.5937e-06 -1.5363e+00 -2.5937e-06  1.1373e+02  2.4280e+00 -1.1373e+02 -2.4280e+00
-1.5833e+00     2.0288e+00  4.0702e-06 -2.0288e+00 -4.0702e-06  1.1380e+02  2.4280e+00 -1.1380e+02 -2.4280e+00
-1.5417e+00     2.1745e+00  4.2727e-06 -2.1745e+00 -4.2727e-06  1.1389e+02  2.4280e+00 -1.1389e+02 -2.4280e+00
-1.5000e+00     2.3910e+00  4.8673e-06 -2.3910e+00 -4.8673e-06  1.1398e+02  2.4280e+00 -1.1398e+02 -2.4280e+00
-1.4583e+00     2.6565e+00  5.6718e-06 -2.6565e+00 -5.6718e-06  1.1409e+02  2.4280e+00 -1.1409e+02 -2.4280e+00
-1.4167e+00     3.0659e+00  6.1887e-06 -3.0659e+00 -6.1887e-06  1.1421e+02  2.4280e+00 -1.1421e+02 -2.4280e+00
-1.3750e+00     3.8222e+00  6.2237e-06 -3.8222e+00 -6.2237e-06  1.1435e+02  2.4280e+00 -1.1435e+02 -2.4280e+00
-1.3333e+00     3.9570e+00  9.7572e-06 -3.9570e+00 -9.7572e-06  1.1451e+02  2.4280e+00 -1.1451e+02 -2.4280e+00
-1.2917e+00     4.8717e+00  1.8751e-05 -4.8717e+00 -1.8751e-05  1.1470e+02  2.4280e+00 -1.1470e+02 -2.4280e+00
-1.2500e+00     4.5643e+00  1.3156e-05 -4.5643e+00 -1.3156e-05  1.1489e+02  2.4280e+00 -1.1489e+02 -2.4280e+00
-1.2083e+00     4.7589e+00  1.1690e-05 -4.7589e+00 -1.1690e-05  1.1509e+02  2.4280e+00 -1.1509e+02 -2.4280e+00
-1.1667e+00     5.2032e+00  1.2165e-05 -5.2032e+00 -1.2165e-05  1.1529e+02  2.4280e+00 -1.1529e+02 -2.4280e+00
-1.1250e+00     6.4643e+00  2.0505e-05 -6.4643e+00 -2.0505e-05  1.1554e+02  2.4280e+00 -1.1554e+02 -2.4280e+00
-1.0833e+00     7.4681e+00  2.9121e-05 -7.4681e+00 -2.9121e-05  1.1583e+02  2.4280e+00 -1.1583e+02 -2.4280e+00
-1.0417e+00     6.9459e+00  1.9069e-05 -6.9459e+00 -1.9069e-05  1.1612e+02  2.4280e+00 -1.1612e+02 -2.4280e+00
-1.0000e+00     4.6942e+00  2.1526e-05 -4.6942e+00 -2.1526e-05  1.1637e+02  2.4280e+00 -1.1637e+02 -2.4280e+00
-9.5833e-01     4.9611e+00  2.2697e-05 -4.9611e+00 -2.2697e-05  1.1657e+02  2.4280e+00 -1.1657e+02 -2.4280e+00
-9.1667e-01     6.2474e+00  3.9449e-05 -6.2474e+00 -3.9449e-05  1.1680e+02  2.4280e+00 -1.1680e+02 -2.4280e+00
-8.7500e-01     5.5270e+00  1.8871e-05 -5.5270e+00 -1.8871e-05  1.1705e+02  2.4280e+00 -1.1705e+02 -2.4280e+00
-8.3333e-01     6.2512e+00  1.3422e-05 -6.2512e+00 -1.3422e-05  1.1729e+02  2.4280e+00 -1.1729e+02 -2.4280e+00
-7.9167e-01     6.1264e+00  4.8460e-06 -6.1264e+00 -4.8460e-06  1.1755e+02  2.4280e+00 -1.1755e+02 -2.4280e+00
-7.5000e-01     6.3254e+00  2.5381e-06 -6.3254e+00 -2.5381e-06  1.1781e+02  2.4280e+00 -1.1781e+02 -2.4280e+00
-7.0833e-01     6.7666e+00 -5.9266e-06 -6.7666e+00  5.9266e-06  1.1808e+02  2.4280e+00 -1.1808e+02 -2.4280e+00
-6.6667e-01     7.7443e+00 -9.4697e-06 -7.7443e+00  9.4697e-06  1.1838e+02  2.4280e+00 -1.1838e+02 -2.4280e+00
-6.2500e-01     6.1463e+00 -1.8949e-05 -6.1463e+00  1.8949e-05  1.1867e+02  2.4280e+00 -1.1867e+02 -2.4280e+00
-5.8333e-01     6.4870e+00 -2.3173e-05 -6.4870e+00  2.3173e-05  1.1893e+02  2.4280e+00 -1.1893e+02 -2.4280e+00
-5.4167e-01     6.0862e+00 -2.0699e-05 -6.0862e+00  2.0699e-05  1.1919e+02  2.4280e+00 -1.1919e+02 -2.4280e+00
-5.0000e-01     5.1288e+00 -1.8436e-05 -5.1288e+00  1.8436e-05  1.1943e+02  2.4280e+00 -1.1943e+02 -2.4280e+00
-4.5833e-01     5.4030e+00 -3.3318e-05 -5.4030e+00  3.3318e-05  1.1965e+02  2.4280e+00 -1.1965e+02 -2.4280e+00
-4.1667e-01     6.0241e+00 -4.4276e-05 -6.0241e+00  4.4276e-05  1.1988e+02  2.4280e+00 -1.1988e+02 -2.4280e+00
-3.7500e-01     6.5637e+00 -3.3398e-05 -6.5637e+00  3.3398e-05  1.2015e+02  2.4280e+00 -1.2015e+02 -2.4280e+00
-3.3333e-01     7.1757e+00 -4.0747e-05 -7.1757e+00  4.0747e-05  1.2043e+02  2.4280e+00 -1.2043e+02 -2.4280e+00
-2.9167e-01     7.1489e+00 -6.0845e-05 -7.1489e+00  6.0845e-05  1.2073e+02  2.4280e+00 -1.2073e+02 -2.4280e+00
-2.5000e-01     7.9375e+00 -8.4730e-05 -7.9375e+00  8.4730e-05  1.2104e+02  2.4280e+00 -1.2104e+02 -2.4280e+00
-2.0833e-01     6.1744e+00 -7.7447e-05 -6.1744e+00  7.7447e-05  1.2134e+02  2.4280e+00 -1.2134e+02 -2.4280e+00
-1.6667e-01     5.9853e+00 -6.2257e-05 -5.9853e+00  6.2257e-05  1.2159e+02  2.4280e+00 -1.2159e+02 -2.4280e+00
-1.2500e-01     6.2020e+00 -5.7113e-05 -6.2020e+00  5.7113e-05  1.2184e+02  2.4280e+00 -1.2184e+02 -2.4280e+00
-8.3333e-02     6.0051e+00 -7.0161e-05 -6.0051e+00  7.0161e-05  1.2210e+02  2.4280e+00 -1.2210e+02 -2.4280e+00
-4.1667e-02     6.3551e+00 -9.0084e-05 -6.3551e+00  9.0084e-05  1.2235e+02  2.4280e+00 -1.2235e+02 -2.4280e+00
-1.2081e-15     6.8297e+00 -1.1685e-04 -6.8297e+00  1.1685e-04  1.2263e+02  2.4280e+00 -1.2263e+02 -2.4280e+00
4.1667e-02     6.8090e+00 -1.1300e-04 -6.8090e+00  1.1300e-04  1.2291e+02  2.4280e+00 -1.2291e+02 -2.4280e+00
8.3333e-02     6.9504e+00 -1.1413e-04 -6.9504e+00  1.1413e-04  1.2320e+02  2.4280e+00 -1.2320e+02 -2.4280e+00
1.2500e-01     6.0808e+00 -1.2896e-04 -6.0808e+00  1.2896e-04  1.2347e+02  2.4280e+00 -1.2347e+02 -2.4280e+00
1.6667e-01     6.1250e+00 -1.5134e-04 -6.1250e+00  1.5134e-04  1.2372e+02  2.4280e+00 -1.2372e+02 -2.4280e+00
2.0833e-01     6.6678e+00 -1.7602e-04 -6.6678e+00  1.7602e-04  1.2399e+02  2.4280e+00 -1.2399e+02 -2.4280e+00
2.5000e-01     8.6932e+00 -3.7275e-04 -8.6932e+00  3.7275e-04  1.2431e+02  2.4280e+00 -1.2431e+02 -2.4280e+00
2.9167e-01     6.7023e+00 -1.0885e-03 -6.7023e+00  1.0885e-03  1.2463e+02  2.4279e+00 -1.2463e+02 -2.4279e+00
3.3333e-01     6.3786e+00 -1.1008e-03 -6.3786e+00  1.1008e-03  1.2490e+02  2.4279e+00 -1.2490e+02 -2.4279e+00
3.7500e-01     6.4328e+00 -1.4062e-03 -6.4328e+00  1.4062e-03  1.2517e+02  2.4278e+00 -1.2517e+02 -2.4278e+00
4.1667e-01     6.5243e+00 -1.3229e-03 -6.5243e+00  1.3229e-03  1.2544e+02  2.4278e+00 -1.2544e+02 -2.4278e+00
4.5833e-01     6.3745e+00 -1.4533e-03 -6.3745e+00  1.4533e-03  1.2571e+02  2.4277e+00 -1.2571e+02 -2.4277e+00
5.0000e-01     6.4010e+00 -1.8530e-03 -6.4010e+00  1.8530e-03  1.2597e+02  2.4276e+00 -1.2597e+02 -2.4276e+00
5.4167e-01     6.2624e+00 -2.2528e-03 -6.2624e+00  2.2528e-03  1.2623e+02  2.4276e+00 -1.2623e+02 -2.4276e+00
5.8333e-01     6.9955e+00 -2.9105e-03 -6.9955e+00  2.9105e-03  1.2651e+02  2.4275e+00 -1.2651e+02 -2.4275e+00
6.2500e-01     7.0758e+00 -3.2962e-03 -7.0758e+00  3.2962e-03  1.2680e+02  2.4273e+00 -1.2680e+02 -2.4273e+00
6.6667e-01     7.5422e+00 -3.6307e-03 -7.5422e+00  3.6307e-03  1.2711e+02  2.4272e+00 -1.2711e+02 -2.4272e+00
7.0833e-01     7.6373e+00 -3.9699e-03 -7.6373e+00  3.9699e-03  1.2742e+02  2.4270e+00 -1.2742e+02 -2.4270e+00
7.5000e-01     7.4496e+00 -4.1995e-03 -7.4496e+00  4.1995e-03  1.2774e+02  2.4269e+00 -1.2774e+02 -2.4269e+00
7.9167e-01     7.8937e+00 -4.2336e-03 -7.8937e+00  4.2336e-03  1.2806e+02  2.4267e+00 -1.2806e+02 -2.4267e+00
8.3333e-01     7.9811e+00 -4.6163e-03 -7.9811e+00  4.6163e-03  1.2839e+02  2.4265e+00 -1.2839e+02 -2.4265e+00
8.7500e-01     7.5345e+00 -5.5022e-03 -7.5345e+00  5.5022e-03  1.2871e+02  2.4263e+00 -1.2871e+02 -2.4263e+00
9.1667e-01     7.7650e+00 -5.9310e-03 -7.7650e+00  5.9310e-03  1.2903e+02  2.4260e+00 -1.2903e+02 -2.4260e+00
9.5833e-01     7.6275e+00 -6.1901e-03 -7.6275e+00  6.1901e-03  1.2935e+02  2.4258e+00 -1.2935e+02 -2.4258e+00
1.0000e+00     7.4334e+00 -6.7674e-03 -7.4334e+00  6.7674e-03  1.2966e+02  2.4255e+00 -1.2966e+02 -2.4255e+00
1.0417e+00     7.1710e+00 -7.2912e-03 -7.1710e+00  7.2912e-03  1.2996e+02  2.4252e+00 -1.2996e+02 -2.4252e+00
1.0833e+00     6.9050e+00 -7.7428e-03 -6.9050e+00  7.7428e-03  1.3026e+02  2.4249e+00 -1.3026e+02 -2.4249e+00
1.1250e+00     6.7473e+00 -8.0022e-03 -6.7473e+00  8.0022e-03  1.3054e+02  2.4246e+00 -1.3054e+02 -2.4246e+00
1.1667e+00     6.8370e+00 -8.2835e-03 -6.8370e+00  8.2835e-03  1.3082e+02  2.4243e+00 -1.3082e+02 -2.4243e+00
1.2083e+00     7.1327e+00 -8.9497e-03 -7.1327e+00  8.9497e-03  1.3111e+02  2.4239e+00 -1.3111e+02 -2.4239e+00
1.2500e+00     7.4909e+00 -9.0029e-03 -7.4909e+00  9.0029e-03  1.3142e+02  2.4235e+00 -1.3142e+02 -2.4235e+00
1.2917e+00     7.5673e+00 -9.0290e-03 -7.5673e+00  9.0290e-03  1.3173e+02  2.4231e+00 -1.3173e+02 -2.4231e+00
1.3333e+00     8.7897e+00 -8.9793e-03 -8.7897e+00  8.9793e-03  1.3207e+02  2.4228e+00 -1.3207e+02 -2.4228e+00
1.3750e+00     8.0745e+00 -1.0262e-02 -8.0745e+00  1.0262e-02  1.3242e+02  2.4224e+00 -1.3242e+02 -2.4224e+00
1.4167e+00     8.2284e+00 -9.8964e-03 -8.2284e+00  9.8964e-03  1.3276e+02  2.4220e+00 -1.3276e+02 -2.4220e+00
1.4583e+00     8.1920e+00 -1.0893e-02 -8.1920e+00  1.0893e-02  1.3310e+02  2.4215e+00 -1.3310e+02 -2.4215e+00
1.5000e+00     7.6583e+00 -1.1742e-02 -7.6583e+00  1.1742e-02  1.3343e+02  2.4211e+00 -1.3343e+02 -2.4211e+00
1.5417e+00     8.2593e+00 -1.1672e-02 -8.2593e+00  1.1672e-02  1.3376e+02  2.4206e+00 -1.3376e+02 -2.4206e+00
1.5833e+00     8.2659e+00 -1.2308e-02 -8.2659e+00  1.2308e-02  1.3411e+02  2.4201e+00 -1.3411e+02 -2.4201e+00
1.6250e+00     7.9039e+00 -1.2284e-02 -7.9039e+00  1.2284e-02  1.3444e+02  2.4196e+00 -1.3444e+02 -2.4196e+00
1.6667e+00     7.1224e+00 -1.0762e-02 -7.1224e+00  1.0762e-02  1.3476e+02  2.4191e+00 -1.3476e+02 -2.4191e+00
1.7083e+00     7.9850e+00 -1.2395e-02 -7.9850e+00  1.2395e-02  1.3507e+02  2.4186e+00 -1.3507e+02 -2.4186e+00
1.7500e+00     8.1489e+00 -1.2595e-02 -8.1489e+00  1.2595e-02  1.3541e+02  2.4181e+00 -1.3541e+02 -2.4181e+00
1.7917e+00     8.4199e+00 -1.1283e-02 -8.4199e+00  1.1283e-02  1.3575e+02  2.4176e+00 -1.3575e+02 -2.4176e+00
1.8333e+00     9.0543e+00 -1.0673e-02 -9.0543e+00  1.0673e-02  1.3611e+02  2.4171e+00 -1.3611e+02 -2.4171e+00
1.8750e+00     8.1109e+00 -1.1167e-02 -8.1109e+00  1.1167e-02  1.3647e+02  2.4167e+00 -1.3647e+02 -2.4167e+00
1.9167e+00     7.5018e+00 -1.0957e-02 -7.5018e+00  1.0957e-02  1.3680e+02  2.4162e+00 -1.3680e+02 -2.4162e+00
1.9583e+00     7.0326e+00 -1.1325e-02 -7.0326e+00  1.1325e-02  1.3710e+02  2.4157e+00 -1.3710e+02 -2.4157e+00
2.0000e+00     7.4961e+00 -1.1893e-02 -7.4961e+00  1.1893e-02  1.3740e+02  2.4153e+00 -1.3740e+02 -2.4153e+00
2.0417e+00     9.1321e+00 -1.2550e-02 -9.1321e+00  1.2550e-02  1.3775e+02  2.4148e+00 -1.3775e+02 -2.4148e+00
2.0833e+00     8.5296e+00 -1.2182e-02 -8.5296e+00  1.2182e-02  1.3811e+02  2.4142e+00 -1.3811e+02 -2.4142e+00
2.1250e+00     9.6333e+00 -1.1535e-02 -9.6333e+00  1.1535e-02  1.3849e+02  2.4137e+00 -1.3849e+02 -2.4137e+00
2.1667e+00     7.9872e+00 -7.2079e-03 -7.9872e+00  7.2079e-03  1.3886e+02  2.4134e+00 -1.3886e+02 -2.4134e+00
2.2083e+00     7.6686e+00 -7.4220e-03 -7.6686e+00  7.4220e-03  1.3918e+02  2.4130e+00 -1.3918e+02 -2.4130e+00
2.2500e+00     7.8323e+00 -8.5188e-03 -7.8323e+00  8.5188e-03  1.3951e+02  2.4127e+00 -1.3951e+02 -2.4127e+00
2.2917e+00     8.4463e+00 -1.2933e-02 -8.4463e+00  1.2933e-02  1.3984e+02  2.4123e+00 -1.3984e+02 -2.4123e+00
2.3333e+00     8.3488e+00 -2.0347e-02 -8.3488e+00  2.0347e-02  1.4019e+02  2.4116e+00 -1.4019e+02 -2.4116e+00
2.3750e+00     8.2832e+00 -3.0932e-02 -8.2832e+00  3.0932e-02  1.4054e+02  2.4105e+00 -1.4054e+02 -2.4105e+00
2.4167e+00     7.9273e+00 -2.6019e-02 -7.9273e+00  2.6019e-02  1.4088e+02  2.4093e+00 -1.4088e+02 -2.4093e+00
2.4583e+00     6.8924e+00 -1.8995e-02 -6.8924e+00  1.8995e-02  1.4118e+02  2.4084e+00 -1.4118e+02 -2.4084e+00
2.5000e+00     6.0705e+00 -1.3161e-02 -6.0705e+00  1.3161e-02  1.4145e+02  2.4077e+00 -1.4145e+02 -2.4077e+00
2.5417e+00     7.0173e+00 -1.6630e-02 -7.0173e+00  1.6630e-02  1.4173e+02  2.4071e+00 -1.4173e+02 -2.4071e+00
2.5833e+00     6.5347e+00 -1.4125e-02 -6.5347e+00  1.4125e-02  1.4201e+02  2.4065e+00 -1.4201e+02 -2.4065e+00
2.6250e+00     6.8224e+00 -1.4448e-02 -6.8224e+00  1.4448e-02  1.4229e+02  2.4059e+00 -1.4229e+02 -2.4059e+00
2.6667e+00     6.2197e+00 -1.1453e-02 -6.2197e+00  1.1453e-02  1.4256e+02  2.4053e+00 -1.4256e+02 -2.4053e+00
2.7083e+00     6.4192e+00 -1.1428e-02 -6.4192e+00  1.1428e-02  1.4282e+02  2.4049e+00 -1.4282e+02 -2.4049e+00
2.7500e+00     7.3265e+00 -1.2422e-02 -7.3265e+00  1.2422e-02  1.4311e+02  2.4044e+00 -1.4311e+02 -2.4044e+00
2.7917e+00     7.3213e+00 -1.3922e-02 -7.3213e+00  1.3922e-02  1.4341e+02  2.4038e+00 -1.4341e+02 -2.4038e+00
2.8333e+00     7.5185e+00 -1.2054e-02 -7.5185e+00  1.2054e-02  1.4372e+02  2.4033e+00 -1.4372e+02 -2.4033e+00
2.8750e+00     7.3477e+00 -1.2382e-02 -7.3477e+00  1.2382e-02  1.4403e+02  2.4028e+00 -1.4403e+02 -2.4028e+00
2.9167e+00     6.7635e+00 -1.2030e-02 -6.7635e+00  1.2030e-02  1.4432e+02  2.4023e+00 -1.4432e+02 -2.4023e+00
2.9583e+00     6.8935e+00 -1.0512e-02 -6.8935e+00  1.0512e-02  1.4461e+02  2.4018e+00 -1.4461e+02 -2.4018e+00
3.0000e+00     8.4910e+00 -1.1408e-02 -8.4910e+00  1.1408e-02  1.4493e+02  2.4013e+00 -1.4493e+02 -2.4013e+00
3.0417e+00     9.2457e+00 -1.5032e-02 -9.2457e+00  1.5032e-02  1.4530e+02  2.4008e+00 -1.4530e+02 -2.4008e+00
3.0833e+00     9.9671e+00 -1.6214e-02 -9.9671e+00  1.6214e-02  1.4569e+02  2.4001e+00 -1.4569e+02 -2.4001e+00
3.1250e+00     9.9181e+00 -1.5499e-02 -9.9181e+00  1.5499e-02  1.4611e+02  2.3995e+00 -1.4611e+02 -2.3995e+00
3.1667e+00     1.0100e+01 -2.0194e-02 -1.0100e+01  2.0194e-02  1.4652e+02  2.3987e+00 -1.4652e+02 -2.3987e+00
3.2083e+00     1.2284e+01 -3.0875e-02 -1.2284e+01  3.0875e-02  1.4699e+02  2.3977e+00 -1.4699e+02 -2.3977e+00
3.2500e+00     9.9771e+00 -3.2469e-02 -9.9771e+00  3.2469e-02  1.4745e+02  2.3963e+00 -1.4745e+02 -2.3963e+00
3.2917e+00     9.9128e+00 -4.5296e-02 -9.9128e+00  4.5296e-02  1.4787e+02  2.3947e+00 -1.4787e+02 -2.3947e+00
3.3333e+00     1.1453e+01 -6.4624e-02 -1.1453e+01  6.4624e-02  1.4831e+02  2.3924e+00 -1.4831e+02 -2.3924e+00
3.3750e+00     1.0615e+01 -7.0907e-02 -1.0615e+01  7.0907e-02  1.4877e+02  2.3896e+00 -1.4877e+02 -2.3896e+00
3.4167e+00     1.2390e+01 -7.7032e-02 -1.2390e+01  7.7032e-02  1.4925e+02  2.3865e+00 -1.4925e+02 -2.3865e+00
3.4583e+00     7.6239e+00 -3.8871e-02 -7.6239e+00  3.8871e-02  1.4967e+02  2.3841e+00 -1.4967e+02 -2.3841e+00
3.5000e+00     1.0404e+01 -4.5851e-02 -1.0404e+01  4.5851e-02  1.5004e+02  2.3824e+00 -1.5004e+02 -2.3824e+00
3.5417e+00     1.1253e+01 -4.7750e-02 -1.1253e+01  4.7750e-02  1.5049e+02  2.3804e+00 -1.5049e+02 -2.3804e+00
3.5833e+00     1.1684e+01 -4.7689e-02 -1.1684e+01  4.7689e-02  1.5097e+02  2.3784e+00 -1.5097e+02 -2.3784e+00
3.6250e+00     1.1651e+01 -5.1108e-02 -1.1651e+01  5.1108e-02  1.5145e+02  2.3764e+00 -1.5145e+02 -2.3764e+00
3.6667e+00     1.3070e+01 -8.9716e-02 -1.3070e+01  8.9716e-02  1.5197e+02  2.3735e+00 -1.5197e+02 -2.3735e+00
3.7083e+00     1.2878e+01 -1.0826e-01 -1.2878e+01  1.0826e-01  1.5251e+02  2.3693e+00 -1.5251e+02 -2.3693e+00
3.7500e+00     1.2587e+01 -1.0701e-01 -1.2587e+01  1.0701e-01  1.5304e+02  2.3649e+00 -1.5304e+02 -2.3649e+00
3.7917e+00     1.3911e+01 -1.4600e-01 -1.3911e+01  1.4600e-01  1.5359e+02  2.3596e+00 -1.5359e+02 -2.3596e+00
3.8333e+00     1.2676e+01 -1.6417e-01 -1.2676e+01  1.6417e-01  1.5414e+02  2.3532e+00 -1.5414e+02 -2.3532e+00
3.8750e+00     1.2282e+01 -1.8666e-01 -1.2282e+01  1.8666e-01  1.5466e+02  2.3459e+00 -1.5466e+02 -2.3459e+00
3.9167e+00     1.3995e+01 -1.8659e-01 -1.3995e+01  1.8659e-01  1.5521e+02  2.3381e+00 -1.5521e+02 -2.3381e+00
3.9583e+00     1.2602e+01 -1.5180e-01 -1.2602e+01  1.5180e-01  1.5576e+02  2.3311e+00 -1.5576e+02 -2.3311e+00
4.0000e+00     1.4505e+01 -1.6192e-01 -1.4505e+01  1.6192e-01  1.5632e+02  2.3245e+00 -1.5632e+02 -2.3245e+00
4.0417e+00     1.2545e+01 -1.0668e-01 -1.2545e+01  1.0668e-01  1.5689e+02  2.3189e+00 -1.5689e+02 -2.3189e+00
4.0833e+00     1.2122e+01 -1.1044e-01 -1.2122e+01  1.1044e-01  1.5740e+02  2.3144e+00 -1.5740e+02 -2.3144e+00
4.1250e+00     1.1938e+01 -1.1649e-01 -1.1938e+01  1.1649e-01  1.5790e+02  2.3097e+00 -1.5790e+02 -2.3097e+00
4.1667e+00     1.4469e+01 -1.4314e-01 -1.4469e+01  1.4314e-01  1.5845e+02  2.3043e+00 -1.5845e+02 -2.3043e+00
4.2083e+00     1.1916e+01 -1.0437e-01 -1.1916e+01  1.0437e-01  1.5900e+02  2.2992e+00 -1.5900e+02 -2.2992e+00
4.2500e+00     1.9620e+01 -2.0552e-01 -1.9620e+01  2.0552e-01  1.5965e+02  2.2927e+00 -1.5965e+02 -2.2927e+00
4.2917e+00     1.8836e+01 -1.6836e-01 -1.8836e+01  1.6836e-01  1.6045e+02  2.2849e+00 -1.6045e+02 -2.2849e+00
4.3333e+00     1.4162e+01 -1.2304e-01 -1.4162e+01  1.2304e-01  1.6114e+02  2.2789e+00 -1.6114e+02 -2.2789e+00
4.3750e+00     1.4962e+01 -1.1956e-01 -1.4962e+01  1.1956e-01  1.6174e+02  2.2738e+00 -1.6174e+02 -2.2738e+00
4.4167e+00     1.5633e+01 -1.3103e-01 -1.5633e+01  1.3103e-01  1.6238e+02  2.2686e+00 -1.6238e+02 -2.2686e+00
4.4583e+00     1.6956e+01 -1.2282e-01 -1.6956e+01  1.2282e-01  1.6306e+02  2.2633e+00 -1.6306e+02 -2.2633e+00
4.5000e+00     1.6874e+01 -1.1943e-01 -1.6874e+01  1.1943e-01  1.6376e+02  2.2583e+00 -1.6376e+02 -2.2583e+00
4.5417e+00     1.2318e+01 -8.3652e-02 -1.2318e+01  8.3652e-02  1.6437e+02  2.2541e+00 -1.6437e+02 -2.2541e+00
4.5833e+00     1.6684e+01 -1.3261e-01 -1.6684e+01  1.3261e-01  1.6497e+02  2.2496e+00 -1.6497e+02 -2.2496e+00
4.6250e+00     1.2370e+01 -9.3271e-02 -1.2370e+01  9.3271e-02  1.6558e+02  2.2449e+00 -1.6558e+02 -2.2449e+00
4.6667e+00     1.5128e+01 -1.0560e-01 -1.5128e+01  1.0560e-01  1.6615e+02  2.2407e+00 -1.6615e+02 -2.2407e+00
4.7083e+00     1.5539e+01 -1.0079e-01 -1.5539e+01  1.0079e-01  1.6679e+02  2.2365e+00 -1.6679e+02 -2.2365e+00
4.7500e+00     1.5699e+01 -1.0408e-01 -1.5699e+01  1.0408e-01  1.6744e+02  2.2322e+00 -1.6744e+02 -2.2322e+00
4.7917e+00     1.4443e+01 -9.2006e-02 -1.4443e+01  9.2006e-02  1.6806e+02  2.2281e+00 -1.6806e+02 -2.2281e+00
4.8333e+00     1.5136e+01 -1.0457e-01 -1.5136e+01  1.0457e-01  1.6868e+02  2.2240e+00 -1.6868e+02 -2.2240e+00
4.8750e+00     1.4380e+01 -1.0859e-01 -1.4380e+01  1.0859e-01  1.6929e+02  2.2196e+00 -1.6929e+02 -2.2196e+00
4.9167e+00     1.4963e+01 -1.0768e-01 -1.4963e+01  1.0768e-01  1.6990e+02  2.2151e+00 -1.6990e+02 -2.2151e+00
4.9583e+00     1.3997e+01 -6.9382e-02 -1.3997e+01  6.9382e-02  1.7051e+02  2.2114e+00 -1.7051e+02 -2.2114e+00
