-1.8000e+01     0.0000e+00  0.0000e+00 -0.0000e+00 -0.0000e+00
-1.7962e+01     0.0000e+00  0.0000e+00 -0.0000e+00 -0.0000e+00
-1.7923e+01     0.0000e+00  0.0000e+00 -0.0000e+00 -0.0000e+00
-1.7885e+01     0.0000e+00  0.0000e+00 -0.0000e+00 -0.0000e+00
-1.7847e+01     0.0000e+00  0.0000e+00 -0.0000e+00 -0.0000e+00
-1.7808e+01     0.0000e+00  0.0000e+00 -0.0000e+00 -0.0000e+00
-1.7770e+01     0.0000e+00  0.0000e+00 -0.0000e+00 -0.0000e+00
-1.7732e+01     0.0000e+00  0.0000e+00 -0.0000e+00 -0.0000e+00
-1.7693e+01     0.0000e+00  0.0000e+00 -0.0000e+00 -0.0000e+00
-1.7655e+01     0.0000e+00  0.0000e+00 -0.0000e+00 -0.0000e+00
-1.7617e+01     0.0000e+00  0.0000e+00 -0.0000e+00 -0.0000e+00
-1.7578e+01     0.0000e+00  0.0000e+00 -0.0000e+00 -0.0000e+00
-1.7540e+01     0.0000e+00  0.0000e+00 -0.0000e+00 -0.0000e+00
-1.7502e+01     0.0000e+00  0.0000e+00 -0.0000e+00 -0.0000e+00
-1.7463e+01     0.0000e+00  0.0000e+00 -0.0000e+00 -0.0000e+00
-1.7425e+01     0.0000e+00  0.0000e+00 -0.0000e+00 -0.0000e+00
-1.7387e+01     0.0000e+00  0.0000e+00 -0.0000e+00 -0.0000e+00
-1.7348e+01     0.0000e+00  0.0000e+00 -0.0000e+00 -0.0000e+00
-1.7310e+01     0.0000e+00  0.0000e+00 -0.0000e+00 -0.0000e+00
-1.7272e+01     0.0000e+00  0.0000e+00 -0.0000e+00 -0.0000e+00
-1.7233e+01     0.0000e+00  0.0000e+00 -0.0000e+00 -0.0000e+00
-1.7195e+01     0.0000e+00  0.0000e+00 -0.0000e+00 -0.0000e+00
-1.7157e+01     0.0000e+00  0.0000e+00 -0.0000e+00 -0.0000e+00
-1.7118e+01     0.0000e+00  0.0000e+00 -0.0000e+00 -0.0000e+00
-1.7080e+01     0.0000e+00  0.0000e+00 -0.0000e+00 -0.0000e+00
-1.7042e+01     0.0000e+00  0.0000e+00 -0.0000e+00 -0.0000e+00
-1.7003e+01     0.0000e+00  0.0000e+00 -0.0000e+00 -0.0000e+00
-1.6965e+01     0.0000e+00  0.0000e+00 -0.0000e+00 -0.0000e+00
-1.6927e+01     0.0000e+00  0.0000e+00 -0.0000e+00 -0.0000e+00
-1.6888e+01     0.0000e+00  0.0000e+00 -0.0000e+00 -0.0000e+00
-1.6850e+01     0.0000e+00  0.0000e+00 -0.0000e+00 -0.0000e+00
-1.6812e+01     0.0000e+00  0.0000e+00 -0.0000e+00 -0.0000e+00
-1.6773e+01     0.0000e+00  0.0000e+00 -0.0000e+00 -0.0000e+00
-1.6735e+01     4.7784e-02  2.3888e-02 -9.1434e-04 -4.5709e-04
-1.6697e+01     8.0060e-02  4.0023e-02 -3.3606e-03 -1.6800e-03
-1.6658e+01     9.8019e-02  4.9002e-02 -6.7681e-03 -3.3835e-03
-1.6620e+01     1.1918e-01  5.9583e-02 -1.0924e-02 -5.4612e-03
-1.6582e+01     1.3473e-01  6.7357e-02 -1.5783e-02 -7.8902e-03
-1.6543e+01     1.4681e-01  7.3397e-02 -2.1170e-02 -1.0583e-02
-1.6505e+01     1.6272e-01  8.1349e-02 -2.7093e-02 -1.3545e-02
-1.6467e+01     1.7453e-01  8.7259e-02 -3.3546e-02 -1.6771e-02
-1.6428e+01     1.8462e-01  9.2301e-02 -4.0418e-02 -2.0207e-02
-1.6390e+01     1.9883e-01  9.9409e-02 -4.7755e-02 -2.3875e-02
-1.6352e+01     2.1106e-01  1.0552e-01 -5.5598e-02 -2.7796e-02
-1.6313e+01     2.1939e-01  1.0969e-01 -6.3835e-02 -3.1914e-02
-1.6275e+01     2.2862e-01  1.1431e-01 -7.2407e-02 -3.6200e-02
-1.6237e+01     2.3762e-01  1.1881e-01 -8.1329e-02 -4.0661e-02
-1.6198e+01     2.4490e-01  1.2244e-01 -9.0562e-02 -4.5277e-02
-1.6160e+01     2.5781e-01  1.2890e-01 -1.0018e-01 -5.0087e-02
-1.6122e+01     2.6567e-01  1.3283e-01 -1.1020e-01 -5.5095e-02
-1.6083e+01     2.7284e-01  1.3642e-01 -1.2050e-01 -6.0247e-02
-1.6045e+01     2.8148e-01  1.4074e-01 -1.3111e-01 -6.5550e-02
-1.6007e+01     2.9024e-01  1.4512e-01 -1.4205e-01 -7.1020e-02
-1.5968e+01     3.0205e-01  1.5103e-01 -1.5338e-01 -7.6687e-02
-1.5930e+01     3.0508e-01  1.5254e-01 -1.6500e-01 -8.2495e-02
-1.5892e+01     3.1556e-01  1.5778e-01 -1.7687e-01 -8.8433e-02
-1.5853e+01     3.2364e-01  1.6182e-01 -1.8911e-01 -9.4549e-02
-1.5815e+01     3.3216e-01  1.6608e-01 -2.0165e-01 -1.0082e-01
-1.5777e+01     3.3771e-01  1.6886e-01 -2.1447e-01 -1.0723e-01
-1.5738e+01     3.4710e-01  1.7355e-01 -2.2758e-01 -1.1378e-01
-1.5700e+01     3.5680e-01  1.7840e-01 -2.4104e-01 -1.2052e-01
-1.5662e+01     3.6435e-01  1.8218e-01 -2.5484e-01 -1.2742e-01
-1.5623e+01     3.7046e-01  1.8523e-01 -2.6890e-01 -1.3445e-01
-1.5585e+01     3.7618e-01  1.8810e-01 -2.8319e-01 -1.4159e-01
-1.5547e+01     3.8611e-01  1.9306e-01 -2.9778e-01 -1.4889e-01
-1.5508e+01     3.9689e-01  1.9845e-01 -3.1276e-01 -1.5638e-01
-1.5470e+01     4.0634e-01  2.0318e-01 -3.2813e-01 -1.6406e-01
-1.5432e+01     4.1005e-01  2.0503e-01 -3.4375e-01 -1.7187e-01
-1.5393e+01     4.1817e-01  2.0909e-01 -3.5960e-01 -1.7980e-01
-1.5355e+01     4.2350e-01  2.1176e-01 -3.7570e-01 -1.8785e-01
-1.5317e+01     4.3498e-01  2.1750e-01 -3.9213e-01 -1.9606e-01
-1.5278e+01     4.4278e-01  2.2140e-01 -4.0893e-01 -2.0446e-01
-1.5240e+01     4.4852e-01  2.2427e-01 -4.2598e-01 -2.1299e-01
-1.5202e+01     4.6086e-01  2.3044e-01 -4.4338e-01 -2.2169e-01
-1.5163e+01     4.6570e-01  2.3286e-01 -4.6111e-01 -2.3056e-01
-1.5125e+01     4.7637e-01  2.3820e-01 -4.7914e-01 -2.3957e-01
-1.5087e+01     4.8575e-01  2.4289e-01 -4.9755e-01 -2.4878e-01
-1.5048e+01     4.9484e-01  2.4743e-01 -5.1631e-01 -2.5816e-01
-1.5010e+01     5.0497e-01  2.5250e-01 -5.3544e-01 -2.6772e-01
-1.4972e+01     5.1018e-01  2.5510e-01 -5.5487e-01 -2.7744e-01
-1.4933e+01     5.2596e-01  2.6299e-01 -5.7469e-01 -2.8735e-01
-1.4895e+01     5.3680e-01  2.6841e-01 -5.9503e-01 -2.9752e-01
-1.4857e+01     5.4569e-01  2.7286e-01 -6.1574e-01 -3.0788e-01
-1.4818e+01     5.5636e-01  2.7819e-01 -6.3683e-01 -3.1842e-01
-1.4780e+01     5.6821e-01  2.8412e-01 -6.5835e-01 -3.2918e-01
-1.4742e+01     5.7815e-01  2.8909e-01 -6.8028e-01 -3.4015e-01
-1.4703e+01     5.9231e-01  2.9617e-01 -7.0268e-01 -3.5135e-01
-1.4665e+01     6.0338e-01  3.0170e-01 -7.2556e-01 -3.6279e-01
-1.4627e+01     6.2589e-01  3.1296e-01 -7.4908e-01 -3.7455e-01
-1.4588e+01     6.4440e-01  3.2221e-01 -7.7339e-01 -3.8670e-01
-1.4550e+01     6.6017e-01  3.3009e-01 -7.9835e-01 -3.9918e-01
-1.4512e+01     6.7904e-01  3.3953e-01 -8.2398e-01 -4.1200e-01
-1.4473e+01     7.0389e-01  3.5196e-01 -8.5044e-01 -4.2523e-01
-1.4435e+01     7.3890e-01  3.6946e-01 -8.7804e-01 -4.3903e-01
-1.4397e+01     7.8526e-01  3.9264e-01 -9.0721e-01 -4.5361e-01
-1.4358e+01     9.0289e-01  4.5146e-01 -9.3951e-01 -4.6977e-01
-1.4320e+01     8.5980e-01  4.2991e-01 -9.7324e-01 -4.8663e-01
-1.4282e+01     8.5481e-01  4.2741e-01 -1.0060e+00 -5.0304e-01
-1.4243e+01     8.5127e-01  4.2564e-01 -1.0387e+00 -5.1936e-01
-1.4205e+01     8.2486e-01  4.1243e-01 -1.0708e+00 -5.3539e-01
-1.4167e+01     8.1367e-01  4.0683e-01 -1.1021e+00 -5.5107e-01
-1.4128e+01     8.0262e-01  4.0131e-01 -1.1330e+00 -5.6653e-01
-1.4090e+01     7.9000e-01  3.9500e-01 -1.1635e+00 -5.8177e-01
-1.4052e+01     7.7385e-01  3.8692e-01 -1.1934e+00 -5.9673e-01
-1.4013e+01     7.7004e-01  3.8502e-01 -1.2230e+00 -6.1150e-01
-1.3975e+01     7.5844e-01  3.7922e-01 -1.2522e+00 -6.2613e-01
-1.3937e+01     7.3813e-01  3.6906e-01 -1.2809e+00 -6.4045e-01
-1.3898e+01     7.2674e-01  3.6336e-01 -1.3089e+00 -6.5446e-01
-1.3860e+01     7.1540e-01  3.5769e-01 -1.3365e+00 -6.6826e-01
-1.3822e+01     7.1165e-01  3.5582e-01 -1.3638e+00 -6.8191e-01
-1.3783e+01     6.9501e-01  3.4750e-01 -1.3907e+00 -6.9537e-01
-1.3745e+01     6.7835e-01  3.3917e-01 -1.4170e+00 -7.0851e-01
-1.3707e+01     6.6776e-01  3.3387e-01 -1.4428e+00 -7.2139e-01
-1.3668e+01     6.6089e-01  3.3043e-01 -1.4682e+00 -7.3410e-01
-1.3630e+01     6.4817e-01  3.2407e-01 -1.4932e+00 -7.4662e-01
-1.3592e+01     6.3329e-01  3.1663e-01 -1.5177e+00 -7.5888e-01
-1.3553e+01     6.1876e-01  3.0937e-01 -1.5417e+00 -7.7086e-01
-1.3515e+01     6.0407e-01  3.0202e-01 -1.5651e+00 -7.8256e-01
-1.3477e+01     5.9731e-01  2.9864e-01 -1.5881e+00 -7.9405e-01
-1.3438e+01     5.8609e-01  2.9303e-01 -1.6107e+00 -8.0537e-01
-1.3400e+01     5.7810e-01  2.8903e-01 -1.6330e+00 -8.1651e-01
-1.3362e+01     5.6045e-01  2.8021e-01 -1.6548e+00 -8.2740e-01
-1.3323e+01     5.4232e-01  2.7115e-01 -1.6759e+00 -8.3795e-01
-1.3285e+01     5.2649e-01  2.6323e-01 -1.6964e+00 -8.4818e-01
-1.3247e+01     5.1683e-01  2.5840e-01 -1.7163e+00 -8.5816e-01
-1.3208e+01     5.1005e-01  2.5501e-01 -1.7360e+00 -8.6798e-01
-1.3170e+01     5.0021e-01  2.5009e-01 -1.7553e+00 -8.7765e-01
-1.3132e+01     4.8793e-01  2.4395e-01 -1.7742e+00 -8.8710e-01
-1.3093e+01     4.6774e-01  2.3386e-01 -1.7925e+00 -8.9624e-01
-1.3055e+01     4.4878e-01  2.2438e-01 -1.8100e+00 -9.0501e-01
-1.3017e+01     4.3214e-01  2.1606e-01 -1.8269e+00 -9.1344e-01
-1.2978e+01     4.2251e-01  2.1126e-01 -1.8432e+00 -9.2162e-01
-1.2940e+01     4.1579e-01  2.0792e-01 -1.8593e+00 -9.2964e-01
-1.2902e+01     3.9866e-01  1.9937e-01 -1.8749e+00 -9.3743e-01
-1.2863e+01     3.9053e-01  1.9533e-01 -1.8900e+00 -9.4498e-01
-1.2825e+01     3.7535e-01  1.8777e-01 -1.9046e+00 -9.5232e-01
-1.2787e+01     3.5303e-01  1.7665e-01 -1.9186e+00 -9.5929e-01
-1.2748e+01     3.3142e-01  1.6589e-01 -1.9317e+00 -9.6584e-01
-1.2710e+01     3.2591e-01  1.6322e-01 -1.9442e+00 -9.7214e-01
-1.2672e+01     3.0179e-01  1.5125e-01 -1.9562e+00 -9.7816e-01
-1.2633e+01     2.8053e-01  1.4092e-01 -1.9674e+00 -9.8375e-01
-1.2595e+01     2.7139e-01  1.3693e-01 -1.9779e+00 -9.8906e-01
-1.2557e+01     1.7551e-01  8.9416e-02 -1.9865e+00 -9.9340e-01
-1.2518e+01     1.1928e-01  6.1120e-02 -1.9921e+00 -9.9628e-01
-1.2480e+01     7.8653e-02  4.0576e-02 -1.9959e+00 -9.9822e-01
-1.2442e+01     4.8782e-02  2.5356e-02 -1.9984e+00 -9.9948e-01
-1.2403e+01     3.0849e-02  1.6070e-02 -1.9999e+00 -1.0003e+00
-1.2365e+01     2.6138e-02  1.3399e-02 -2.0010e+00 -1.0008e+00
-1.2327e+01     3.1809e-02  1.5922e-02 -2.0021e+00 -1.0014e+00
-1.2288e+01     4.8125e-02  2.3772e-02 -2.0036e+00 -1.0022e+00
-1.2250e+01     7.7298e-02  3.8080e-02 -2.0060e+00 -1.0033e+00
-1.2212e+01     1.0999e-01  5.4196e-02 -2.0096e+00 -1.0051e+00
-1.2173e+01     1.4488e-01  7.1452e-02 -2.0145e+00 -1.0075e+00
-1.2135e+01     1.7808e-01  8.7916e-02 -2.0207e+00 -1.0106e+00
-1.2097e+01     2.0566e-01  1.0161e-01 -2.0280e+00 -1.0142e+00
-1.2058e+01     2.2986e-01  1.1359e-01 -2.0363e+00 -1.0183e+00
-1.2020e+01     2.6367e-01  1.3039e-01 -2.0458e+00 -1.0230e+00
-1.1982e+01     2.7728e-01  1.3747e-01 -2.0561e+00 -1.0281e+00
-1.1943e+01     3.0669e-01  1.5284e-01 -2.0673e+00 -1.0337e+00
-1.1905e+01     3.3278e-01  1.6626e-01 -2.0795e+00 -1.0398e+00
-1.1867e+01     3.4591e-01  1.7292e-01 -2.0925e+00 -1.0463e+00
-1.1828e+01     3.6324e-01  1.8160e-01 -2.1061e+00 -1.0530e+00
-1.1790e+01     3.7528e-01  1.8762e-01 -2.1202e+00 -1.0601e+00
-1.1752e+01     3.9188e-01  1.9592e-01 -2.1349e+00 -1.0674e+00
-1.1713e+01     4.0945e-01  2.0471e-01 -2.1502e+00 -1.0751e+00
-1.1675e+01     4.3874e-01  2.1935e-01 -2.1665e+00 -1.0832e+00
-1.1637e+01     4.6318e-01  2.3157e-01 -2.1837e+00 -1.0918e+00
-1.1598e+01     4.8767e-01  2.4381e-01 -2.2019e+00 -1.1009e+00
-1.1560e+01     5.1518e-01  2.5757e-01 -2.2211e+00 -1.1105e+00
-1.1522e+01     5.3825e-01  2.6910e-01 -2.2413e+00 -1.1206e+00
-1.1483e+01     5.6241e-01  2.8118e-01 -2.2623e+00 -1.1311e+00
-1.1445e+01     5.9051e-01  2.9523e-01 -2.2844e+00 -1.1422e+00
-1.1407e+01     6.2933e-01  3.1464e-01 -2.3077e+00 -1.1538e+00
-1.1368e+01     8.2922e-01  4.1459e-01 -2.3356e+00 -1.1678e+00
-1.1330e+01     1.0454e+00  5.2270e-01 -2.3715e+00 -1.1857e+00
-1.1292e+01     1.3284e+00  6.6418e-01 -2.4169e+00 -1.2084e+00
-1.1253e+01     2.2372e+00  1.1186e+00 -2.4852e+00 -1.2426e+00
-1.1215e+01     1.4625e+00  7.3126e-01 -2.5560e+00 -1.2780e+00
-1.1177e+01     1.2145e+00  6.0724e-01 -2.6072e+00 -1.3036e+00
-1.1138e+01     1.0713e+00  5.3565e-01 -2.6509e+00 -1.3254e+00
-1.1100e+01     9.7569e-01  4.8784e-01 -2.6901e+00 -1.3450e+00
-1.1062e+01     9.0447e-01  4.5223e-01 -2.7261e+00 -1.3630e+00
-1.1023e+01     8.4570e-01  4.2284e-01 -2.7595e+00 -1.3798e+00
-1.0985e+01     8.0692e-01  4.0345e-01 -2.7912e+00 -1.3956e+00
-1.0947e+01     7.6985e-01  3.8492e-01 -2.8213e+00 -1.4107e+00
-1.0908e+01     7.3668e-01  3.6833e-01 -2.8502e+00 -1.4251e+00
-1.0870e+01     7.0819e-01  3.5409e-01 -2.8778e+00 -1.4389e+00
-1.0832e+01     6.8008e-01  3.4003e-01 -2.9044e+00 -1.4522e+00
-1.0793e+01     6.5475e-01  3.2737e-01 -2.9299e+00 -1.4649e+00
-1.0755e+01     6.2992e-01  3.1495e-01 -2.9545e+00 -1.4772e+00
-1.0717e+01     6.0502e-01  3.0250e-01 -2.9781e+00 -1.4890e+00
-1.0678e+01     5.8697e-01  2.9347e-01 -3.0009e+00 -1.5004e+00
-1.0640e+01     5.7319e-01  2.8659e-01 -3.0231e+00 -1.5115e+00
-1.0602e+01     5.5933e-01  2.7966e-01 -3.0448e+00 -1.5224e+00
-1.0563e+01     5.4449e-01  2.7224e-01 -3.0659e+00 -1.5329e+00
-1.0525e+01     5.3123e-01  2.6560e-01 -3.0865e+00 -1.5432e+00
-1.0487e+01     5.1551e-01  2.5775e-01 -3.1065e+00 -1.5532e+00
-1.0448e+01     5.0198e-01  2.5098e-01 -3.1260e+00 -1.5630e+00
-1.0410e+01     4.8982e-01  2.4490e-01 -3.1450e+00 -1.5725e+00
-1.0372e+01     4.7359e-01  2.3679e-01 -3.1634e+00 -1.5817e+00
-1.0333e+01     4.5890e-01  2.2944e-01 -3.1813e+00 -1.5906e+00
-1.0295e+01     4.5004e-01  2.2501e-01 -3.1987e+00 -1.5993e+00
-1.0257e+01     4.4323e-01  2.2161e-01 -3.2158e+00 -1.6079e+00
-1.0218e+01     4.3438e-01  2.1718e-01 -3.2325e+00 -1.6162e+00
-1.0180e+01     4.2493e-01  2.1246e-01 -3.2490e+00 -1.6245e+00
-1.0142e+01     4.1600e-01  2.0799e-01 -3.2651e+00 -1.6325e+00
-1.0103e+01     4.0673e-01  2.0336e-01 -3.2808e+00 -1.6404e+00
-1.0065e+01     3.9757e-01  1.9878e-01 -3.2962e+00 -1.6481e+00
-1.0027e+01     3.8750e-01  1.9374e-01 -3.3112e+00 -1.6556e+00
-9.9883e+00     3.7882e-01  1.8940e-01 -3.3259e+00 -1.6629e+00
-9.9500e+00     3.6652e-01  1.8325e-01 -3.3402e+00 -1.6701e+00
-9.9117e+00     3.6032e-01  1.8015e-01 -3.3541e+00 -1.6770e+00
-9.8733e+00     3.5488e-01  1.7743e-01 -3.3678e+00 -1.6838e+00
-9.8350e+00     3.4929e-01  1.7464e-01 -3.3812e+00 -1.6906e+00
-9.7967e+00     3.4302e-01  1.7150e-01 -3.3945e+00 -1.6972e+00
-9.7583e+00     3.3609e-01  1.6804e-01 -3.4075e+00 -1.7037e+00
-9.7200e+00     3.3019e-01  1.6509e-01 -3.4202e+00 -1.7101e+00
-9.6817e+00     3.2224e-01  1.6111e-01 -3.4327e+00 -1.7163e+00
-9.6433e+00     3.1604e-01  1.5801e-01 -3.4449e+00 -1.7224e+00
-9.6050e+00     3.1013e-01  1.5506e-01 -3.4569e+00 -1.7284e+00
-9.5667e+00     3.0146e-01  1.5073e-01 -3.4686e+00 -1.7343e+00
-9.5283e+00     2.9352e-01  1.4675e-01 -3.4800e+00 -1.7400e+00
-9.4900e+00     2.8785e-01  1.4392e-01 -3.4911e+00 -1.7455e+00
-9.4517e+00     2.8388e-01  1.4194e-01 -3.5021e+00 -1.7510e+00
-9.4133e+00     2.8050e-01  1.4025e-01 -3.5129e+00 -1.7564e+00
-9.3750e+00     2.7568e-01  1.3784e-01 -3.5235e+00 -1.7617e+00
-9.3367e+00     2.7016e-01  1.3508e-01 -3.5339e+00 -1.7669e+00
-9.2983e+00     2.6505e-01  1.3252e-01 -3.5442e+00 -1.7721e+00
-9.2600e+00     2.6006e-01  1.3003e-01 -3.5542e+00 -1.7771e+00
-9.2217e+00     2.5495e-01  1.2747e-01 -3.5641e+00 -1.7820e+00
-9.1833e+00     2.5015e-01  1.2507e-01 -3.5737e+00 -1.7868e+00
-9.1450e+00     2.4477e-01  1.2238e-01 -3.5832e+00 -1.7916e+00
-9.1067e+00     2.4015e-01  1.2007e-01 -3.5925e+00 -1.7962e+00
-9.0683e+00     2.3269e-01  1.1634e-01 -3.6015e+00 -1.8007e+00
-9.0300e+00     2.2835e-01  1.1417e-01 -3.6104e+00 -1.8051e+00
-8.9917e+00     2.2538e-01  1.1269e-01 -3.6190e+00 -1.8095e+00
-8.9533e+00     2.2207e-01  1.1104e-01 -3.6276e+00 -1.8138e+00
-8.9150e+00     2.1845e-01  1.0922e-01 -3.6360e+00 -1.8180e+00
-8.8767e+00     2.1455e-01  1.0727e-01 -3.6443e+00 -1.8221e+00
-8.8383e+00     2.1039e-01  1.0519e-01 -3.6525e+00 -1.8262e+00
-8.8000e+00     2.0762e-01  1.0381e-01 -3.6605e+00 -1.8302e+00
-8.7617e+00     2.0318e-01  1.0159e-01 -3.6683e+00 -1.8341e+00
-8.7233e+00     1.9934e-01  9.9672e-02 -3.6760e+00 -1.8380e+00
-8.6850e+00     1.9573e-01  9.7865e-02 -3.6836e+00 -1.8418e+00
-8.6467e+00     1.9289e-01  9.6446e-02 -3.6910e+00 -1.8455e+00
-8.6083e+00     1.8738e-01  9.3692e-02 -3.6983e+00 -1.8491e+00
-8.5700e+00     1.8249e-01  9.1247e-02 -3.7054e+00 -1.8527e+00
-8.5317e+00     1.7784e-01  8.8921e-02 -3.7123e+00 -1.8561e+00
-8.4933e+00     2.0090e-01  1.0046e-01 -3.7195e+00 -1.8597e+00
-8.4550e+00     4.3311e-01  2.1660e-01 -3.7316e+00 -1.8658e+00
-8.4167e+00     5.2509e-01  2.6260e-01 -3.7500e+00 -1.8750e+00
-8.3783e+00     6.3889e-01  3.1951e-01 -3.7722e+00 -1.8861e+00
-8.3400e+00     7.3241e-01  3.6628e-01 -3.7985e+00 -1.8992e+00
-8.3017e+00     8.1716e-01  4.0866e-01 -3.8281e+00 -1.9140e+00
-8.2633e+00     9.5031e-01  4.7524e-01 -3.8620e+00 -1.9310e+00
-8.2250e+00     1.1519e+00  5.7606e-01 -3.9022e+00 -1.9511e+00
-8.1867e+00     1.2242e+00  6.1220e-01 -3.9476e+00 -1.9738e+00
-8.1483e+00     1.2106e+00  6.0530e-01 -3.9942e+00 -1.9971e+00
-8.1100e+00     1.1725e+00  5.8548e-01 -4.0398e+00 -2.0199e+00
-8.0717e+00     1.1145e+00  5.5582e-01 -4.0836e+00 -2.0417e+00
-8.0333e+00     1.0878e+00  5.4283e-01 -4.1257e+00 -2.0628e+00
-7.9950e+00     1.0699e+00  5.3420e-01 -4.1670e+00 -2.0834e+00
-7.9567e+00     1.0408e+00  5.1994e-01 -4.2074e+00 -2.1035e+00
-7.9183e+00     1.0096e+00  5.0459e-01 -4.2466e+00 -2.1231e+00
-7.8800e+00     9.8549e-01  4.9285e-01 -4.2848e+00 -2.1422e+00
-7.8417e+00     9.6700e-01  4.8394e-01 -4.3222e+00 -2.1609e+00
-7.8033e+00     9.8211e-01  4.9173e-01 -4.3595e+00 -2.1796e+00
-7.7650e+00     9.7115e-01  4.8639e-01 -4.3969e+00 -2.1983e+00
-7.7267e+00     9.5907e-01  4.8049e-01 -4.4338e+00 -2.2168e+00
-7.6883e+00     9.5389e-01  4.7798e-01 -4.4704e+00 -2.2351e+00
-7.6500e+00     9.6316e-01  4.8229e-01 -4.5071e+00 -2.2535e+00
-7.6117e+00     9.6856e-01  4.8448e-01 -4.5440e+00 -2.2720e+00
-7.5733e+00     9.8294e-01  4.9152e-01 -4.5814e+00 -2.2907e+00
-7.5350e+00     1.0210e+00  5.1033e-01 -4.6197e+00 -2.3099e+00
-7.4967e+00     9.9839e-01  4.9912e-01 -4.6584e+00 -2.3292e+00
-7.4583e+00     9.9029e-01  4.9509e-01 -4.6964e+00 -2.3482e+00
-7.4200e+00     1.0082e+00  5.0403e-01 -4.7347e+00 -2.3673e+00
-7.3817e+00     1.0334e+00  5.1664e-01 -4.7737e+00 -2.3868e+00
-7.3433e+00     1.0323e+00  5.1603e-01 -4.8132e+00 -2.4066e+00
-7.3050e+00     1.0446e+00  5.2224e-01 -4.8530e+00 -2.4265e+00
-7.2667e+00     1.0791e+00  5.3952e-01 -4.8936e+00 -2.4468e+00
-7.2283e+00     1.1046e+00  5.5222e-01 -4.9354e+00 -2.4677e+00
-7.1900e+00     1.1273e+00  5.6357e-01 -4.9781e+00 -2.4890e+00
-7.1517e+00     1.1339e+00  5.6679e-01 -5.0214e+00 -2.5107e+00
-7.1133e+00     1.1525e+00  5.7611e-01 -5.0651e+00 -2.5325e+00
-7.0750e+00     1.1988e+00  5.9926e-01 -5.1101e+00 -2.5550e+00
-7.0367e+00     1.3159e+00  6.5777e-01 -5.1582e+00 -2.5791e+00
-6.9983e+00     1.3555e+00  6.7756e-01 -5.2094e+00 -2.6046e+00
-6.9600e+00     1.4271e+00  7.1333e-01 -5.2626e+00 -2.6312e+00
-6.9217e+00     1.4737e+00  7.3661e-01 -5.3181e+00 -2.6590e+00
-6.8833e+00     1.4525e+00  7.2605e-01 -5.3741e+00 -2.6870e+00
-6.8450e+00     1.4335e+00  7.1656e-01 -5.4293e+00 -2.7146e+00
-6.8067e+00     1.4228e+00  7.1121e-01 -5.4840e+00 -2.7419e+00
-6.7683e+00     1.4154e+00  7.0748e-01 -5.5383e+00 -2.7690e+00
-6.7300e+00     1.4140e+00  7.0680e-01 -5.5924e+00 -2.7961e+00
-6.6917e+00     1.4094e+00  7.0449e-01 -5.6465e+00 -2.8231e+00
-6.6533e+00     1.4054e+00  7.0252e-01 -5.7003e+00 -2.8500e+00
-6.6150e+00     1.4005e+00  7.0008e-01 -5.7540e+00 -2.8769e+00
-6.5767e+00     1.3613e+00  6.8049e-01 -5.8069e+00 -2.9033e+00
-6.5383e+00     1.3676e+00  6.8365e-01 -5.8591e+00 -2.9294e+00
-6.5000e+00     1.3568e+00  6.7822e-01 -5.9112e+00 -2.9554e+00
-6.4617e+00     1.3453e+00  6.7250e-01 -5.9629e+00 -2.9813e+00
-6.4233e+00     1.3411e+00  6.7041e-01 -6.0143e+00 -3.0070e+00
-6.3850e+00     1.3353e+00  6.6749e-01 -6.0655e+00 -3.0326e+00
-6.3467e+00     1.3201e+00  6.5988e-01 -6.1163e+00 -3.0580e+00
-6.3083e+00     1.3141e+00  6.5692e-01 -6.1667e+00 -3.0832e+00
-6.2700e+00     1.3033e+00  6.5153e-01 -6.2168e+00 -3.1082e+00
-6.2317e+00     1.2983e+00  6.4902e-01 -6.2666e+00 -3.1331e+00
-6.1933e+00     1.2969e+00  6.4831e-01 -6.3163e+00 -3.1579e+00
-6.1550e+00     1.2934e+00  6.4662e-01 -6.3658e+00 -3.1827e+00
-6.1167e+00     1.2757e+00  6.3777e-01 -6.4150e+00 -3.2073e+00
-6.0783e+00     1.2624e+00  6.3111e-01 -6.4636e+00 -3.2316e+00
-6.0400e+00     1.2544e+00  6.2710e-01 -6.5117e+00 -3.2556e+00
-6.0017e+00     1.2487e+00  6.2427e-01 -6.5596e+00 -3.2796e+00
-5.9633e+00     1.2409e+00  6.2038e-01 -6.6072e+00 -3.3034e+00
-5.9250e+00     1.2350e+00  6.1746e-01 -6.6546e+00 -3.3271e+00
-5.8867e+00     1.2333e+00  6.1658e-01 -6.7019e+00 -3.3507e+00
-5.8483e+00     1.2195e+00  6.0971e-01 -6.7488e+00 -3.3742e+00
-5.8100e+00     1.2153e+00  6.0762e-01 -6.7954e+00 -3.3975e+00
-5.7717e+00     1.2113e+00  6.0564e-01 -6.8418e+00 -3.4207e+00
-5.7333e+00     1.2046e+00  6.0227e-01 -6.8880e+00 -3.4438e+00
-5.6950e+00     1.1953e+00  5.9765e-01 -6.9340e+00 -3.4668e+00
-5.6567e+00     1.1840e+00  5.9200e-01 -6.9795e+00 -3.4895e+00
-5.6183e+00     1.1740e+00  5.8704e-01 -7.0246e+00 -3.5121e+00
-5.5800e+00     1.1749e+00  5.8751e-01 -7.0695e+00 -3.5345e+00
-5.5417e+00     1.1726e+00  5.8636e-01 -7.1145e+00 -3.5570e+00
-5.5033e+00     1.1704e+00  5.8527e-01 -7.1593e+00 -3.5794e+00
-5.4650e+00     1.1537e+00  5.7689e-01 -7.2038e+00 -3.6017e+00
-5.4267e+00     1.1447e+00  5.7245e-01 -7.2478e+00 -3.6237e+00
-5.3883e+00     1.1653e+00  5.8276e-01 -7.2920e+00 -3.6458e+00
-5.3500e+00     1.1642e+00  5.8223e-01 -7.3365e+00 -3.6681e+00
-5.3117e+00     1.1421e+00  5.7119e-01 -7.3807e+00 -3.6901e+00
-5.2733e+00     1.1311e+00  5.6566e-01 -7.4242e+00 -3.7119e+00
-5.2350e+00     1.0393e+00  5.1977e-01 -7.4657e+00 -3.7326e+00
-5.1967e+00     9.2135e-01  4.6083e-01 -7.5032e+00 -3.7514e+00
-5.1583e+00     8.4557e-01  4.2295e-01 -7.5370e+00 -3.7683e+00
-5.1200e+00     7.8229e-01  3.9132e-01 -7.5682e+00 -3.7839e+00
-5.0817e+00     7.3197e-01  3.6616e-01 -7.5971e+00 -3.7984e+00
-5.0433e+00     6.9746e-01  3.4892e-01 -7.6245e+00 -3.8121e+00
-5.0050e+00     6.6500e-01  3.3269e-01 -7.6506e+00 -3.8251e+00
-4.9667e+00     6.2411e-01  3.1226e-01 -7.6752e+00 -3.8375e+00
-4.9283e+00     5.9215e-01  2.9628e-01 -7.6985e+00 -3.8491e+00
-4.8900e+00     5.6680e-01  2.8361e-01 -7.7207e+00 -3.8602e+00
-4.8517e+00     5.3620e-01  2.6831e-01 -7.7418e+00 -3.8708e+00
-4.8133e+00     5.0642e-01  2.5342e-01 -7.7617e+00 -3.8807e+00
-4.7750e+00     4.8558e-01  2.4300e-01 -7.7807e+00 -3.8902e+00
-4.7367e+00     4.6323e-01  2.3183e-01 -7.7989e+00 -3.8993e+00
-4.6983e+00     4.4431e-01  2.2238e-01 -7.8162e+00 -3.9080e+00
-4.6600e+00     4.2844e-01  2.1445e-01 -7.8329e+00 -3.9164e+00
-4.6217e+00     3.9924e-01  1.9984e-01 -7.8488e+00 -3.9243e+00
-4.5833e+00     3.7762e-01  1.8903e-01 -7.8636e+00 -3.9318e+00
-4.5450e+00     3.5738e-01  1.7891e-01 -7.8777e+00 -3.9388e+00
-4.5067e+00     3.3753e-01  1.6898e-01 -7.8910e+00 -3.9455e+00
-4.4683e+00     3.2474e-01  1.6259e-01 -7.9037e+00 -3.9518e+00
-4.4300e+00     3.0185e-01  1.5115e-01 -7.9157e+00 -3.9578e+00
-4.3917e+00     2.8128e-01  1.4085e-01 -7.9268e+00 -3.9634e+00
-4.3533e+00     2.7150e-01  1.3597e-01 -7.9374e+00 -3.9687e+00
-4.3150e+00     2.5368e-01  1.2705e-01 -7.9474e+00 -3.9737e+00
-4.2767e+00     2.3293e-01  1.1667e-01 -7.9568e+00 -3.9784e+00
-4.2383e+00     2.1355e-01  1.0697e-01 -7.9653e+00 -3.9827e+00
-4.2000e+00     1.9662e-01  9.8499e-02 -7.9731e+00 -3.9866e+00
-4.1617e+00     1.8273e-01  9.1548e-02 -7.9804e+00 -3.9902e+00
-4.1233e+00     1.7370e-01  8.7040e-02 -7.9872e+00 -3.9936e+00
-4.0850e+00     1.4993e-01  7.5133e-02 -7.9934e+00 -3.9967e+00
-4.0467e+00     1.2913e-01  6.4718e-02 -7.9988e+00 -3.9994e+00
-4.0083e+00     1.0795e-01  5.4109e-02 -8.0033e+00 -4.0017e+00
-3.9700e+00     7.0966e-02  3.5575e-02 -8.0067e+00 -4.0034e+00
-3.9317e+00     5.1868e-02  2.6005e-02 -8.0091e+00 -4.0046e+00
-3.8933e+00     5.1361e-04  2.5752e-04 -8.0101e+00 -4.0051e+00
-3.8550e+00     0.0000e+00  0.0000e+00 -8.0101e+00 -4.0051e+00
-3.8167e+00     0.0000e+00  0.0000e+00 -8.0101e+00 -4.0051e+00
-3.7783e+00     0.0000e+00  0.0000e+00 -8.0101e+00 -4.0051e+00
-3.7400e+00     0.0000e+00  0.0000e+00 -8.0101e+00 -4.0051e+00
-3.7017e+00     0.0000e+00  0.0000e+00 -8.0101e+00 -4.0051e+00
-3.6633e+00     0.0000e+00  0.0000e+00 -8.0101e+00 -4.0051e+00
-3.6250e+00     0.0000e+00  0.0000e+00 -8.0101e+00 -4.0051e+00
-3.5867e+00     0.0000e+00  0.0000e+00 -8.0101e+00 -4.0051e+00
-3.5483e+00     0.0000e+00  0.0000e+00 -8.0101e+00 -4.0051e+00
-3.5100e+00     0.0000e+00  0.0000e+00 -8.0101e+00 -4.0051e+00
-3.4717e+00     0.0000e+00  0.0000e+00 -8.0101e+00 -4.0051e+00
-3.4333e+00     0.0000e+00  0.0000e+00 -8.0101e+00 -4.0051e+00
-3.3950e+00     0.0000e+00  0.0000e+00 -8.0101e+00 -4.0051e+00
-3.3567e+00     0.0000e+00  0.0000e+00 -8.0101e+00 -4.0051e+00
-3.3183e+00     0.0000e+00  0.0000e+00 -8.0101e+00 -4.0051e+00
-3.2800e+00     0.0000e+00  0.0000e+00 -8.0101e+00 -4.0051e+00
-3.2417e+00     0.0000e+00  0.0000e+00 -8.0101e+00 -4.0051e+00
-3.2033e+00     0.0000e+00  0.0000e+00 -8.0101e+00 -4.0051e+00
-3.1650e+00     0.0000e+00  0.0000e+00 -8.0101e+00 -4.0051e+00
-3.1267e+00     0.0000e+00  0.0000e+00 -8.0101e+00 -4.0051e+00
-3.0883e+00     0.0000e+00  0.0000e+00 -8.0101e+00 -4.0051e+00
-3.0500e+00     0.0000e+00  0.0000e+00 -8.0101e+00 -4.0051e+00
-3.0117e+00     0.0000e+00  0.0000e+00 -8.0101e+00 -4.0051e+00
-2.9733e+00     0.0000e+00  0.0000e+00 -8.0101e+00 -4.0051e+00
-2.9350e+00     0.0000e+00  0.0000e+00 -8.0101e+00 -4.0051e+00
-2.8967e+00     0.0000e+00  0.0000e+00 -8.0101e+00 -4.0051e+00
-2.8583e+00     0.0000e+00  0.0000e+00 -8.0101e+00 -4.0051e+00
-2.8200e+00     0.0000e+00  0.0000e+00 -8.0101e+00 -4.0051e+00
-2.7817e+00     0.0000e+00  0.0000e+00 -8.0101e+00 -4.0051e+00
-2.7433e+00     0.0000e+00  0.0000e+00 -8.0101e+00 -4.0051e+00
-2.7050e+00     0.0000e+00  0.0000e+00 -8.0101e+00 -4.0051e+00
-2.6667e+00     0.0000e+00  0.0000e+00 -8.0101e+00 -4.0051e+00
-2.6283e+00     0.0000e+00  0.0000e+00 -8.0101e+00 -4.0051e+00
-2.5900e+00     0.0000e+00  0.0000e+00 -8.0101e+00 -4.0051e+00
-2.5517e+00     0.0000e+00  0.0000e+00 -8.0101e+00 -4.0051e+00
-2.5133e+00     0.0000e+00  0.0000e+00 -8.0101e+00 -4.0051e+00
-2.4750e+00     0.0000e+00  0.0000e+00 -8.0101e+00 -4.0051e+00
-2.4367e+00     0.0000e+00  0.0000e+00 -8.0101e+00 -4.0051e+00
-2.3983e+00     0.0000e+00  0.0000e+00 -8.0101e+00 -4.0051e+00
-2.3600e+00     0.0000e+00  0.0000e+00 -8.0101e+00 -4.0051e+00
-2.3217e+00     0.0000e+00  0.0000e+00 -8.0101e+00 -4.0051e+00
-2.2833e+00     0.0000e+00  0.0000e+00 -8.0101e+00 -4.0051e+00
-2.2450e+00     0.0000e+00  0.0000e+00 -8.0101e+00 -4.0051e+00
-2.2067e+00     0.0000e+00  0.0000e+00 -8.0101e+00 -4.0051e+00
-2.1683e+00     0.0000e+00  0.0000e+00 -8.0101e+00 -4.0051e+00
-2.1300e+00     0.0000e+00  0.0000e+00 -8.0101e+00 -4.0051e+00
-2.0917e+00     0.0000e+00  0.0000e+00 -8.0101e+00 -4.0051e+00
-2.0533e+00     9.0993e-03  4.5509e-03 -8.0103e+00 -4.0052e+00
-2.0150e+00     4.2189e-02  2.1101e-02 -8.0112e+00 -4.0057e+00
-1.9767e+00     8.3129e-02  4.1560e-02 -8.0136e+00 -4.0069e+00
-1.9383e+00     1.1368e-01  5.6704e-02 -8.0174e+00 -4.0088e+00
-1.9000e+00     1.3585e-01  6.7529e-02 -8.0222e+00 -4.0111e+00
-1.8617e+00     1.5944e-01  7.8905e-02 -8.0278e+00 -4.0139e+00
-1.8233e+00     1.8838e-01  9.3252e-02 -8.0345e+00 -4.0172e+00
-1.7850e+00     2.1608e-01  1.0763e-01 -8.0422e+00 -4.0211e+00
-1.7467e+00     2.5334e-01  1.2689e-01 -8.0512e+00 -4.0256e+00
-1.7083e+00     2.8230e-01  1.4196e-01 -8.0615e+00 -4.0307e+00
-1.6700e+00     3.0944e-01  1.5610e-01 -8.0728e+00 -4.0364e+00
-1.6317e+00     3.2763e-01  1.6520e-01 -8.0850e+00 -4.0426e+00
-1.5933e+00     3.5085e-01  1.7586e-01 -8.0979e+00 -4.0491e+00
-1.5550e+00     3.6639e-01  1.8350e-01 -8.1117e+00 -4.0560e+00
-1.5167e+00     3.8547e-01  1.9310e-01 -8.1261e+00 -4.0632e+00
-1.4783e+00     4.0191e-01  2.0134e-01 -8.1411e+00 -4.0707e+00
-1.4400e+00     4.1722e-01  2.0901e-01 -8.1568e+00 -4.0786e+00
-1.4017e+00     4.3690e-01  2.1885e-01 -8.1731e+00 -4.0868e+00
-1.3633e+00     4.5820e-01  2.2949e-01 -8.1903e+00 -4.0953e+00
-1.3250e+00     4.9286e-01  2.4681e-01 -8.2085e+00 -4.1044e+00
-1.2867e+00     5.3516e-01  2.6800e-01 -8.2281e+00 -4.1143e+00
-1.2483e+00     5.7775e-01  2.8936e-01 -8.2494e+00 -4.1250e+00
-1.2100e+00     6.2486e-01  3.1296e-01 -8.2724e+00 -4.1365e+00
-1.1717e+00     6.4569e-01  3.2337e-01 -8.2968e+00 -4.1487e+00
-1.1333e+00     6.6283e-01  3.3192e-01 -8.3218e+00 -4.1612e+00
-1.0950e+00     6.9451e-01  3.4778e-01 -8.3478e+00 -4.1742e+00
-1.0567e+00     7.2226e-01  3.6166e-01 -8.3749e+00 -4.1878e+00
-1.0183e+00     7.4768e-01  3.7438e-01 -8.4030e+00 -4.2019e+00
-9.8000e-01     7.7693e-01  3.8901e-01 -8.4322e+00 -4.2165e+00
-9.4167e-01     8.1170e-01  4.0640e-01 -8.4626e+00 -4.2317e+00
-9.0333e-01     8.4249e-01  4.2178e-01 -8.4942e+00 -4.2475e+00
-8.6500e-01     8.7502e-01  4.3804e-01 -8.5271e+00 -4.2640e+00
-8.2667e-01     9.0958e-01  4.5530e-01 -8.5612e+00 -4.2811e+00
-7.8833e-01     9.4387e-01  4.7243e-01 -8.5967e+00 -4.2988e+00
-7.5000e-01     9.8523e-01  4.9311e-01 -8.6336e+00 -4.3173e+00
-7.1167e-01     1.0296e+00  5.1529e-01 -8.6722e+00 -4.3366e+00
-6.7333e-01     1.0742e+00  5.3759e-01 -8.7124e+00 -4.3568e+00
-6.3500e-01     1.1216e+00  5.6127e-01 -8.7544e+00 -4.3778e+00
-5.9667e-01     1.1735e+00  5.8721e-01 -8.7984e+00 -4.3998e+00
-5.5833e-01     1.2350e+00  6.1799e-01 -8.8444e+00 -4.4228e+00
-5.2000e-01     1.3299e+00  6.6537e-01 -8.8935e+00 -4.4474e+00
-4.8167e-01     1.5369e+00  7.6887e-01 -8.9484e+00 -4.4748e+00
-4.4333e-01     1.6221e+00  8.1143e-01 -9.0088e+00 -4.5051e+00
-4.0500e-01     1.6722e+00  8.3642e-01 -9.0719e+00 -4.5366e+00
-3.6667e-01     1.7340e+00  8.6725e-01 -9.1370e+00 -4.5692e+00
-3.2833e-01     1.6937e+00  8.4717e-01 -9.2026e+00 -4.6020e+00
-2.9000e-01     1.5553e+00  7.7817e-01 -9.2648e+00 -4.6331e+00
-2.5167e-01     1.5310e+00  7.6624e-01 -9.3239e+00 -4.6626e+00
-2.1333e-01     1.4787e+00  7.4010e-01 -9.3814e+00 -4.6915e+00
-1.7500e-01     1.3466e+00  6.7388e-01 -9.4355e+00 -4.7185e+00
-1.3667e-01     1.2758e+00  6.3836e-01 -9.4857e+00 -4.7436e+00
-9.8333e-02     1.2594e+00  6.3023e-01 -9.5342e+00 -4.7679e+00
-6.0000e-02     1.2404e+00  6.2075e-01 -9.5820e+00 -4.7918e+00
-2.1667e-02     1.2199e+00  6.1054e-01 -9.6291e+00 -4.8154e+00
1.6667e-02     1.1683e+00  5.8476e-01 -9.6748e+00 -4.8383e+00
5.5000e-02     1.1353e+00  5.6831e-01 -9.7189e+00 -4.8603e+00
9.3333e-02     1.1020e+00  5.5170e-01 -9.7617e+00 -4.8818e+00
1.3167e-01     1.0724e+00  5.3691e-01 -9.8033e+00 -4.9026e+00
1.7000e-01     1.0775e+00  5.3950e-01 -9.8444e+00 -4.9232e+00
2.0833e-01     1.0966e+00  5.4916e-01 -9.8860e+00 -4.9440e+00
2.4667e-01     1.0779e+00  5.3984e-01 -9.9277e+00 -4.9649e+00
2.8500e-01     1.0742e+00  5.3800e-01 -9.9688e+00 -4.9855e+00
3.2333e-01     9.7799e-01  4.8994e-01 -1.0008e+01 -5.0052e+00
3.6167e-01     9.5653e-01  4.7922e-01 -1.0045e+01 -5.0237e+00
4.0000e-01     9.1380e-01  4.5787e-01 -1.0081e+01 -5.0416e+00
4.3833e-01     8.9899e-01  4.5049e-01 -1.0116e+01 -5.0590e+00
4.7667e-01     8.8671e-01  4.4437e-01 -1.0150e+01 -5.0761e+00
5.1500e-01     8.4379e-01  4.2290e-01 -1.0183e+01 -5.0927e+00
5.5333e-01     8.3363e-01  4.1784e-01 -1.0215e+01 -5.1088e+00
5.9167e-01     8.1652e-01  4.0929e-01 -1.0247e+01 -5.1247e+00
6.3000e-01     8.0531e-01  4.0367e-01 -1.0278e+01 -5.1402e+00
6.6833e-01     8.2368e-01  4.1287e-01 -1.0309e+01 -5.1558e+00
7.0667e-01     8.6730e-01  4.3471e-01 -1.0341e+01 -5.1721e+00
7.4500e-01     9.0246e-01  4.5228e-01 -1.0375e+01 -5.1890e+00
7.8333e-01     9.4207e-01  4.7207e-01 -1.0410e+01 -5.2067e+00
8.2167e-01     9.2001e-01  4.6102e-01 -1.0446e+01 -5.2246e+00
8.6000e-01     9.7128e-01  4.8669e-01 -1.0482e+01 -5.2427e+00
8.9833e-01     1.1296e+00  5.6591e-01 -1.0522e+01 -5.2628e+00
9.3667e-01     1.4575e+00  7.2994e-01 -1.0572e+01 -5.2876e+00
9.7500e-01     1.7425e+00  8.7236e-01 -1.0633e+01 -5.3183e+00
1.0133e+00     1.9829e+00  9.9227e-01 -1.0704e+01 -5.3540e+00
1.0517e+00     2.1003e+00  1.0507e+00 -1.0782e+01 -5.3931e+00
1.0900e+00     2.0421e+00  1.0215e+00 -1.0862e+01 -5.4327e+00
1.1283e+00     1.9532e+00  9.7691e-01 -1.0938e+01 -5.4710e+00
1.1667e+00     1.8742e+00  9.3729e-01 -1.1011e+01 -5.5076e+00
1.2050e+00     1.6573e+00  8.2894e-01 -1.1079e+01 -5.5414e+00
1.2433e+00     1.4867e+00  7.4375e-01 -1.1139e+01 -5.5715e+00
1.2817e+00     1.4814e+00  7.4094e-01 -1.1196e+01 -5.5999e+00
1.3200e+00     1.4842e+00  7.4234e-01 -1.1253e+01 -5.6283e+00
1.3583e+00     1.5138e+00  7.5702e-01 -1.1310e+01 -5.6570e+00
1.3967e+00     1.5479e+00  7.7394e-01 -1.1369e+01 -5.6862e+00
1.4350e+00     1.5617e+00  7.8071e-01 -1.1428e+01 -5.7160e+00
1.4733e+00     1.5876e+00  7.9355e-01 -1.1488e+01 -5.7461e+00
1.5117e+00     1.6394e+00  8.1935e-01 -1.1550e+01 -5.7770e+00
1.5500e+00     1.6188e+00  8.0895e-01 -1.1612e+01 -5.8081e+00
1.5883e+00     1.4562e+00  7.2777e-01 -1.1671e+01 -5.8375e+00
1.6267e+00     1.3403e+00  6.7000e-01 -1.1725e+01 -5.8643e+00
1.6650e+00     1.2607e+00  6.3030e-01 -1.1775e+01 -5.8892e+00
1.7033e+00     1.1916e+00  5.9585e-01 -1.1822e+01 -5.9126e+00
1.7417e+00     1.1256e+00  5.6291e-01 -1.1866e+01 -5.9348e+00
1.7800e+00     1.1067e+00  5.5353e-01 -1.1909e+01 -5.9562e+00
1.8183e+00     1.0927e+00  5.4655e-01 -1.1951e+01 -5.9772e+00
1.8567e+00     1.0365e+00  5.1846e-01 -1.1991e+01 -5.9976e+00
1.8950e+00     9.6334e-01  4.8186e-01 -1.2030e+01 -6.0167e+00
1.9333e+00     9.2566e-01  4.6300e-01 -1.2066e+01 -6.0348e+00
1.9717e+00     9.0393e-01  4.5212e-01 -1.2101e+01 -6.0523e+00
2.0100e+00     8.9380e-01  4.4704e-01 -1.2135e+01 -6.0695e+00
2.0483e+00     8.8882e-01  4.4453e-01 -1.2169e+01 -6.0866e+00
2.0867e+00     8.9359e-01  4.4692e-01 -1.2203e+01 -6.1037e+00
2.1250e+00     8.9490e-01  4.4756e-01 -1.2238e+01 -6.1208e+00
2.1633e+00     9.0343e-01  4.5182e-01 -1.2272e+01 -6.1380e+00
2.2017e+00     9.2831e-01  4.6427e-01 -1.2307e+01 -6.1555e+00
2.2400e+00     9.6060e-01  4.8042e-01 -1.2343e+01 -6.1736e+00
2.2783e+00     9.6698e-01  4.8359e-01 -1.2380e+01 -6.1920e+00
2.3167e+00     9.4256e-01  4.7118e-01 -1.2417e+01 -6.2103e+00
2.3550e+00     9.6431e-01  4.8201e-01 -1.2453e+01 -6.2285e+00
2.3933e+00     9.7168e-01  4.8564e-01 -1.2490e+01 -6.2471e+00
2.4317e+00     1.0078e+00  5.0364e-01 -1.2528e+01 -6.2660e+00
2.4700e+00     9.9575e-01  4.9746e-01 -1.2566e+01 -6.2851e+00
2.5083e+00     1.0005e+00  4.9971e-01 -1.2605e+01 -6.3042e+00
2.5467e+00     1.0384e+00  5.1851e-01 -1.2644e+01 -6.3237e+00
2.5850e+00     1.0948e+00  5.4647e-01 -1.2684e+01 -6.3441e+00
2.6233e+00     1.2188e+00  6.0334e-01 -1.2729e+01 -6.3661e+00
2.6617e+00     1.2642e+00  6.3042e-01 -1.2776e+01 -6.3897e+00
2.7000e+00     1.2915e+00  6.4396e-01 -1.2825e+01 -6.4141e+00
2.7383e+00     1.1974e+00  5.9721e-01 -1.2873e+01 -6.4378e+00
2.7767e+00     1.1358e+00  5.6665e-01 -1.2917e+01 -6.4601e+00
2.8150e+00     1.0994e+00  5.4859e-01 -1.2960e+01 -6.4814e+00
2.8533e+00     1.0996e+00  5.4876e-01 -1.3002e+01 -6.5024e+00
2.8917e+00     1.1196e+00  5.5881e-01 -1.3045e+01 -6.5236e+00
2.9300e+00     1.0979e+00  5.4800e-01 -1.3087e+01 -6.5448e+00
2.9683e+00     1.0836e+00  5.4087e-01 -1.3129e+01 -6.5656e+00
3.0067e+00     1.0731e+00  5.3559e-01 -1.3170e+01 -6.5862e+00
3.0450e+00     1.0732e+00  5.3567e-01 -1.3211e+01 -6.6067e+00
3.0833e+00     1.0865e+00  5.4230e-01 -1.3253e+01 -6.6274e+00
3.1217e+00     1.1238e+00  5.6098e-01 -1.3295e+01 -6.6485e+00
3.1600e+00     1.1021e+00  5.5019e-01 -1.3337e+01 -6.6697e+00
3.1983e+00     1.0492e+00  5.2374e-01 -1.3379e+01 -6.6903e+00
3.2367e+00     1.0506e+00  5.2439e-01 -1.3419e+01 -6.7103e+00
3.2750e+00     1.0619e+00  5.3007e-01 -1.3459e+01 -6.7305e+00
3.3133e+00     1.0571e+00  5.2769e-01 -1.3500e+01 -6.7508e+00
3.3517e+00     1.0757e+00  5.3698e-01 -1.3541e+01 -6.7711e+00
3.3900e+00     1.1320e+00  5.6496e-01 -1.3583e+01 -6.7922e+00
3.4283e+00     1.1327e+00  5.6514e-01 -1.3626e+01 -6.8138e+00
3.4667e+00     1.1004e+00  5.4858e-01 -1.3669e+01 -6.8351e+00
3.5050e+00     1.1113e+00  5.5374e-01 -1.3711e+01 -6.8562e+00
3.5433e+00     1.1141e+00  5.5502e-01 -1.3754e+01 -6.8775e+00
3.5817e+00     1.0619e+00  5.2909e-01 -1.3795e+01 -6.8982e+00
3.6200e+00     1.0293e+00  5.1288e-01 -1.3835e+01 -6.9181e+00
3.6583e+00     9.9271e-01  4.9469e-01 -1.3874e+01 -6.9374e+00
3.6967e+00     9.7257e-01  4.8467e-01 -1.3912e+01 -6.9562e+00
3.7350e+00     9.5499e-01  4.7593e-01 -1.3949e+01 -6.9745e+00
3.7733e+00     9.4214e-01  4.6955e-01 -1.3985e+01 -6.9926e+00
3.8117e+00     9.3483e-01  4.6593e-01 -1.4021e+01 -7.0105e+00
3.8500e+00     9.4070e-01  4.6890e-01 -1.4057e+01 -7.0284e+00
3.8883e+00     9.1446e-01  4.5583e-01 -1.4092e+01 -7.0461e+00
3.9267e+00     9.0821e-01  4.5273e-01 -1.4127e+01 -7.0635e+00
3.9650e+00     9.0757e-01  4.5248e-01 -1.4162e+01 -7.0808e+00
4.0033e+00     9.6485e-01  4.8124e-01 -1.4198e+01 -7.0987e+00
4.0417e+00     1.0043e+00  5.0109e-01 -1.4235e+01 -7.1175e+00
4.0800e+00     9.6611e-01  4.8198e-01 -1.4273e+01 -7.1363e+00
4.1183e+00     8.9812e-01  4.4798e-01 -1.4309e+01 -7.1541e+00
4.1567e+00     8.0776e-01  4.0265e-01 -1.4341e+01 -7.1704e+00
4.1950e+00     7.7031e-01  3.8385e-01 -1.4372e+01 -7.1854e+00
4.2333e+00     7.4581e-01  3.7157e-01 -1.4401e+01 -7.1999e+00
4.2717e+00     7.4260e-01  3.7002e-01 -1.4429e+01 -7.2141e+00
4.3100e+00     7.6151e-01  3.7960e-01 -1.4458e+01 -7.2284e+00
4.3483e+00     7.9514e-01  3.9660e-01 -1.4488e+01 -7.2433e+00
4.3867e+00     7.8152e-01  3.8980e-01 -1.4518e+01 -7.2583e+00
4.4250e+00     7.9487e-01  3.9661e-01 -1.4548e+01 -7.2733e+00
4.4633e+00     8.1746e-01  4.0805e-01 -1.4579e+01 -7.2887e+00
4.5017e+00     8.4759e-01  4.2328e-01 -1.4611e+01 -7.3047e+00
4.5400e+00     8.8558e-01  4.4248e-01 -1.4644e+01 -7.3212e+00
4.5783e+00     9.2820e-01  4.6405e-01 -1.4679e+01 -7.3386e+00
4.6167e+00     9.6609e-01  4.8321e-01 -1.4715e+01 -7.3567e+00
4.6550e+00     9.9541e-01  4.9809e-01 -1.4752e+01 -7.3755e+00
4.6933e+00     1.0284e+00  5.1475e-01 -1.4791e+01 -7.3948e+00
4.7317e+00     1.0503e+00  5.2583e-01 -1.4831e+01 -7.4148e+00
4.7700e+00     1.0462e+00  5.2385e-01 -1.4871e+01 -7.4348e+00
4.8083e+00     1.0231e+00  5.1222e-01 -1.4911e+01 -7.4547e+00
4.8467e+00     1.0276e+00  5.1457e-01 -1.4950e+01 -7.4743e+00
4.8850e+00     1.0556e+00  5.2867e-01 -1.4990e+01 -7.4943e+00
4.9233e+00     9.8245e-01  4.9182e-01 -1.5029e+01 -7.5138e+00
4.9617e+00     8.9806e-01  4.4935e-01 -1.5065e+01 -7.5318e+00
