Created with astools
CRYSTAL
0 0 0
1
9.91985 9.78763 10.2307 90.00000 90.00000 90.00000
84
  8     0.232048000     0.859318000     0.526410000
  8     0.209666000     0.318485000     0.262657000
  8     0.173454000     0.273110000     0.723452000
  8     0.131903000     0.572336000     0.322882000
  8     0.912574000     0.310102000    -0.018523000
  8     0.471376000     0.341420000     0.199007000
  8     0.335426000     0.073202000     0.636513000
  8     0.731526000     0.446207000     0.093991000
  8     0.629455000     0.159507000     0.417600000
  8     0.163891000     0.653116000     0.813588000
  8     0.794352000     0.088964000     0.582963000
  8     0.412285000     0.416938000     0.733168000
  8     0.214897000     0.512158000     0.591644000
  8     0.995104000     0.861830000     0.389868000
  8     0.973243000     0.838713000     0.899513000
  8     0.154813000     0.021018000     0.262302000
  8     0.806583000     0.574700000     0.496874000
  8     0.531217000     0.599137000     0.145983000
  8     0.437902000     0.626701000     0.560933000
  8     0.754985000     0.876294000     0.475491000
  8     0.500315000     0.011833000     0.909149000
  8     0.589396000     0.761513000     0.974749000
  8     0.506972000     0.877001000     0.555951000
  8     0.446446000     0.790027000     0.776304000
  8     0.889425000     0.079375000     0.854117000
  8     0.539180000     0.352761000     0.961439000
  8     0.642885000     0.189365000     0.772687000
  8     0.861370000     0.639617000     0.283814000
  8     0.278759000     0.346538000     0.016278000
  8     0.024282000     0.968588000     0.654614000
  8     0.165879000     0.040523000     0.851643000
  8     0.381238000     0.556439000     0.922548000
  8     0.986658000     0.492443000     0.682065000
  8     0.694509000     0.149046000     0.017617000
  8     0.078062000     0.330157000     0.482610000
  8     0.917959000     0.266928000     0.694947000
  8     0.862426000     0.059988000     0.318820000
  8     0.387535000     0.016619000     0.378431000
  8     0.446642000     0.369055000     0.486578000
  8     0.950204000     0.055986000     0.099213000
  8     0.635120000     0.752579000     0.303748000
  8     0.938270000     0.387808000     0.293554000
  8     0.699627000     0.360430000     0.593201000
  8     0.274786000     0.797860000     0.255744000
  8     0.663394000     0.658837000     0.674206000
  8     0.769280000     0.474197000     0.815953000
  8     0.024075000     0.719984000     0.596096000
  8     0.674941000     0.416919000     0.343617000
  8     0.178994000     0.613053000     0.076343000
  8     0.918883000     0.599076000     0.994106000
  8     0.307645000     0.817302000     0.971460000
  8     0.027237000     0.804160000     0.155454000
  8     0.776006000     0.810757000     0.107628000
  8     0.480405000     0.891758000     0.153568000
  8     0.389831000     0.211465000     0.850694000
  8     0.347884000     0.110196000     0.141065000
 14     0.265630000     0.139288000     0.765056000
 14     0.322602000     0.272868000     0.154047000
 14     0.834830000     0.457982000     0.967524000
 14     0.365913000     0.957343000     0.523242000
 14     0.755625000     0.042291000     0.437358000
 14    -0.000827000     0.979877000     0.244842000
 14     0.107628000     0.608137000     0.674384000
 14     0.157587000     0.696077000     0.212637000
 14     0.775830000     0.746409000     0.379299000
 14     0.519420000     0.740077000     0.646492000
 14     0.566874000     0.444262000     0.111191000
 14     0.259015000     0.661180000     0.945330000
 14     0.768355000     0.212460000     0.679765000
 14     0.859655000     0.148515000     0.000301000
 14     0.385225000     0.389799000     0.893396000
 14     0.051398000     0.338470000     0.638773000
 14     0.068762000     0.865742000     0.533916000
 14     0.564373000     0.164137000     0.912392000
 14     0.598799000     0.319285000     0.450455000
 14     0.822317000     0.490749000     0.342963000
 14     0.331207000     0.964275000     0.232945000
 14     0.015001000     0.977009000     0.816284000
 14     0.098473000     0.406348000     0.338387000
 14     0.598369000     0.764884000     0.140384000
 14     0.464939000     0.852829000     0.926937000
 14     0.378269000     0.478215000     0.593578000
 14     0.911923000     0.763417000     0.033059000
 14     0.759468000     0.523922000     0.659517000
ENDGEOM
14 6
0 0 8 2. 1.0
	87645.8     0.000237
	12851.8     0.00192
	 2786.28    0.0109
	  728.043   0.0496
	  219.516   0.1668
	   75.9006  0.363
	   29.4602  0.4051
	   11.9891  0.1504
0 1 6 8. 1.0
	165.958 -0.00884 0.00909
	 39.3727 -0.0859 0.0601
	 12.7112 -0.0712 0.1952
	  4.7177 0.4147 0.3384
	  1.8482 0.6168 0.3006
	  0.7365 0.1154 0.0648
0 1 3 4 1.
	4.1752 -0.0199 -0.0087
	1.4472 -0.1864 -0.00438
	0.5023 0.0967 0.2207
0 1 1 0. 1.
	0.322 1. 1.
0 1 1 0. 1.
	0.13 1. 1.
0 3 1 0. 1.
	0.6 1.
8  4                          |      ===== Modified OXYGEN BASIS  =====
0 0 8 2.0 1.0
 8020.0    0.00108
 1338.0    0.00804
  255.4    0.05324
   69.22   0.1681
   23.90   0.3581
    9.264  0.3855
    3.851  0.1468
    1.212  0.0728
0 1 4 6.0 1.0
   49.43  -0.00883 0.00958
   10.47  -0.0915  0.0696
    3.235 -0.0402  0.2065
    1.217  0.379   0.347
0  1  1  0. 1.                |               3sp:  1 Gaussian
.4763    1.       1.
0  1  1  0. 1.                |               3sp:  1 Gaussian
.190     1.       1.
99 0
END
SHRINK
2 2
DFT 
EXCHANGE
BECKE 
CORRELAT
LYP
HYBRID
5
NONLOCAL
0.9 0.81
XLGRID
SPIN
END
TOLINTEG
8 8 8 8 16
SCFDIR
SMEAR
0.0
MAXCYCLE                      |             maximum No.
250                            |             of cycles
FMIXING                       |
95
BROYDEN
0.0001 90 40
TOLDEE
7
END
