Created with astools
CRYSTAL
0 0 0
1
10.713439 10.839120 21.916644 90.00000 90.00000 90.00000
168
 8            0.045175   0.066100   0.097700   
 8            0.032496   0.576190   0.074363   
 8            0.512271   0.071966   0.077913   
 8            0.544270   0.549266   0.095997   
 8            0.747881   0.139134   0.006792   
 8            0.638210   0.364793   0.047496   
 8            0.433966   0.713025   0.038455   
 8            0.236465   0.880240   0.057863   
 8            0.651051   0.906782   0.020002   
 8            0.844393   0.723316   0.049248   
 8            0.311789   0.202080   0.044937   
 8            0.153353   0.442903   0.549519   
 8            0.144394   0.903895   0.568035   
 8            0.665340   0.382906   0.541329   
 8            0.678603   0.937533   0.549833   
 8            0.742399   0.546484   0.601287   
 8            0.079087   0.191085   0.643779   
 8            0.360986   0.267109   0.695289   
 8            0.352519   0.037083   0.669376   
 8            0.444643   0.709463   0.567371   
 8            0.543751   0.479442   0.663312   
 8            0.296756   0.516279   0.659451   
 8            0.877397   0.365070   0.603939   
 8            0.573926   0.102559   0.599646   
 8            1.011913   0.663825   0.582350   
 8            0.935902   0.974409   0.600142   
 8            0.763475   0.771607   0.612904   
 8            0.295346   0.058413   0.888565   
 8            0.812373   0.799482   0.798676   
 8            0.421763   0.911413   0.944760   
 8            0.541298   0.428780   0.789107   
 8            0.246715   0.029052   0.761874   
 8            0.272097   0.315640   0.797888   
 8            0.608100   0.264131   0.713543   
 8            0.320520   0.527375   0.012957   
 8            0.105161   0.539694   0.818331   
 8            0.009516   0.004984   0.850705   
 8            0.850257   0.282068   0.778626   
 8            0.804795   0.443567   0.701713   
 8            0.789678   0.250059   0.905147   
 8            0.995678   0.904437   0.710709   
 8            0.311532   0.584832   0.762991   
 8            0.017332   0.518287   0.924095   
 8            0.209606   0.781746   0.683589   
 8            0.733438   0.953618   0.718342   
 8            0.071170   0.745009   0.984902   
 8            0.342161   0.517879   0.876049   
 8            0.104539   0.788709   0.842207   
 8            0.284714   0.711300   0.928793   
 8            0.768995   0.510619   0.848853   
 8            0.800386   0.491637  -0.003898   
 8            0.119052   0.079967   0.986098   
 8            0.091264   0.393852   0.709708   
 8            0.547626   0.123622   0.929407   
 8            0.681319   0.666935   0.711803   
 8            0.620113   0.900767   0.888583   
 8            0.528188   0.166451   0.812120   
 8            0.998962   0.653276   0.697374   
 8            0.856868   0.698836   0.924631   
 8            0.028525   0.158319   0.755617   
 8            0.269147   0.312625   0.942188   
 8            0.582155   0.638613   0.944842   
 8            0.787318   0.078223   0.834843   
 8            0.334826   0.831857   0.822124   
 8            0.504157   0.797931   0.683744   
 8            0.841788   0.926801   0.939352   
 8            0.947923   0.270782   0.033639   
 8            0.557875   0.689940   0.826427   
 8            0.555549   0.398451   0.935957   
 8            0.499683   0.956666   0.770078   
 8            0.792635   0.186374   0.653938   
 8            0.055863   0.272303   0.901074   
 14           0.151183   0.446841   0.089638   
 14           0.401832   0.166533   0.105900   
 14           0.058238   0.325952   0.166861   
 14           0.289960   0.051607   0.174830   
 14           0.166229   0.187640   0.228734   
 14           0.396754   0.445183   0.226818   
 14           0.148225   0.952690   0.113844   
 14           0.450417   0.678120   0.112660   
 14           0.030030   0.813912   0.168473   
 14           0.279298   0.570282   0.157365   
 14           0.162960   0.687880   0.226353   
 14           0.426168   0.922978   0.226528   
 14           0.639768   0.426500   0.117994   
 14           0.951450   0.189141   0.105762   
 14           0.512179   0.300979   0.172833   
 14           0.781582   0.079098   0.150060   
 14           0.659513   0.181632   0.225168   
 14           0.921905   0.425875   0.230881   
 14           0.633520   0.977827   0.086354   
 14           0.917079   0.675035   0.111996   
 14           0.566116   0.826634   0.159761   
 14           0.796313   0.539838   0.166731   
 14           0.675691   0.683404   0.220530   
 14           0.899473   0.950303   0.219876   
 14           0.036029   0.060473   0.285752   
 14           0.285270   0.311062   0.290604   
 14           0.047428   0.553795   0.288666   
 14           0.295108   0.805519   0.288154   
 14           0.540350   0.053226   0.288601   
 14           0.790893   0.300787   0.287992   
 14           0.543554   0.562732   0.281703   
 14           0.793297   0.811217   0.282679   
 14           0.159665   0.424577   0.355325   
 14           0.409966   0.178727   0.348480   
 14           0.033981   0.296842   0.419450   
 14           0.279954   0.061546   0.415361   
 14           0.150689   0.171012   0.486123   
 14           0.405016   0.404182   0.471916   
 14           0.165985   0.934374   0.347569   
 14           0.419463   0.677234   0.347704   
 14           0.054841   0.794585   0.407907   
 14           0.305078   0.542218   0.407981   
 14           0.199916   0.683994   0.467205   
 14           0.410131   0.934689   0.475878   
 14           0.664764   0.433163   0.344935   
 14           0.915177   0.178869   0.351521   
 14           0.540150   0.302723   0.405426   
 14           0.796942   0.039332   0.407538   
 14           0.667377   0.169897   0.459351   
 14           0.931403   0.466789   0.464657   
 14           0.664922   0.924039   0.347169   
 14           0.923036   0.687566   0.342428   
 14           0.535815   0.808149   0.411344   
 14           0.792421   0.568318   0.401776   
 14           0.658986   0.670272   0.468975   
 14           0.913789   0.901630   0.468372   
 14           0.035641   1.002346   0.539068   
 14           0.261151   0.322041   0.546462   
 14           0.076345   0.568131   0.528456   
 14           0.323044   0.787291   0.539487   
 14           0.566381   0.045727   0.527056   
 14           0.811081   0.440152   0.547573   
 14           0.554965   0.514486   0.524998   
 14           0.764727   0.806601   0.535614   
272           0.273931   0.985562  -0.019022   
272           0.126106   0.250786   0.990270   
272           0.249398   0.693846   0.013078   
272           0.501494   0.517332   0.007317   
272           0.937274   0.600909   0.994603   
272           0.728646   0.025381   0.633584   
272           0.568259   0.648637   0.626344   
272           0.054332   0.820554   0.635659   
272           0.691706   0.358195   0.645809   
272          -0.001395   0.838996   0.917401   
272           0.701995   0.799185   0.955375   
272           0.461499   0.758451   0.900108   
272           0.783211   0.313242   0.991853   
272           0.188852   0.956201   0.836494   
272           0.726551   0.069522   0.927245   
272           0.159974   0.560490   0.709627   
272           0.251278   0.665495   0.838965   
272           0.200447   0.174855   0.706279   
272           0.634514   0.805175   0.763990   
272           0.483770   0.128804   0.722430   
272           0.208163   0.394843   0.865066   
272           0.950557   0.282430   0.689574   
272           0.590610   0.512336   0.863799   
272           0.830962   0.615439   0.671287   
272           0.933032   0.589144   0.856442   
272           0.940204   0.189235   0.841142   
272           0.352203   0.882250   0.711768   
272           0.667788   0.285459   0.802368   
272           0.439151   0.262986   0.962965   
272           0.883193   0.951404   0.772065   
272           0.405511   0.435405   0.720201   
272           0.470753   0.016136   0.864388   
ENDGEOM
272 11
HAYWSC
0 0 4 2. 1.
	24.000000000            0.22105582070    
	16.000000000           -3.5812539434     
	14.400000000            4.2538249256     
	10.304504667           -0.69586365081    
0 0 1 0. 1.
	3.7930173975           1.0000000        
0 0 1 0. 1.
	1.0189877143           1.0000000        
0 0 1 0. 1.
	0.45985511458          1.0000000        
0 0 1 0. 1.
	1.92752376673E-01            1.0000000        
0 2 3 6. 1.
	22.353629203           -0.74529620838E-02      
	8.7403508095           0.15635970402    
	4.8501567161          -0.44869151461    
0 2 1 0. 1.
	1.2573944258           1.0000000        
0 2 1 0. 1.
	0.61115481502          1.0000000        
0 2 1 0. 1.
	0.26740341018          1.0000000        
0 3 4 0. 1.
	8.0559644562           0.96734715928E-02      
	4.3420511504          -0.54567079465E-01      
	1.1836909211           0.19687724953    
	0.51336795676          0.40004510632    
0 3 1 0. 1.
	0.20546727725          1.0000000 
8 8
0 0 6 2.0 1.0 | 0-type of BS, 0-type of shell, number of primitives, electronic charge, scale fact 
	27032.382631 0.00021726302465
	4052.3871392 0.00168386621990
	922.32722710 0.00873956162650
	261.24070989 0.03523996880800
	85.354641351 0.11153519115000
	31.035035245 0.25588953961000
0 0 2 2.0 1.0
	12.260860728 0.39768730901000
	4.9987076005 0.24627849430000
0 0 1 0.0 1.0
	1.0987136000 1.00000000000000
0 0 1 0.0 1.0
	0.3565870100 1.00000000000000
0 2 4 5.777777777777 1.0
	63.274954801 0.0060685103418
	14.627049379 0.0419125758240
	4.4501223456 0.1615384108800
	1.5275799647 0.3570695131100
0 2 1 0.0 1.0
	0.5489735000 1.0000000000000
0 2 1 0.0 1.0
	0.1858671100 1.0000000000000
0 3 1 0.0 1.0
	0.2534621300 1.0000000000000
14 6
0 0 8 2. 1.0 
	87645.8     0.000237
	12851.8     0.00192
	 2786.28    0.0109
	  728.043   0.0496
	  219.516   0.1668
	   75.9006  0.363
	   29.4602  0.4051
	   11.9891  0.1504
0 1 6 8.0 1.0
	165.958 -0.00884 0.00909
	 39.3727 -0.0859 0.0601
	 12.7112 -0.0712 0.1952
	  4.7177 0.4147 0.3384
	  1.8482 0.6168 0.3006
	  0.7365 0.1154 0.0648
0 1 3 4.0 1.0
	4.1752 -0.0199 -0.0087
	1.4472 -0.1864 -0.00438
	0.5023 0.0967 0.2207
0 1 1 0.0 1.0
	0.322 1. 1.
0 1 1 0.0 1.
	0.13 1. 1.
0 3 1 0.0 1.0
	0.6 1.
99 0
END
SHRINK
2 2
DFT 
EXCHANGE
BECKE 
CORRELAT
LYP
HYBRID
20
NONLOCAL
0.9 0.81
XLGRID
SPIN
END
TOLINTEG
8 8 8 8 16
SCFDIR
SMEAR
0.0
MAXCYCLE                      |             maximum No.
250                            |             of cycles
FMIXING                       |
97
BROYDEN
0.0001 95 100
TOLDEE
7
END
