Created with astools
CRYSTAL
0 0 0
1
5.14232200     8.90727585     5.66215858 90.00000 90.00000 90.00000
18
14  2.504966421335E-01 -2.492798975346E-01  3.328746302788E-01
14 -2.499660983529E-01  2.507523324244E-01  3.328326381663E-01
14  2.500478480908E-01  2.513196189095E-01 -3.338220794583E-01
14 -2.494927420178E-01 -2.486927517916E-01 -3.338343815433E-01
14 -5.879219614038E-04 -4.989718269712E-01 -3.736449739839E-04
14  4.993782566230E-01  1.015110671889E-03 -5.804991775302E-04
 8  1.783791455703E-01 -3.924468341662E-01  1.670882191994E-01
 8 -4.994662107080E-01  2.869749832803E-01 -4.999852887403E-01
 8  1.491151056639E-03 -2.130056170775E-01 -4.993818344891E-01
 8  3.205063819463E-01  1.085113509211E-01 -1.665040276555E-01
 8  5.271924761219E-04  2.151122787077E-01  4.990030143678E-01
 8 -1.795002759168E-01  3.935157759698E-01  1.654867277854E-01
 8  3.206075858945E-01 -1.064999671237E-01  1.654088905020E-01
 8  1.784577946098E-01  3.944782299000E-01 -1.677424699615E-01
 8 -3.216272580450E-01 -1.055225919452E-01 -1.680087840338E-01
 8 -3.216254231553E-01  1.075791229236E-01  1.668425494048E-01
 8 -1.793962355314E-01 -3.914563862349E-01 -1.663259790748E-01
 8 -4.985298327123E-01 -2.849829308633E-01  4.984223194038E-01
ENDGEOM
14 6
0 0 8 2. 1.0
	87645.8     0.000237
	12851.8     0.00192
	 2786.28    0.0109
	  728.043   0.0496
	  219.516   0.1668
	   75.9006  0.363
	   29.4602  0.4051
	   11.9891  0.1504
0 1 6 8. 1.0
	165.958 -0.00884 0.00909
	 39.3727 -0.0859 0.0601
	 12.7112 -0.0712 0.1952
	  4.7177 0.4147 0.3384
	  1.8482 0.6168 0.3006
	  0.7365 0.1154 0.0648
0 1 3 4 1.
	4.1752 -0.0199 -0.0087
	1.4472 -0.1864 -0.00438
	0.5023 0.0967 0.2207
0 1 1 0. 1.
	0.322 1. 1.
0 1 1 0. 1.
	0.13 1. 1.
0 3 1 0. 1.
	0.6 1.
8  4                          |      ===== Modified OXYGEN BASIS  =====
0 0 8 2.0 1.0
 8020.0    0.00108
 1338.0    0.00804
  255.4    0.05324
   69.22   0.1681
   23.90   0.3581
    9.264  0.3855
    3.851  0.1468
    1.212  0.0728
0 1 4 6.0 1.0
   49.43  -0.00883 0.00958
   10.47  -0.0915  0.0696
    3.235 -0.0402  0.2065
    1.217  0.379   0.347
0  1  1  0. 1.                |               3sp:  1 Gaussian
.4763    1.       1.
0  1  1  0. 1.                |               3sp:  1 Gaussian
.190     1.       1.
99 0
END
SHRINK
8 8
DFT 
EXCHANGE
BECKE 
CORRELAT
LYP
HYBRID
5
NONLOCAL
0.9 0.81
XLGRID
END
TOLINTEG
8 8 8 8 16
SCFDIR
SMEAR
0.0
MAXCYCLE                      |             maximum No.
150                            |             of cycles
FMIXING                       |
92
BROYDEN
0.0001 90 20
TOLDEE
7
END
