Created with astools
CRYSTAL
0 0 0
1
10.474497 10.891423 10.880975  90.00000 90.00000 90.00000
84
8       0.637724   0.820283   0.151459 
8       0.560323   0.038738   0.790388 
8       0.917319   0.218116   0.503341 
8       0.818051   0.608380   0.843467 
8       0.552652   0.895253   0.589824 
8       0.323332   0.088970   0.878080 
8       0.089799   0.186515   0.326249 
8       0.054691   0.476067   0.849702 
8       0.188854   0.837750   0.085450 
8       0.583306   0.928621   0.354242 
8       0.289899   0.000843   0.493475 
8       0.712191   0.386336   0.111101 
8       0.952106   0.451977   0.090183 
8       0.563735   0.220063   0.205326 
8       0.587866   0.592710   0.732282 
8       0.482270   0.001506   0.131061 
8       0.281888   0.403051   0.941555 
8       0.355979   0.659461   0.646339 
8       0.836954   0.372584   0.891660 
8       0.234661   0.331915   0.170525 
8       0.231445   0.386043   0.705811 
8       0.819047   0.665903   0.099335 
8       0.040789  -0.003428   0.485362 
8       0.023172   0.617196   0.241242 
8       0.333102   0.147310   0.304052 
8       0.117672   0.235813   0.865769 
8       0.310928   0.248087   0.525547 
8       0.262710   0.585769   0.088351 
8       0.911347   0.485323   0.658910 
8       0.859915   0.789060   0.304721 
8       0.752359   0.030476   0.526785 
8       0.789413   0.695819   0.622191 
8       0.783046   0.513338   0.455537 
8       0.161109   0.080532   0.685277 
8       0.510941   0.114355   0.482099 
8       0.441265   0.250288   0.744783 
8       0.387150   0.810673   0.246862 
8       0.182826   0.091777   0.116693 
8       0.958556   0.974253   0.098766 
8       0.409368   0.852412   0.783884 
8       0.186381   0.842937   0.651720 
8       0.530511   0.186507   0.972315 
8       0.103644   0.990837   0.904729 
8       0.720547   0.062700   0.095187 
8       0.039625   0.667455   0.002005 
8       0.587102   0.417415   0.332575 
8       0.661030   0.633828   0.281696 
8       0.448862   0.436737   0.599305 
8       0.875797   0.079260   0.295813 
8       0.550760   0.614046   0.489540 
8       0.986142   0.658250   0.480128 
8       0.460304   0.432967   0.120129 
8       0.238676   0.707311   0.862536 
8       0.662324   0.812732   0.800018 
8       0.128762   0.803886   0.333236 
8       0.903011   0.218785   0.083524 
14      0.973532   0.117707   0.410528 
14      0.550279   0.899638   0.738770 
14      0.644242   0.541376   0.395056 
14      0.104685   0.979535   0.052318 
14      0.956016   0.598627   0.108236 
14      0.575544   0.117105   0.098282 
14      0.870759   0.586903   0.554506 
14      0.863533   0.087016   0.148165 
14      0.309381   0.435666   0.085142 
14      0.240155   0.861219   0.245757 
14      0.484732   0.578758   0.619916 
14      0.995466   0.721834   0.344774 
14      0.361786   0.128323   0.450557 
14      0.176697   0.101817   0.830656 
14      0.903177   0.484113   0.809640 
14      0.581320   0.367445   0.191548 
14      0.746833   0.733674   0.212185 
14      0.358329   0.326655   0.643550 
14      0.169039   0.375703   0.841216 
14      0.191082   0.688890   1.001906 
14      0.206461   0.193899   0.229866 
14      0.522764   0.890209   0.224739 
14      0.464172   0.142147   0.844064 
14      0.162663   0.975797   0.577716 
14      0.714919   0.679576   0.753408 
14      0.846492   0.352874   0.042273 
14      0.294748   0.767201   0.732098 
14      0.610059   0.996751   0.488383 
ENDGEOM
14 6
0 0 8 2. 1.0
	87645.8     0.000237
	12851.8     0.00192
	 2786.28    0.0109
	  728.043   0.0496
	  219.516   0.1668
	   75.9006  0.363
	   29.4602  0.4051
	   11.9891  0.1504
0 1 6 8. 1.0
	165.958 -0.00884 0.00909
	 39.3727 -0.0859 0.0601
	 12.7112 -0.0712 0.1952
	  4.7177 0.4147 0.3384
	  1.8482 0.6168 0.3006
	  0.7365 0.1154 0.0648
0 1 3 4 1.
	4.1752 -0.0199 -0.0087
	1.4472 -0.1864 -0.00438
	0.5023 0.0967 0.2207
0 1 1 0. 1.
	0.322 1. 1.
0 1 1 0. 1.
	0.13 1. 1.
0 3 1 0. 1.
	0.6 1.
8  4                          |      ===== Modified OXYGEN BASIS  =====
0 0 8 2.0 1.0
 8020.0    0.00108
 1338.0    0.00804
  255.4    0.05324
   69.22   0.1681
   23.90   0.3581
    9.264  0.3855
    3.851  0.1468
    1.212  0.0728
0 1 4 6.0 1.0
   49.43  -0.00883 0.00958
   10.47  -0.0915  0.0696
    3.235 -0.0402  0.2065
    1.217  0.379   0.347
0  1  1  0. 1.                |               3sp:  1 Gaussian
.4763    1.       1.
0  1  1  0. 1.                |               3sp:  1 Gaussian
.190     1.       1.
99 0
END
SHRINK
3 3
DFT 
EXCHANGE
BECKE 
CORRELAT
LYP
HYBRID
5
NONLOCAL
0.9 0.81
XLGRID
SPIN
END
TOLINTEG
8 8 8 8 16
SCFDIR
SMEAR
0.0
MAXCYCLE                      |             maximum No.
250                            |             of cycles
FMIXING                       |
95
BROYDEN
0.0001 90 40
TOLDEE
7
END
