HfO2
CRYSTAL                      |             distorted tetragonal structure
0 0 0
1
5.15367972     5.17414234     5.31640802    90.000000  99.419387  90.000000
12
272   2.743275337811E-01 -4.078667063093E-02  2.085953016592E-01
272  -2.743275337811E-01  4.592133293691E-01  2.914046983408E-01
272  -2.743275337811E-01  4.078667063093E-02 -2.085953016592E-01
272   2.743275337811E-01 -4.592133293691E-01 -2.914046983408E-01
  8   6.634108531932E-02 -3.248783376170E-01  3.525106917980E-01
  8  -6.634108531932E-02  1.751216623830E-01  1.474893082020E-01
  8  -6.634108531932E-02  3.248783376170E-01 -3.525106917980E-01
  8   6.634108531932E-02 -1.751216623830E-01 -1.474893082020E-01
  8   4.528958590862E-01  2.434813483662E-01  4.766915185106E-01
  8  -4.528958590862E-01 -2.565186516338E-01  2.330848148940E-02
  8  -4.528958590862E-01 -2.434813483662E-01 -4.766915185106E-01
  8   4.528958590862E-01  2.565186516338E-01 -2.330848148940E-02
ENDGEOM
END
