Created with astools
CRYSTAL
0 0 0
1
5.11678200     8.86326039     5.63534100  90.00000 90.00000 90.00000
18
14    2.503723883860E-01 -2.492160771756E-01  3.328512918163E-01
14   -2.498136730637E-01  2.506995025818E-01  3.328501266998E-01
14    2.501496021113E-01  2.513315332792E-01 -3.337855856418E-01
14   -2.496533149893E-01 -2.487721615186E-01 -3.337529171307E-01
14   -5.824630714610E-04 -4.989803477859E-01 -5.161000387731E-04
14    4.994050972472E-01  1.034797909020E-03 -5.350238835845E-04
 8    1.774981212596E-01 -3.920430952540E-01  1.668386573778E-01
 8   -4.994249963877E-01  2.864125820628E-01  4.998959543302E-01
 8    1.386451748455E-03 -2.135463667724E-01 -4.992695340730E-01
 8    3.213882482868E-01  1.088693156788E-01 -1.663378834994E-01
 8    5.593182218247E-04  2.155744765013E-01  4.991516546318E-01
 8   -1.784074607303E-01  3.931862805046E-01  1.655224382666E-01
 8    3.212711260289E-01 -1.065998833631E-01  1.655538566642E-01
 8    1.778290174028E-01  3.943355351783E-01 -1.679435033962E-01
 8   -3.225996825540E-01 -1.058791004951E-01 -1.679613665754E-01
 8   -3.221722184748E-01  1.078108392690E-01  1.667896473658E-01
 8   -1.788656255708E-01 -3.913215381223E-01 -1.663494093195E-01
 8   -4.986399358507E-01 -2.844962924777E-01  4.983976964057E-01
ENDGEOM
14 6
0 0 8 2. 1.0
	87645.8     0.000237
	12851.8     0.00192
	 2786.28    0.0109
	  728.043   0.0496
	  219.516   0.1668
	   75.9006  0.363
	   29.4602  0.4051
	   11.9891  0.1504
0 1 6 8. 1.0
	165.958 -0.00884 0.00909
	 39.3727 -0.0859 0.0601
	 12.7112 -0.0712 0.1952
	  4.7177 0.4147 0.3384
	  1.8482 0.6168 0.3006
	  0.7365 0.1154 0.0648
0 1 3 4 1.
	4.1752 -0.0199 -0.0087
	1.4472 -0.1864 -0.00438
	0.5023 0.0967 0.2207
0 1 1 0. 1.
	0.322 1. 1.
0 1 1 0. 1.
	0.13 1. 1.
0 3 1 0. 1.
	0.6 1.
8  4                          |      ===== Modified OXYGEN BASIS  =====
0 0 8 2.0 1.0
 8020.0    0.00108
 1338.0    0.00804
  255.4    0.05324
   69.22   0.1681
   23.90   0.3581
    9.264  0.3855
    3.851  0.1468
    1.212  0.0728
0 1 4 6.0 1.0
   49.43  -0.00883 0.00958
   10.47  -0.0915  0.0696
    3.235 -0.0402  0.2065
    1.217  0.379   0.347
0  1  1  0. 1.                |               3sp:  1 Gaussian
.4763    1.       1.
0  1  1  0. 1.                |               3sp:  1 Gaussian
.190     1.       1.
99 0
END
SHRINK
8 8
DFT 
EXCHANGE
BECKE 
CORRELAT
LYP
HYBRID
20
NONLOCAL
0.9 0.81
XLGRID
END
TOLINTEG
8 8 8 8 16
SCFDIR
SMEAR
0.0
MAXCYCLE                      |             maximum No.
150                            |             of cycles
FMIXING                       |
92
BROYDEN
0.0001 90 20
TOLDEE
7
END
