Created with astools
CRYSTAL
0 0 0
1
10.3371 10.5716 22.2609 90.00000 90.00000 90.00000
168
  8     0.046310000     0.047272000     0.993078000
  8     0.063288000     0.580341000     0.971419000
  8     0.513529000     0.056631000     0.989952000
  8     0.544384000     0.586733000     0.978093000
  8     0.217384000     0.421862000     0.442058000
  8     0.203263000     0.928290000     0.454096000
  8     0.654330000     0.477595000     0.446275000
  8     0.708335000     0.950826000     0.465195000
  8     0.658364000     0.664814000     0.632664000
  8     0.783504000     0.322001000     0.518058000
  8     0.409606000     0.786358000     0.639468000
  8     0.782145000     0.026095000     0.572879000
  8     0.888354000     0.799583000     0.510544000
  8     0.894062000     0.857993000     0.641043000
  8     0.327645000     0.287314000     0.537228000
  8     0.270772000     0.116395000     0.639266000
  8     0.369126000     0.994128000     0.555552000
  8     0.560013000     0.158053000     0.626940000
  8     0.359273000     0.513112000     0.523319000
  8     0.565199000     0.145294000     0.494746000
  8     0.118976000     0.687039000     0.632172000
  8     0.546609000     0.385425000     0.552127000
  8     0.404766000     0.559071000     0.630596000
  8     0.614698000     0.394148000     0.658817000
  8     0.448284000     0.670941000     0.442357000
  8     0.821678000     0.222271000     0.636260000
  8     0.625044000     0.899937000     0.656217000
  8     0.085393000     0.946261000     0.577837000
  8     0.073185000     0.579761000     0.503387000
  8     0.088480000     0.130123000     0.487873000
  8     0.051075000     0.191255000     0.598766000
  8     0.196779000     0.394995000     0.621835000
  8     0.876821000     0.498401000     0.627158000
  8     0.277517000     0.754976000     0.519823000
  8     0.615903000     0.663801000     0.524518000
  8     0.594733000     0.874584000     0.778873000
  8     0.954881000     0.474661000     0.841335000
  8     0.091202000     0.305906000     0.732982000
  8     0.579793000     0.276205000     0.781634000
  8     0.536421000     0.761640000     0.887189000
  8     0.274955000     0.534839000     0.741919000
  8     0.005391000     0.076742000     0.859884000
  8     0.973788000     0.857955000     0.794633000
  8     0.782405000     0.721502000     0.734371000
  8     0.455916000     0.509834000     0.866359000
  8     0.237137000     0.847055000     0.726818000
  8     0.991099000     0.080668000     0.709137000
  8     0.609354000     0.544994000     0.761465000
  8     0.785716000     0.799225000     0.982078000
  8     0.827159000     0.243483000     0.851616000
  8     0.827468000     0.349849000     0.740465000
  8     0.999401000     0.568430000     0.738118000
  8     0.377328000     0.314275000     0.705008000
  8     0.778993000     0.557135000     0.015677000
  8     0.237723000     0.084082000     0.801890000
  8     0.811815000     0.693162000     0.848517000
  8     0.362097000     0.767984000     0.969078000
  8     0.421205000     0.716955000     0.763243000
  8     0.624586000     0.254362000     0.915530000
  8     0.377446000     0.268558000     0.955114000
  8     0.828521000     0.328932000     0.998412000
  8     0.468817000     0.053898000     0.862571000
  8     0.413003000     0.055382000     0.719005000
  8     0.275981000     0.339275000     0.821187000
  8     0.748561000     0.993907000     0.874672000
  8     0.720786000     0.487915000     0.904733000
  8     0.072822000     0.355002000     0.936063000
  8     0.747226000     0.091545000     0.767201000
  8     0.271157000     0.997841000     0.942215000
  8     0.019830000     0.855502000     0.912201000
  8     0.180599000     0.606720000     0.851086000
  8     0.296460000     0.851092000     0.847769000
 14     0.125116000     0.441571000     0.995102000
 14     0.443191000     0.186760000     0.016280000
 14     0.055426000     0.309383000     0.073521000
 14     0.309873000     0.072432000     0.078113000
 14     0.185177000     0.193259000     0.137400000
 14     0.427463000     0.436030000     0.133783000
 14     0.185390000     0.971205000     0.006797000
 14     0.435069000     0.672325000     0.018051000
 14     0.070393000     0.809573000     0.057990000
 14     0.294532000     0.531756000     0.061507000
 14     0.183957000     0.676327000     0.123276000
 14     0.432484000     0.934052000     0.135367000
 14     0.699474000     0.420151000     0.013119000
 14     0.929313000     0.182878000     0.011242000
 14     0.569934000     0.319868000     0.078679000
 14     0.802158000     0.049748000     0.069350000
 14     0.690743000     0.181392000     0.133329000
 14     0.934715000     0.432256000     0.137852000
 14     0.669593000     0.915876000     0.006681000
 14     0.930977000     0.698286000     0.995948000
 14     0.557414000     0.803631000     0.078864000
 14     0.847925000     0.599823000     0.086085000
 14     0.685646000     0.688139000     0.141631000
 14     0.943828000     0.926776000     0.127201000
 14     0.066438000     0.051184000     0.192289000
 14     0.315763000     0.307434000     0.199139000
 14     0.191019000     0.439180000     0.257594000
 14     0.452359000     0.180481000     0.254236000
 14     0.060082000     0.306897000     0.314344000
 14     0.333349000     0.043544000     0.311366000
 14     0.069463000     0.560733000     0.193368000
 14     0.311575000     0.794128000     0.191402000
 14     0.193690000     0.923597000     0.253818000
 14     0.445531000     0.684789000     0.259625000
 14     0.068265000     0.806222000     0.318305000
 14     0.323563000     0.552503000     0.321103000
 14     0.568566000     0.055906000     0.192235000
 14     0.806974000     0.309220000     0.198099000
 14     0.685176000     0.438178000     0.261492000
 14     0.942911000     0.180936000     0.251166000
 14     0.555591000     0.312025000     0.321122000
 14     0.823419000     0.068554000     0.317479000
 14     0.559950000     0.555708000     0.196725000
 14     0.822087000     0.812555000     0.196949000
 14     0.697145000     0.943054000     0.256257000
 14     0.946100000     0.682806000     0.256271000
 14     0.574479000     0.818959000     0.318601000
 14     0.823095000     0.562157000     0.320329000
 14     0.222377000     0.196169000     0.362679000
 14     0.378553000     0.372661000     0.382489000
 14     0.195813000     0.683896000     0.376975000
 14     0.448136000     0.933436000     0.385619000
 14     0.701884000     0.200461000     0.376982000
 14     0.935255000     0.424905000     0.382706000
 14     0.725856000     0.716574000     0.377542000
 14     0.958508000     0.949891000     0.376317000
 14     0.121802000     0.052986000     0.426255000
 14     0.431538000     0.381658000     0.492619000
 14     0.100662000     0.527561000     0.428553000
 14     0.314366000     0.800348000     0.443627000
 14     0.600274000     0.055153000     0.435588000
 14     0.766502000     0.359992000     0.444763000
 14     0.600145000     0.628195000     0.448920000
 14     0.828141000     0.854191000     0.444620000
272     0.941896000     0.045288000     0.626223000
272     0.733377000     0.831576000     0.587815000
272     0.429150000     0.683187000     0.560777000
272     0.205444000     0.084769000     0.554408000
272     0.176298000     0.433708000     0.535587000
272     0.451115000     0.992668000     0.634096000
272     0.396365000     0.375077000     0.620366000
272     0.995798000     0.339091000     0.645187000
272     0.066454000     0.762802000     0.549846000
272     0.694482000     0.499034000     0.600082000
272     0.683354000     0.181820000     0.559451000
272     0.683257000     0.235206000     0.704809000
272     0.275662000     0.690289000     0.688108000
272     0.906544000     0.011449000     0.927040000
272     0.453017000     0.429288000     0.778327000
272     0.927626000     0.676562000     0.667605000
272     0.527459000     0.402195000     0.933984000
272     0.129693000     0.468693000     0.789879000
272     0.642882000     0.151455000     0.846097000
272     0.781672000     0.865861000     0.804669000
272     0.316267000     0.190717000     0.873004000
272     0.995396000     0.659328000     0.885714000
272     0.454594000     0.917146000     0.932719000
272     0.882694000     0.361794000     0.911630000
272     0.111593000     0.926147000     0.841037000
272     0.396581000     0.914634000     0.775222000
272     0.915951000     0.191284000     0.772477000
272     0.586552000     0.745615000     0.711727000
272     0.692090000     0.669983000     0.925453000
272     0.253126000     0.177431000     0.720517000
272     0.804982000     0.537942000     0.774166000
272     0.367659000     0.669893000     0.847534000
ENDGEOM
272 11
HAYWSC
0 0 4 2. 1.
	24.000000000            0.22105582070    
	16.000000000           -3.5812539434     
	14.400000000            4.2538249256     
	10.304504667           -0.69586365081    
0 0 1 0. 1.
	3.7930173975           1.0000000        
0 0 1 0. 1.
	1.0189877143           1.0000000        
0 0 1 0. 1.
	0.45985511458          1.0000000        
0 0 1 0. 1.
	1.92752376673E-01            1.0000000        
0 2 3 6. 1.
	22.353629203           -0.74529620838E-02      
	8.7403508095           0.15635970402    
	4.8501567161          -0.44869151461    
0 2 1 0. 1.
	1.2573944258           1.0000000        
0 2 1 0. 1.
	0.61115481502          1.0000000        
0 2 1 0. 1.
	0.26740341018          1.0000000        
0 3 4 0. 1.
	8.0559644562           0.96734715928E-02      
	4.3420511504          -0.54567079465E-01      
	1.1836909211           0.19687724953    
	0.51336795676          0.40004510632    
0 3 1 0. 1.
	0.20546727725          1.0000000 
8 8
0 0 6 2.0 1.0 | 0-type of BS, 0-type of shell, number of primitives, electronic charge, scale fact 
	27032.382631 0.00021726302465
	4052.3871392 0.00168386621990
	922.32722710 0.00873956162650
	261.24070989 0.03523996880800
	85.354641351 0.11153519115000
	31.035035245 0.25588953961000
0 0 2 2.0 1.0
	12.260860728 0.39768730901000
	4.9987076005 0.24627849430000
0 0 1 0.0 1.0
	1.0987136000 1.00000000000000
0 0 1 0.0 1.0
	0.3565870100 1.00000000000000
0 2 4 5.777777777777 1.0
	63.274954801 0.0060685103418
	14.627049379 0.0419125758240
	4.4501223456 0.1615384108800
	1.5275799647 0.3570695131100
0 2 1 0.0 1.0
	0.5489735000 1.0000000000000
0 2 1 0.0 1.0
	0.1858671100 1.0000000000000
0 3 1 0.0 1.0
	0.2534621300 1.0000000000000
14 6
0 0 8 2. 1.0 
	87645.8     0.000237
	12851.8     0.00192
	 2786.28    0.0109
	  728.043   0.0496
	  219.516   0.1668
	   75.9006  0.363
	   29.4602  0.4051
	   11.9891  0.1504
0 1 6 8.0 1.0
	165.958 -0.00884 0.00909
	 39.3727 -0.0859 0.0601
	 12.7112 -0.0712 0.1952
	  4.7177 0.4147 0.3384
	  1.8482 0.6168 0.3006
	  0.7365 0.1154 0.0648
0 1 3 4.0 1.0
	4.1752 -0.0199 -0.0087
	1.4472 -0.1864 -0.00438
	0.5023 0.0967 0.2207
0 1 1 0.0 1.0
	0.322 1. 1.
0 1 1 0.0 1.
	0.13 1. 1.
0 3 1 0.0 1.0
	0.6 1.
99 0
END
SHRINK
2 2
DFT 
EXCHANGE
BECKE 
CORRELAT
LYP
HYBRID
20
NONLOCAL
0.9 0.81
XLGRID
SPIN
END
TOLINTEG
8 8 8 8 16
SCFDIR
SMEAR
0.01
MAXCYCLE                      |             maximum No.
250                            |             of cycles
FMIXING                       |
96
BROYDEN
0.0001 90 130
TOLDEE
6
END
