Created with astools
CRYSTAL
0 0 0
1
10.8389 10.4323 21.1889 
90.00000 90.00000 90.00000
161
  1     0.884197000     0.944746000     0.007751000
  1     0.485789000     0.468791000     1.030911000
  1     0.759782000     0.835134000     0.066976000
  1     0.149474000     0.252407000     0.571532000
  1     0.471009000     0.674173000     0.547813000
  1     0.950206000     0.614414000     0.533308000
  1     0.664650000     0.718941000     0.723271000
  1     0.889452000     0.748980000     0.757460000
  1     1.185472000     0.192892000     0.977618000
  1     0.441690000     0.629459000     0.864448000
  1     0.998009000     0.100077000     0.975089000
  1     1.037507000     0.270615000     1.064799000
  1     0.595262000     0.122703000     0.985182000
  8     0.258006000     0.352969000     0.643814000
  8     0.156310000     0.593957000     0.659860000
  8     0.511352000     0.312182000     0.624819000
  8     0.807924000     0.454371000     0.571019000
  8     0.156809000     0.056392000     0.632943000
  8     0.547429000     0.503610000     0.543302000
  8     0.842306000     0.652640000     0.649904000
  8     0.353085000     0.348700000     0.531687000
  8     0.688689000     0.108403000     0.485930000
  8     0.901011000     0.070142000     0.658202000
  8     1.003068000     0.045920000     0.546736000
  8     0.552294000     0.703024000     0.655295000
  8     0.992585000     0.421255000     0.642696000
  8     0.261487000     0.835817000     0.621579000
  8     0.170214000     0.652905000     0.543526000
  8     0.025916000     0.816988000     0.596825000
  8     0.675047000     0.753715000     0.545117000
  8     0.459025000     0.870870000     0.557935000
  8     0.363031000     0.120531000     0.593721000
  8     0.262476000     0.842996000     0.767507000
  8     0.173605000     0.234160000     0.846108000
  8     0.959661000     0.322801000     0.947843000
  8     0.356051000     0.053748000     0.815198000
  8     0.673431000     0.164456000     0.702789000
  8     0.217519000     0.658175000     0.876650000
  8     0.823888000     0.068925000     0.786358000
  8     0.386801000     0.405231000     0.854833000
  8     0.265928000     0.519799000     0.765732000
  8     0.048934000     0.897736000     0.699376000
  8     1.014702000     0.836703000     0.925647000
  8     0.864760000     0.495102000     0.739268000
  8     0.463496000     0.612400000     0.795324000
  8     0.753915000     0.897693000     0.697647000
  8     0.538928000     0.969311000     0.954859000
  8     0.598438000     0.718444000     0.992255000
  8     0.509923000     0.855738000     0.770672000
  8     0.584922000     0.781382000     0.874921000
  8     0.950374000     0.086146000     0.898400000
  8     0.551713000     0.350734000     0.946878000
  8     0.727713000     0.189418000     0.891917000
  8     0.062208000     0.949031000     0.816160000
  8     0.192745000     0.025261000     0.912622000
  8     0.393683000     0.534216000     0.956475000
  8     0.075699000     0.473678000     0.839002000
  8     0.113930000     0.340290000     0.735987000
  8     0.941633000     0.273816000     0.812412000
  8     0.385277000     1.004662000     0.693426000
  8     0.490512000     0.387419000     0.732533000
  8     0.697575000     0.367367000     0.779147000
  8     0.704234000     0.629946000     0.808967000
  8     0.834424000     0.470785000     0.867469000
  8     0.087839000     0.698239000     0.767957000
  8     0.703188000     0.411022000     0.655425000
  8     0.964592000     0.582150000     0.950012000
  8     0.377622000     0.796065000     0.935326000
  8     0.390033000     0.199357000     0.906020000
 14     0.981729000     0.019178000     0.041477000
 14     0.255399000     0.306125000     0.017080000
 14     0.138483000     0.439335000     0.086294000
 14     0.397332000     0.191786000     0.087698000
 14     0.030806000     0.315607000     0.160853000
 14     0.281913000     0.071613000     0.161093000
 14     0.153230000     0.191249000     0.229031000
 14     0.395472000     0.434567000     0.224854000
 14     0.071486000     0.618497000     1.022071000
 14     0.339429000     0.866738000     0.044381000
 14     0.160181000     0.944747000     0.094138000
 14     0.399075000     0.686423000     0.101804000
 14     0.031385000     0.817218000     0.158829000
 14     0.265968000     0.554455000     0.157679000
 14     0.155206000     0.690602000     0.224933000
 14     0.405215000     0.942924000     0.226074000
 14     0.515657000     0.031937000     0.029546000
 14     0.769756000     0.322423000     0.032180000
 14     0.658572000     0.451858000     0.098047000
 14     0.897987000     0.191232000     0.099574000
 14     0.522785000     0.319282000     0.155578000
 14     0.771465000     0.062704000     0.164592000
 14     0.649575000     0.200258000     0.225358000
 14     0.910668000     0.447517000     0.224655000
 14     0.545201000     0.599999000     0.037028000
 14     0.889664000     0.747524000     0.943694000
 14     0.663720000     0.927542000     0.096655000
 14     0.902734000     0.721125000     0.083170000
 14     0.534251000     0.813169000     0.163224000
 14     0.795945000     0.583498000     0.154891000
 14     0.664929000     0.691417000     0.224461000
 14     0.909367000     0.943816000     0.228284000
 14     0.026735000     0.072628000     0.297551000
 14     0.277391000     0.311650000     0.297644000
 14     0.038160000     0.565422000     0.293694000
 14     0.276405000     0.820104000     0.291377000
 14     0.526726000     0.073582000     0.290765000
 14     0.782511000     0.322458000     0.289427000
 14     0.530559000     0.565617000     0.281719000
 14     0.785213000     0.813917000     0.293400000
 14     0.155489000     0.438506000     0.366224000
 14     0.403188000     0.185436000     0.364376000
 14     0.024765000     0.315124000     0.436113000
 14     0.278224000     0.067588000     0.437701000
 14     0.144341000     0.191186000     0.509402000
 14     0.438852000     0.451112000     0.490139000
 14     0.160772000     0.950659000     0.361729000
 14     0.410439000     0.687856000     0.348398000
 14     0.034265000     0.820683000     0.425358000
 14     0.300521000     0.567524000     0.421673000
 14     0.206485000     0.729922000     0.476017000
 14     0.377379000     0.883021000     0.486384000
 14     0.656385000     0.454002000     0.349928000
 14     0.897699000     0.201284000     0.363602000
 14     0.537217000     0.328569000     0.414515000
 14     0.779244000     0.054356000     0.426067000
 14     0.679332000     0.267428000     0.490787000
 14     0.851592000     0.407838000     0.493890000
 14     0.655300000     0.947810000     0.352889000
 14     0.914204000     0.689318000     0.359163000
 14     0.526706000     0.818927000     0.413501000
 14     0.783082000     0.564358000     0.421622000
 14     0.704618000     0.752314000     0.466114000
 14     0.916157000     0.957744000     0.494904000
 14     0.365739000     0.279611000     0.601458000
 14     0.021147000     0.985523000     0.629322000
 14     0.156310000     0.721013000     0.612457000
 14     0.631886000     0.387774000     0.582438000
 14     0.856442000     0.492055000     0.656405000
 14     0.295479000     0.996028000     0.631654000
 14     0.557031000     0.769481000     0.590559000
 14     0.914674000     0.751566000     0.533001000
 14     0.277695000     0.129525000     0.870440000
 14     0.861409000     0.448965000     0.946030000
 14     0.381544000     0.937893000     0.763926000
 14     0.790049000     0.055653000     0.710141000
 14     0.163944000     0.591974000     0.810675000
 14     0.799090000     0.753038000     0.706591000
 14     0.582193000     0.726509000     0.798628000
 14     0.354381000     0.646003000     0.905924000
 14     0.859192000     0.162534000     0.846484000
 14     1.043440000     0.236223000     0.997511000
 14     0.405327000     0.362338000     0.928671000
 14     0.081723000     0.331183000     0.808373000
 14     0.115721000     0.854441000     0.761837000
 14     0.648504000     0.226786000     0.955705000
 14     0.630322000     0.321837000     0.713436000
 14     0.056780000     0.974451000     0.890352000
 14     0.136393000     0.433484000     0.666507000
 14     0.530810000     0.820119000     0.938433000
 14     0.410148000     0.475668000     0.780414000
 14     0.774538000     0.496417000     0.797050000
ENDGEOM
1 3
0 0 3 1.0 1.0
 18.73113696 .03349460434
 2.825394365 .2347269535
 .6401216923 .8137573262
0 0 1 0.0 1.0
 .1612777588 1.000000000
0 2 1 0.0 1.0
 1.100000000 1.000000000
14 6
0 0 8 2. 1.0
	87645.8     0.000237
	12851.8     0.00192
	 2786.28    0.0109
	  728.043   0.0496
	  219.516   0.1668
	   75.9006  0.363
	   29.4602  0.4051
	   11.9891  0.1504
0 1 6 8. 1.0
	165.958 -0.00884 0.00909
	 39.3727 -0.0859 0.0601
	 12.7112 -0.0712 0.1952
	  4.7177 0.4147 0.3384
	  1.8482 0.6168 0.3006
	  0.7365 0.1154 0.0648
0 1 3 4 1.
	4.1752 -0.0199 -0.0087
	1.4472 -0.1864 -0.00438
	0.5023 0.0967 0.2207
0 1 1 0. 1.
	0.322 1. 1.
0 1 1 0. 1.
	0.13 1. 1.
0 3 1 0. 1.
	0.6 1.
8  4                          |      ===== Modified OXYGEN BASIS  =====
0 0 8 2.0 1.0
 8020.0    0.00108
 1338.0    0.00804
  255.4    0.05324
   69.22   0.1681
   23.90   0.3581
    9.264  0.3855
    3.851  0.1468
    1.212  0.0728
0 1 4 6.0 1.0
   49.43  -0.00883 0.00958
   10.47  -0.0915  0.0696
    3.235 -0.0402  0.2065
    1.217  0.379   0.347
0  1  1  0. 1.                |               3sp:  1 Gaussian
.4763    1.       1.
0  1  1  0. 1.                |               3sp:  1 Gaussian
.190     1.       1.
99 0
END
SHRINK
2 2
DFT 
EXCHANGE
BECKE 
CORRELAT
LYP
HYBRID
5
NONLOCAL
0.9 0.81
XLGRID
SPIN
END
TOLINTEG
8 8 8 8 16
SCFDIR
SMEAR
0.0
MAXCYCLE                      |             maximum No.
150                            |             of cycles
FMIXING                       |
92
BROYDEN
0.0001 90 80
TOLDEE
7
END
