Created with astools
CRYSTAL
0 0 0
1
10.8757 10.7787 21.1866 90.00000 90.00000 90.00000
161
  1     0.240113000     0.244555000     0.957086000
  1     0.451078000     0.599604000     0.067575000
  1     0.551508000     0.016078000     0.967137000
  1     0.052958000     0.561406000     0.501948000
  1     0.747779000     0.871716000     0.595279000
  1     0.522456000     0.466353000     0.613521000
  1     0.419178000     1.040530000     0.871752000
  1     0.571740000     0.652295000     0.895000000
  1     0.930705000     0.680971000     0.885320000
  1     0.714185000     0.593766000     0.839165000
  1     0.656875000     0.193345000     0.722081000
  1     0.464561000     0.722048000     0.710345000
  1     0.350374000     0.717255000     0.794455000
  8     0.548024000     0.886822000     0.632667000
  8     0.355386000     0.330171000     0.620115000
  8     0.799203000     0.251723000     0.559778000
  8     0.345632000     0.569264000     0.583807000
  8     0.675678000     0.186828000     0.677385000
  8     0.850788000     0.676408000     0.574826000
  8     0.640579000     0.569053000     0.641558000
  8     0.239043000     0.992516000     0.599319000
  8     0.107378000     0.360525000     0.641986000
  8     0.649092000     0.067024000     0.550179000
  8     0.915320000     0.988278000     0.532867000
  8     0.604006000     0.337859000     0.554323000
  8     0.306990000     0.772188000     0.649486000
  8     0.111090000     0.631060000     0.596600000
  8     0.987208000     0.812048000     0.646344000
  8     0.221701000     0.762850000     0.524234000
  8     0.049916000     0.321146000     0.917809000
  8     0.270135000     0.375463000     0.737610000
  8     0.161564000     0.486072000     0.845154000
  8     0.500103000     0.209299000     0.803397000
  8     0.656553000     0.096610000     0.877563000
  8     0.795763000     0.436155000     0.723547000
  8     0.384117000     0.817304000     0.978093000
  8     0.832204000     0.834528000     0.959664000
  8     0.537843000     0.586284000     0.923695000
  8     0.194489000     0.607996000     0.734647000
  8     0.687676000     0.655882000     0.749360000
  8     0.526058000     0.855673000     0.876181000
  8     0.969371000     0.033901000     0.727300000
  8     0.046907000     0.771390000     0.766083000
  8     0.598019000     0.873564000     0.755364000
  8     0.834150000     0.858206000     0.729289000
  8     0.898736000     0.115863000     0.906705000
  8     0.034735000     0.413934000     0.757388000
  8     0.819420000     0.196966000     0.803509000
  8     0.339098000     0.659205000     0.888360000
  8     0.941135000     0.548907000     0.662797000
  8     0.759455000     0.519934000     0.945735000
  8     0.059651000     0.173073000     0.818587000
  8     0.764256000     0.279671000     0.942353000
  8     0.481304000     0.240822000     0.932690000
  8     0.391088000     0.974643000     0.708844000
  8     0.561032000     0.436095000     0.740815000
  8     0.113956000     0.094470000     0.949946000
  8     0.305063000     0.793952000     0.789377000
  8     0.348584000     0.453019000     0.967117000
  8     0.665974000     0.371713000     0.847642000
  8     0.764567000     0.807094000     0.843575000
  8     0.904712000     0.458184000     0.854293000
  8     0.644684000     0.698686000     0.009337000
  8     0.424366000     0.442516000     0.840804000
  8     0.045871000     0.555447000     0.946764000
  8    -0.001193000     0.907534000     0.874207000
  8     0.160990000     0.914091000     0.711099000
  8     0.913044000     0.242155000     0.691757000
  8     0.228042000     0.155636000     0.688035000
 14     0.050876000     0.039592000     0.014781000
 14     0.298173000     0.319283000     0.005892000
 14     0.160662000     0.422023000     0.074500000
 14     0.409891000     0.180745000     0.072194000
 14     0.037567000     0.294518000     0.140641000
 14     0.288744000     0.048615000     0.138782000
 14     0.164129000     0.169234000     0.207458000
 14     0.409742000     0.415823000     0.213232000
 14     0.075529000     0.594166000     0.019519000
 14     0.269057000     0.754881000     0.021787000
 14     0.168031000     0.908109000     0.079159000
 14     0.375182000     0.691351000     0.108045000
 14     0.033065000     0.794262000     0.147808000
 14     0.272691000     0.530220000     0.152490000
 14     0.149711000     0.661331000     0.214307000
 14     0.408945000     0.924313000     0.209426000
 14     0.579601000     0.095578000     0.022641000
 14     0.744257000     0.245557000     0.018713000
 14     0.661407000     0.418128000     0.074331000
 14     0.913903000     0.162082000     0.076023000
 14     0.530657000     0.298162000     0.142552000
 14     0.792910000     0.041810000     0.146965000
 14     0.661617000     0.169227000     0.207534000
 14     0.913462000     0.417029000     0.209746000
 14     0.635982000     0.557981000     0.983555000
 14     0.764478000     0.789523000     0.024949000
 14     0.656101000     0.932635000     0.083286000
 14     0.908565000     0.673174000     0.082003000
 14     0.540250000     0.797787000     0.149380000
 14     0.786349000     0.539773000     0.144623000
 14     0.660963000     0.663164000     0.212948000
 14     0.911403000     0.917646000     0.214906000
 14     0.040922000     0.045647000     0.275717000
 14     0.287371000     0.291976000     0.277340000
 14     0.028550000     0.537895000     0.283362000
 14     0.284128000     0.790206000     0.270573000
 14     0.538655000     0.042332000     0.276363000
 14     0.787889000     0.291639000     0.272792000
 14     0.535243000     0.537173000     0.279868000
 14     0.782961000     0.791012000     0.278431000
 14     0.161027000     0.409668000     0.346439000
 14     0.418999000     0.171837000     0.341335000
 14     0.030656000     0.292733000     0.414063000
 14     0.296785000     0.037984000     0.398187000
 14     0.125497000     0.101955000     0.457137000
 14     0.450157000     0.454438000     0.462195000
 14     0.164390000     0.911462000     0.337547000
 14     0.408247000     0.672116000     0.339632000
 14     0.028639000     0.799126000     0.404906000
 14     0.285782000     0.547897000     0.405990000
 14     0.135704000     0.656525000     0.466268000
 14     0.425273000     0.941750000     0.473711000
 14     0.665132000     0.405543000     0.344053000
 14     0.911852000     0.171500000     0.339885000
 14     0.547665000     0.279423000     0.416594000
 14     0.776135000     0.062571000     0.406010000
 14     0.663825000     0.204492000     0.511791000
 14     0.942803000     0.453744000     0.479583000
 14     0.659069000     0.915229000     0.346103000
 14     0.899709000     0.666269000     0.346177000
 14     0.528195000     0.787828000     0.412933000
 14     0.784503000     0.532177000     0.411757000
 14     0.613023000     0.615723000     0.471665000
 14     0.947108000     0.977479000     0.455477000
 14     0.801032000     0.163101000     0.644846000
 14     0.232683000     0.305484000     0.669882000
 14     0.236113000     0.943148000     0.526347000
 14     0.705947000     0.630680000     0.576895000
 14     0.251452000     0.686764000     0.595760000
 14     0.974092000     0.669520000     0.621450000
 14     0.747227000     0.411160000     0.542003000
 14     0.495646000     1.010689000     0.590931000
 14     0.793365000     0.994407000     0.577507000
 14     0.417771000     0.437068000     0.575759000
 14     0.675387000     0.523501000     0.714122000
 14     0.038536000     0.458944000     0.888781000
 14     0.488352000     0.855010000     0.703716000
 14     0.507652000     0.142899000     0.877424000
 14     0.412763000     0.791365000     0.904926000
 14     0.723424000     0.798885000     0.770898000
 14     0.171565000     0.473661000     0.767178000
 14     0.774536000     0.182806000     0.880582000
 14     0.034276000     0.173792000     0.896180000
 14     0.947936000     0.411803000     0.695073000
 14     0.946354000     0.157098000     0.767617000
 14     0.534287000     0.359043000     0.806338000
 14     0.391689000     0.518488000     0.903232000
 14     0.259571000     1.010607000     0.676315000
 14     0.191311000     0.763446000     0.740003000
 14     0.981975000     0.877192000     0.719993000
 14     0.893090000     0.812010000     0.887561000
 14     0.761894000     0.484560000     0.870166000
ENDGEOM
1 3
0 0 3 1.0 1.0
 18.73113696 .03349460434
 2.825394365 .2347269535
 .6401216923 .8137573262
0 0 1 0.0 1.0
 .1612777588 1.000000000
0 2 1 0.0 1.0
 1.100000000 1.000000000
14 6
0 0 8 2. 1.0
	87645.8     0.000237
	12851.8     0.00192
	 2786.28    0.0109
	  728.043   0.0496
	  219.516   0.1668
	   75.9006  0.363
	   29.4602  0.4051
	   11.9891  0.1504
0 1 6 8. 1.0
	165.958 -0.00884 0.00909
	 39.3727 -0.0859 0.0601
	 12.7112 -0.0712 0.1952
	  4.7177 0.4147 0.3384
	  1.8482 0.6168 0.3006
	  0.7365 0.1154 0.0648
0 1 3 4 1.
	4.1752 -0.0199 -0.0087
	1.4472 -0.1864 -0.00438
	0.5023 0.0967 0.2207
0 1 1 0. 1.
	0.322 1. 1.
0 1 1 0. 1.
	0.13 1. 1.
0 3 1 0. 1.
	0.6 1.
8  4                          |      ===== Modified OXYGEN BASIS  =====
0 0 8 2.0 1.0
 8020.0    0.00108
 1338.0    0.00804
  255.4    0.05324
   69.22   0.1681
   23.90   0.3581
    9.264  0.3855
    3.851  0.1468
    1.212  0.0728
0 1 4 6.0 1.0
   49.43  -0.00883 0.00958
   10.47  -0.0915  0.0696
    3.235 -0.0402  0.2065
    1.217  0.379   0.347
0  1  1  0. 1.                |               3sp:  1 Gaussian
.4763    1.       1.
0  1  1  0. 1.                |               3sp:  1 Gaussian
.190     1.       1.
99 0
END
SHRINK
2 2
DFT 
EXCHANGE
BECKE 
CORRELAT
LYP
HYBRID
5
NONLOCAL
0.9 0.81
XLGRID
SPIN
END
TOLINTEG
8 8 8 8 16
SCFDIR
SMEAR
0.0
MAXCYCLE                      |             maximum No.
150                            |             of cycles
FMIXING                       |
92
BROYDEN
0.0001 90 80
TOLDEE
7
END
