Created with astools
CRYSTAL
0 0 0
1
11.0235 11.0014 15.0331 90.00000 90.00000 90.00000
72
  8     0.062527000     0.062544000     0.131894000
  8     0.062527000     0.562543000     0.131892000
  8     0.562529000     0.062543000     0.131893000
  8     0.562530000     0.562542000     0.131892000
  8     0.185184000     0.440939000     0.768419000
  8     0.185184000     0.940939000     0.768407000
  8     0.685182000     0.440941000     0.768414000
  8     0.685183000     0.940941000     0.768411000
 14     0.169248000     0.455813000     0.136636000
 14     0.455854000     0.169235000     0.136704000
 14     0.062551000     0.312539000     0.225234000
 14     0.312537000     0.062529000     0.225202000
 14     0.188299000     0.188295000     0.314722000
 14     0.436790000     0.436801000     0.314719000
 14     0.169248000     0.955813000     0.136635000
 14     0.455854000     0.669235000     0.136703000
 14     0.062552000     0.812540000     0.225234000
 14     0.312537000     0.562530000     0.225201000
 14     0.188299000     0.688295000     0.314723000
 14     0.436790000     0.936801000     0.314719000
 14     0.669247000     0.455813000     0.136637000
 14     0.955854000     0.169234000     0.136705000
 14     0.562551000     0.312538000     0.225233000
 14     0.812537000     0.062530000     0.225202000
 14     0.688298000     0.188295000     0.314723000
 14     0.936790000     0.436801000     0.314719000
 14     0.669247000     0.955813000     0.136636000
 14     0.955855000     0.669234000     0.136705000
 14     0.562551000     0.812538000     0.225234000
 14     0.812537000     0.562529000     0.225202000
 14     0.688298000     0.688295000     0.314723000
 14     0.936790000     0.936801000     0.314719000
 14     0.062580000     0.062537000     0.404879000
 14     0.312522000     0.312606000     0.405069000
 14     0.187398000     0.437671000     0.495396000
 14     0.437614000     0.187468000     0.495346000
 14     0.061561000     0.312422000     0.585669000
 14     0.313632000     0.062936000     0.585540000
 14     0.189361000     0.189580000     0.673739000
 14     0.439135000     0.439647000     0.676191000
 14     0.062579000     0.562537000     0.404879000
 14     0.312521000     0.812607000     0.405070000
 14     0.187398000     0.937671000     0.495398000
 14     0.437613000     0.687468000     0.495345000
 14     0.061561000     0.812422000     0.585669000
 14     0.313632000     0.562936000     0.585540000
 14     0.189357000     0.689587000     0.673739000
 14     0.439133000     0.939648000     0.676188000
 14     0.562579000     0.062538000     0.404880000
 14     0.812521000     0.312606000     0.405069000
 14     0.687398000     0.437671000     0.495397000
 14     0.937614000     0.187469000     0.495345000
 14     0.561561000     0.312423000     0.585669000
 14     0.813633000     0.062937000     0.585540000
 14     0.689358000     0.189582000     0.673738000
 14     0.939132000     0.439650000     0.676190000
 14     0.562579000     0.562537000     0.404879000
 14     0.812521000     0.812606000     0.405070000
 14     0.687398000     0.937671000     0.495397000
 14     0.937613000     0.687468000     0.495346000
 14     0.561560000     0.812422000     0.585669000
 14     0.813631000     0.562935000     0.585541000
 14     0.689358000     0.689583000     0.673739000
 14     0.939134000     0.939647000     0.676188000
 14     0.081592000     0.052900000     0.764818000
 14     0.292286000     0.334494000     0.763300000
 14     0.081593000     0.552898000     0.764810000
 14     0.292290000     0.834493000     0.763305000
 14     0.581591000     0.052899000     0.764816000
 14     0.792285000     0.334495000     0.763301000
 14     0.581590000     0.552900000     0.764816000
 14     0.792289000     0.834493000     0.763303000
ENDGEOM
STOP
