Created with astools
CRYSTAL
0 0 0
1
10.84 10.84 10.84 90.00000 90.00000 90.00000
64
 14     0.062536901     0.062536901     0.062536901
 14     0.312536900     0.312536900     0.062536901
 14     0.187536900     0.437536900     0.187536900
 14     0.437536900     0.187536900     0.187536900
 14     0.062536901     0.312536900     0.312536900
 14     0.312536900     0.062536901     0.312536900
 14     0.187536900     0.187536900     0.437536900
 14     0.437536900     0.437536900     0.437536900
 14     0.062536900     0.562536901     0.062536901
 14     0.312536900     0.812536901     0.062536901
 14     0.187536900     0.937536900     0.187536900
 14     0.437536900     0.687536900     0.187536900
 14     0.062536900     0.812536901     0.312536900
 14     0.312536900     0.562536901     0.312536900
 14     0.187536900     0.687536900     0.437536900
 14     0.437536900     0.937536900     0.437536900
 14     0.562536901     0.062536901     0.062536901
 14     0.812536901     0.312536900     0.062536901
 14     0.687536900     0.437536900     0.187536900
 14     0.937536900     0.187536900     0.187536900
 14     0.562536901     0.312536900     0.312536900
 14     0.812536901     0.062536901     0.312536900
 14     0.687536900     0.187536900     0.437536900
 14     0.937536900     0.437536900     0.437536900
 14     0.562536901     0.562536901     0.062536901
 14     0.812536901     0.812536901     0.062536901
 14     0.687536900     0.937536900     0.187536900
 14     0.937536900     0.687536900     0.187536900
 14     0.562536901     0.812536901     0.312536900
 14     0.812536901     0.562536901     0.312536900
 14     0.687536900     0.687536900     0.437536900
 14     0.937536900     0.937536900     0.437536900
 14     0.062536900     0.062536900     0.562536901
 14     0.312536900     0.312536900     0.562536901
 14     0.187536900     0.437536900     0.687536900
 14     0.437536900     0.187536900     0.687536900
 14     0.062536900     0.312536900     0.812536901
 14     0.312536900     0.062536900     0.812536901
 14     0.187536900     0.187536900     0.937536900
 14     0.437536900     0.437536900     0.937536900
 14     0.062536900     0.562536901     0.562536901
 14     0.312536900     0.812536901     0.562536901
 14     0.187536900     0.937536900     0.687536900
 14     0.437536900     0.687536900     0.687536900
 14     0.062536900     0.812536901     0.812536901
 14     0.312536900     0.562536901     0.812536901
 14     0.187536900     0.687536900     0.937536900
 14     0.437536900     0.937536900     0.937536900
 14     0.562536901     0.062536900     0.562536901
 14     0.812536901     0.312536900     0.562536901
 14     0.687536900     0.437536900     0.687536900
 14     0.937536900     0.187536900     0.687536900
 14     0.562536901     0.312536900     0.812536901
 14     0.812536901     0.062536900     0.812536901
 14     0.687536900     0.187536900     0.937536900
 14     0.937536900     0.437536900     0.937536900
 14     0.562536901     0.562536901     0.562536901
 14     0.812536901     0.812536901     0.562536901
 14     0.687536900     0.937536900     0.687536900
 14     0.937536900     0.687536900     0.687536900
 14     0.562536901     0.812536901     0.812536901
 14     0.812536901     0.562536901     0.812536901
 14     0.687536900     0.687536900     0.937536900
 14     0.937536900     0.937536900     0.937536900
ENDGEOM
STOP
