Created with astools
CRYSTAL
0 0 0
1
11.073400 10.638949 21.609880 90.00000 90.00000 90.00000
156
 8        0.021733   0.131783   0.094381 
 8        0.069847   0.606148   0.069180 
 8        0.562708   0.112392   0.051339 
 8        0.620796   0.605768   0.039503 
 8        0.837420   0.276497   0.047139 
 8        0.493417   0.822282   0.084949 
 8        0.548991   0.411821   0.969046 
 8        0.330867   0.511170   0.004450 
 8        0.176372   0.456761   0.550923 
 8        0.190870   0.966020   0.554257 
 8        0.644055   0.417609   0.572797 
 8        0.721829   0.994089   0.578784 
 8        0.811741   0.483640   0.636160 
 8        0.533833   0.585414   0.614744 
 8        0.337612   0.267317   0.577722 
 8        0.856940   0.260572   0.585544 
 8        0.012332   0.094764   0.599316 
 8        0.235103   0.678789   0.602202 
 8        1.008327   0.621429   0.585872 
 8        0.060268   0.807822   0.662386 
 8        0.835795   0.789512   0.605489 
 8        0.373915   0.933582   0.625569 
 8        0.355840   0.132901   0.682204 
 8        0.238150   0.810764   0.843925 
 8        0.240199   0.356720   0.678865 
 8        0.127407   0.191959   0.922827 
 8        0.165410   0.591253   0.709744 
 8        0.473979   0.353202   0.662685 
 8        0.305182   0.030040   0.881277 
 8        0.689525   0.170435   0.671249 
 8        0.154718   0.582781   0.930773 
 8        0.778764   0.017509   0.832047 
 8        0.354943   0.372748   0.906313 
 8        0.234772   0.489494   0.823442 
 8        0.044980   0.842958   0.780194 
 8        0.924917   0.788572   0.020190 
 8        0.158114   0.015686   0.700583 
 8        0.848122   0.519677   0.782689 
 8        0.437680   0.597076   0.848230 
 8        0.820298   0.782863   0.801217 
 8        0.344746  -0.010939   0.027576 
 8        0.466073   0.833762   0.856206 
 8        0.485816   0.806560   0.968885 
 8        0.876001  -0.004082   0.949009 
 8        0.680553   0.132289   0.931047 
 8        0.910241   0.655766   0.703574 
 8        0.036370   0.842197   0.910546 
 8        0.087443   0.971055   0.013876 
 8        1.034519   0.385924   0.860843 
 8        0.052064   0.127012   0.808701 
 8        0.887337   0.215500   0.888686 
 8        0.895883   0.963874   0.718521 
 8        0.370076  -0.019821   0.767620 
 8        0.453543   0.379001   0.794004 
 8        0.621661   0.786624   0.710769 
 8        1.004933   0.417409   0.696552 
 8        0.690419   0.338302   0.819079 
 8        0.279716   0.814698   0.707476 
 8        0.606500   0.634543   0.918944 
 8        0.774955   0.475906   0.978701 
 8        0.032122   0.644434   0.832678 
 8        0.640164   0.456163   0.716331 
 8        0.275026   0.747181   0.018089 
 8        0.388289   0.284475   0.032593 
 14       0.167882   0.523168   0.110607 
 14       0.451786   0.201222   0.089015 
 14       0.079411   0.364232   0.164005 
 14       0.297725   0.087304   0.141402 
 14       0.189347   0.209597   0.216228 
 14       0.424939   0.451125   0.220171 
 14       0.120280   1.009806   0.087762 
 14       0.501916   0.620589   0.082578 
 14       0.054206   0.843779   0.155423 
 14       0.332617   0.614466   0.162928 
 14       0.175418   0.712520   0.220637 
 14       0.412702   0.965488   0.216988 
 14       0.639453   0.534165   0.972640 
 14       0.875300   0.148149   0.083061 
 14       0.555988   0.338209   0.155339 
 14       0.759950   0.048456   0.158037 
 14       0.671921   0.206616   0.219182 
 14       0.921657   0.468434   0.214271 
 14       0.658156   0.976978   0.061215 
 14       0.958646   0.708810   0.085749 
 14       0.492812   0.790109   0.166116 
 14       0.806410   0.584914   0.141317 
 14       0.678583   0.705913   0.208413 
 14       0.917285   0.952835   0.217524 
 14       0.052732   0.083839   0.275514 
 14       0.302461   0.328280   0.286429 
 14       0.051358   0.580297   0.281838 
 14       0.298350   0.838304   0.284736 
 14       0.551083   0.077521   0.283328 
 14       0.802961   0.333954   0.279685 
 14       0.557118   0.582251   0.276198 
 14       0.797829   0.824823   0.281888 
 14       0.894572   0.407498   1.012492 
 14       0.288846   0.637600   0.962492 
 14       0.404212   0.387877   0.977874 
 14       0.391180   0.849425   0.021950 
 14       0.172248   0.453881   0.347856 
 14       0.429822   0.203781   0.348047 
 14       0.039805   0.328959   0.410426 
 14       0.303953   0.076363   0.410143 
 14       0.170901   0.204077   0.467325 
 14       0.427999   0.459774   0.468887 
 14       0.170072   0.959904   0.345841 
 14       0.434783   0.709859   0.341155 
 14       0.048309   0.827100   0.408182 
 14       0.308012   0.586047   0.403239 
 14       0.199674   0.725523   0.465217 
 14       0.461451   0.995868   0.474228 
 14       0.675323   0.462223   0.343247 
 14       0.929309   0.205413   0.340692 
 14       0.558125   0.331325   0.407993 
 14       0.809517   0.080975   0.407718 
 14       0.710213   0.235503   0.467092 
 14       0.863383   0.407267   0.465128 
 14       0.678211   0.950490   0.348427 
 14       0.924047   0.699655   0.345872 
 14       0.547536   0.831682   0.413976 
 14       0.793762   0.585059   0.412035 
 14       0.677302   0.715921   0.482137 
 14       0.929918   0.952027   0.474242 
 14       0.077107   0.057469   0.533145 
 14       0.275725   0.352469   0.522945 
 14       0.143836   0.607573   0.550891 
 14       0.331612   0.918932   0.552509 
 14       0.638351   0.118008   0.606963 
 14       0.806166   0.399413   0.569660 
 14       0.566070   0.558081   0.537088 
 14       0.783386   0.872087   0.544370 
 14       0.349989   0.269284   0.652533 
 14       0.198384   0.717639   0.672148 
 14       0.580791   0.451147   0.646634 
 14       0.921818   0.181463   0.645488 
 14       0.580244   0.797592   0.642405 
 14       0.945639   0.714850   0.635681 
 14       0.266205   0.131007   0.936799 
 14       0.350088   0.917011   0.835027 
 14       0.780894   0.926457   0.769641 
 14       0.041279   0.937091   0.719878 
 14       0.115566   0.512198   0.866416 
 14       0.902825   0.666876   0.779691 
 14       0.467677   0.707800   0.904287 
 14       0.806723   0.086003   0.897969 
 14       0.034467   0.218878   0.864336 
 14       0.095666   0.798811   0.846868 
 14       0.544755   0.093364   0.957190 
 14       0.584923   0.335771   0.763946 
 14       0.859626   0.437675   0.707316 
 14       0.309242   0.980672   0.696761 
 14       0.979911   0.900198   0.975201 
 14       0.144964   0.436621   0.719923 
 14       0.377436   0.461541   0.843718 
 14       0.795570   0.416518   0.855884 
ENDGEOM
END
