Created with astools
CRYSTAL
0 0 0
1
10.596221 10.589374 21.673193 90.00000 90.00000 90.00000 
160
 8           0.854743   0.748875   0.605499  
 8           0.504333   0.286530   0.597913  
 8           0.821517   0.783054   0.487318  
 8           0.177082   0.174939   0.535458  
 8           0.298795   0.975813   0.620284  
 8           0.205851   0.608762   0.632540  
 8           0.494906   0.733996   0.574719  
 8           0.734777   0.005503   0.581390  
 8           0.688224   0.606411   0.528250  
 8           0.236069   0.735577   0.535981  
 8           0.001691   0.964817   0.529069  
 8           0.481234   0.084196   0.534557  
 8           0.678503   0.442183   0.656150  
 8           0.812115   0.408438   0.567473  
 8           0.441574   0.510733   0.649663  
 8           0.277225   0.429662   0.557010  
 8           0.050658   0.610455   0.517014  
 8           0.754522   0.922011   0.936262  
 8           0.786282   0.169976   0.880652  
 8           0.534718   0.821225   0.883560  
 8           0.056177   0.228007   0.903525  
 8           0.864742   0.871833   0.717991  
 8           0.569691   0.696444  -0.004873  
 8           0.812356   0.602547   0.767585  
 8           0.452662   0.480857   0.007965  
 8           0.596907   0.920319   0.661741  
 8           0.308488   0.361313   0.930116  
 8           0.028364   0.005354   0.659730  
 8           0.212895   0.689950   0.815765  
 8           0.722303   0.197849   0.006142  
 8           0.534657   0.050339   0.957503  
 8           0.935928   0.996742   0.002153  
 8           0.969589   0.526097   0.626711  
 8           0.659675   0.382621   0.777514  
 8           0.632461   0.693130   0.688243  
 8           0.938461   0.416226   0.005159  
 8           0.076773   0.560029   0.926045  
 8           0.242524   0.936545   0.750781  
 8           0.259962   0.190047   0.715817  
 8           0.973903   0.800796   0.819123  
 8           0.100641   0.495129   0.793205  
 8           0.136788   0.563145   0.041751  
 8           0.768771   0.173296   0.672725  
 8           0.113721   0.902714   0.904676  
 8           0.559233   0.624472   0.806941  
 8           0.271407   0.197723   0.838305  
 8           1.007490   0.094799   0.769433  
 8           0.507672   0.172715   0.831978  
 8           0.737570   0.633236   0.901840  
 8           0.024049   0.277116   0.635559  
 8           0.398055   0.433571   0.766967  
 8           0.913685   0.336472   0.736283  
 8           0.365333   0.723698   0.727379  
 8           0.900626   0.407779   0.853127  
 8           0.366874   0.663341   0.901019  
 8           0.291267   0.823911   0.979003  
 8           0.491884   0.925023   0.769618  
 8           0.207604   0.407948   0.689354  
 8           0.073981   0.733784   0.707510  
 8           0.486833   0.157762   0.695653  
 8           0.718839   0.960120   0.815614  
 8           0.562638   0.442243   0.889033  
 8           0.149989   0.119462  -0.007968  
 8           0.355877   0.972390   0.861645  
 14          0.061560   0.060437   0.047477  
 14          0.343357   0.366674   0.007728  
 14          0.196987   0.440124   0.081038  
 14          0.426735   0.207716   0.077380  
 14          0.069990   0.330814   0.154100  
 14          0.308131   0.079306   0.149936  
 14          0.186666   0.198175   0.218214  
 14          0.432598   0.432990   0.222674  
 14          0.006602   0.557325  -0.000151  
 14          0.318086   0.839503   0.059445  
 14          0.163420   0.930621   0.112926  
 14          0.416732   0.687669   0.116273  
 14          0.021396   0.786673   0.150508  
 14          0.295442   0.540936   0.162805  
 14          0.168671   0.683512   0.213610  
 14          0.430224   0.953877   0.216686  
 14          0.591144   0.109021   0.025669  
 14          0.823329   0.318315   0.038453  
 14          0.689216   0.449735   0.096057  
 14          0.935435   0.192915   0.105913  
 14          0.550917   0.317587   0.151506  
 14          0.793841   0.054813   0.153211  
 14          0.671869   0.185391   0.214824  
 14          0.934101   0.449161   0.215206  
 14          0.540137   0.580855   0.049593  
 14          0.822184   0.870477   0.004141  
 14          0.674418   0.940039   0.080100  
 14          0.900461   0.701804   0.065460  
 14          0.560334   0.829170   0.156223  
 14          0.813909   0.585128   0.153259  
 14          0.680446   0.700229   0.219001  
 14          0.921914   0.931537   0.215692  
 14          0.055011   0.061543   0.275149  
 14          0.308017   0.313839   0.286334  
 14          0.056035   0.566226   0.281636  
 14          0.299943   0.815532   0.273720  
 14          0.551543   0.070185   0.284740  
 14          0.806888   0.310641   0.272723  
 14          0.547631   0.576043   0.279774  
 14          0.799839   0.823010   0.285160  
 14          0.180478   0.443805   0.344597  
 14          0.431972   0.194291   0.349990  
 14          0.043038   0.316315   0.398054  
 14          0.311315   0.060052   0.408267  
 14          0.181629   0.201937   0.455071  
 14          0.440790   0.437696   0.469955  
 14          0.186034   0.942964   0.340601  
 14          0.419789   0.698444   0.346814  
 14          0.059948   0.819337   0.404157  
 14          0.301746   0.562654   0.412365  
 14          0.161583   0.682448   0.472652  
 14          0.414784   0.950772   0.488563  
 14          0.676070   0.438643   0.331147  
 14          0.923417   0.178785   0.339714  
 14          0.570865   0.323330   0.404427  
 14          0.801042   0.068933   0.415063  
 14          0.724196   0.245465   0.471266  
 14          0.889122   0.404267   0.456597  
 14          0.674278   0.944277   0.349951  
 14          0.935102   0.696547   0.340634  
 14          0.541304   0.829772   0.414918  
 14          0.806613   0.556618   0.391292  
 14          0.697951   0.692536   0.456475  
 14          0.915975   0.913420   0.469631  
272          0.837927   0.007082   0.654776  
272          0.877197   0.580304   0.546844  
272          0.659975   0.768423   0.608493  
272          0.054704   0.724134   0.611637  
272          0.360345   0.243579   0.536525  
272          0.129037   0.427389   0.610090  
272          0.359154   0.608599   0.573357  
272          0.840061   0.343767   0.652131  
272          0.136070   0.020147   0.587511  
272          0.625471   0.410326   0.559961  
272          0.586192   0.109478   0.613342  
272          0.907057   0.156934   0.945495  
272          0.554283   0.626456   0.906529  
272          0.743790   0.508348   0.837700  
272          0.101104   0.396371   0.873169  
272          0.197578   0.080761   0.903455  
272          0.193708   0.730578   0.911008  
272          0.566709   0.519409   0.723897  
272          0.477895   0.864074   0.974964  
272          0.421982   0.341865   0.850873  
272          0.924908   0.903514   0.892422  
272          0.081333   0.237597   0.726261  
272          0.051687   0.916374   0.750610  
272          0.244711   0.576316   0.735137  
272          0.368896   0.089776   0.773481  
272          0.989043   0.637006   0.774539  
272          0.804462   0.268439   0.804705  
272          0.576420   1.006205   0.868395  
272          0.390066   0.893395   0.685233  
272          0.687008   0.855147   0.744389  
272          0.388841   0.315982   0.672530  
272          0.382800   0.787632   0.820988  
ENDGEOM
272 11
HAYWSC
0 0 4 2. 1.
	24.000000000            0.22105582070    
	16.000000000           -3.5812539434     
	14.400000000            4.2538249256     
	10.304504667           -0.69586365081    
0 0 1 0. 1.
	3.7930173975           1.0000000        
0 0 1 0. 1.
	1.0189877143           1.0000000        
0 0 1 0. 1.
	0.45985511458          1.0000000        
0 0 1 0. 1.
	1.92752376673E-01            1.0000000        
0 2 3 6. 1.
	22.353629203           -0.74529620838E-02      
	8.7403508095           0.15635970402    
	4.8501567161          -0.44869151461    
0 2 1 0. 1.
	1.2573944258           1.0000000        
0 2 1 0. 1.
	0.61115481502          1.0000000        
0 2 1 0. 1.
	0.26740341018          1.0000000        
0 3 4 0. 1.
	8.0559644562           0.96734715928E-02      
	4.3420511504          -0.54567079465E-01      
	1.1836909211           0.19687724953    
	0.51336795676          0.40004510632    
0 3 1 0. 1.
	0.20546727725          1.0000000 
8 8
0 0 6 2.0 1.0
	27032.382631 0.00021726302465
	4052.3871392 0.00168386621990
	922.32722710 0.00873956162650
	261.24070989 0.03523996880800
	85.354641351 0.11153519115000
	31.035035245 0.25588953961000
0 0 2 2.0 1.0
	12.260860728 0.39768730901000
	4.9987076005 0.24627849430000
0 0 1 0.0 1.0
	1.0987136000 1.00000000000000
0 0 1 0.0 1.0
	0.3565870100 1.00000000000000
0 2 4 6.0 1.0
	63.274954801 0.0060685103418
	14.627049379 0.0419125758240
	4.4501223456 0.1615384108800
	1.5275799647 0.3570695131100
0 2 1 0.0 1.0
	0.5489735000 1.0000000000000
0 2 1 0.0 1.0
	0.1858671100 1.0000000000000
0 3 1 0.0 1.0
	0.2534621300 1.0000000000000
14 6
0 0 8 2. 1.0
	87645.8     0.000237
	12851.8     0.00192
	 2786.28    0.0109
	  728.043   0.0496
	  219.516   0.1668
	   75.9006  0.363
	   29.4602  0.4051
	   11.9891  0.1504
0 1 6 8. 1.0
	165.958 -0.00884 0.00909
	 39.3727 -0.0859 0.0601
	 12.7112 -0.0712 0.1952
	  4.7177 0.4147 0.3384
	  1.8482 0.6168 0.3006
	  0.7365 0.1154 0.0648
0 1 3 4 1.
	4.1752 -0.0199 -0.0087
	1.4472 -0.1864 -0.00438
	0.5023 0.0967 0.2207
0 1 1 0. 1.
	0.322 1. 1.
0 1 1 0. 1.
	0.13 1. 1.
0 3 1 0. 1.
	0.6 1.
99 0
END
SHRINK
2 2
DFT 
EXCHANGE
BECKE 
CORRELAT
LYP
HYBRID
20
NONLOCAL
0.9 0.81
XLGRID
SPIN
END
TOLINTEG
8 8 8 8 16
SCFDIR
SMEAR
0.0
MAXCYCLE                      |             maximum No.
250                            |             of cycles
FMIXING                       |
97
BROYDEN
0.0001 85 100
TOLDEE
7
END
