Created with astools
CRYSTAL
0 0 0
1
11.0981 10.1839 21.6854 90.00000 90.00000 90.00000
148
  8     0.566343000     0.860621000     0.643653000
  8     0.331771000     0.273936000     0.629304000
  8     0.680782000     0.218963000     0.538089000
  8     0.334495000     0.529680000     0.595717000
  8     0.658875000     0.081315000     0.683637000
  8     0.788682000     0.608430000     0.564508000
  8     0.607066000     0.510016000     0.619617000
  8     0.433191000     0.934251000     0.537607000
  8     0.158226000     0.097654000     0.522530000
  8     0.094986000     0.223190000     0.621615000
  8     0.668076000     0.955534000     0.544397000
  8     0.843861000     0.061285000     0.595771000
  8     0.935383000     0.519694000     0.647643000
  8     0.491847000     0.360679000     0.543574000
  8     0.277421000     0.326054000     0.512266000
  8     0.296280000     0.807303000     0.642704000
  8     0.555496000     0.718417000     0.551976000
  8     0.183124000     0.692336000     0.546767000
  8     0.886770000     0.799280000     0.611964000
  8     0.041415000     0.342288000     0.944757000
  8     0.196979000     0.335667000     0.725044000
  8     0.137383000     0.444011000     0.844715000
  8     0.468318000     0.184425000     0.810595000
  8     0.609555000     0.134166000     0.899756000
  8     0.749646000     0.457387000     0.718095000
  8     0.920461000     0.793690000     0.946210000
  8     0.452706000     0.660521000     0.850247000
  8     0.152044000     0.603147000     0.752899000
  8     0.581601000     0.632841000     0.724433000
  8     0.491018000     0.921419000     0.864596000
  8     0.871826000    -0.007778000     0.706630000
  8     0.040858000     0.777128000     0.697301000
  8     0.615084000     0.876648000     0.761444000
  8     0.803148000     0.743141000     0.729092000
  8     0.852858000     0.159889000     0.933459000
  8     0.980719000     0.406046000     0.749931000
  8     0.784188000     0.226287000     0.823710000
  8     0.368329000     0.759384000     0.951507000
  8     0.592231000     0.581213000     0.941126000
  8     0.021146000     0.188168000     0.848960000
  8     0.713322000     0.354595000     0.934539000
  8     0.344839000     0.091363000     0.906940000
  8     0.424487000    -0.011084000     0.711500000
  8     0.518331000     0.380245000     0.724615000
  8     0.083504000     0.089989000     0.957087000
  8     0.229963000     0.857483000     0.758901000
  8     0.571519000     0.426866000     0.840980000
  8     0.684535000     0.663514000     0.831354000
  8     0.901244000     0.509041000     0.873807000
  8     0.348122000     0.404790000     0.814459000
  8     0.080989000     0.595088000     0.949872000
  8     0.156529000     0.849844000     0.955874000
  8     0.112436000     0.728486000     0.851929000
  8     0.981089000     0.858552000     0.792684000
  8     0.847845000     0.258247000     0.668821000
  8     0.220576000     0.066531000     0.682116000
 14     0.054387000     0.029769000     0.029943000
 14     0.331162000     0.303302000     0.012367000
 14     0.210728000     0.417680000     0.083243000
 14     0.449678000     0.181648000     0.084641000
 14     0.075254000     0.302358000     0.147158000
 14     0.324156000     0.058866000     0.151415000
 14     0.192493000     0.179544000     0.217053000
 14     0.448424000     0.433202000     0.214946000
 14     0.126844000     0.599594000     0.033777000
 14     0.275166000     0.769166000     0.012959000
 14     0.206142000     0.928351000     0.087183000
 14     0.444202000     0.682114000     0.077588000
 14     0.073432000     0.811717000     0.153783000
 14     0.324738000     0.555880000     0.149241000
 14     0.194329000     0.676936000     0.216050000
 14     0.449386000     0.921474000     0.208489000
 14     0.548435000     0.015498000     0.026587000
 14     0.800933000     0.436169000     0.983826000
 14     0.697380000     0.429431000     0.083072000
 14     0.941257000     0.183847000     0.085406000
 14     0.571687000     0.307972000     0.149255000
 14     0.826951000     0.048356000     0.148619000
 14     0.698473000     0.173993000     0.210814000
 14     0.951478000     0.427264000     0.211904000
 14     0.619861000     0.613923000     0.015490000
 14     0.828697000     0.767260000     0.011173000
 14     0.718248000     0.929162000     0.074581000
 14     0.955572000     0.680932000     0.087612000
 14     0.575794000     0.805260000     0.139729000
 14     0.822210000     0.553543000     0.148992000
 14     0.695931000     0.686130000     0.212957000
 14     0.947717000     0.933828000     0.219644000
 14     0.066177000     0.059363000     0.287100000
 14     0.317702000     0.311451000     0.277547000
 14     0.067997000     0.553343000     0.281512000
 14     0.319918000     0.807360000     0.276935000
 14     0.569492000     0.045181000     0.272313000
 14     0.829634000     0.296364000     0.273444000
 14     0.570771000     0.561006000     0.279980000
 14     0.819348000     0.808808000     0.281503000
 14     0.193042000     0.427601000     0.346497000
 14     0.443245000     0.173313000     0.332943000
 14     0.063709000     0.317842000     0.416313000
 14     0.321136000     0.069503000     0.405432000
 14     0.209029000     0.206519000     0.472608000
 14     0.495040000     0.430687000     0.445594000
 14     0.196682000     0.927956000     0.346641000
 14     0.436007000     0.681863000     0.344810000
 14     0.079120000     0.788670000     0.407262000
 14     0.314684000     0.552122000     0.413446000
 14     0.147968000     0.630041000     0.477249000
 14     0.472321000     0.978349000     0.464105000
 14     0.708470000     0.425678000     0.335078000
 14     0.938262000     0.187782000     0.353344000
 14     0.597760000     0.268599000     0.388730000
 14     0.761492000     0.107935000     0.403988000
 14     0.656982000     0.085613000     0.495024000
 14     0.982232000     0.477267000     0.485491000
 14     0.688675000     0.932167000     0.344228000
 14     0.939039000     0.679233000     0.345977000
 14     0.564997000     0.801192000     0.408324000
 14     0.830878000     0.535031000     0.409712000
 14     0.641189000     0.595661000     0.447151000
 14     0.083792000     0.070825000     0.586971000
 14     0.804101000     0.102680000     0.665304000
 14     0.211168000     0.227535000     0.668249000
 14     0.646914000     0.594374000     0.554914000
 14     0.244343000     0.661462000     0.614493000
 14     0.919915000     0.637936000     0.595303000
 14     0.601957000     0.290123000     0.593294000
 14     0.551913000     0.870492000     0.570494000
 14     0.885216000     0.921934000     0.557680000
 14     0.352205000     0.377680000     0.572464000
 14     0.025448000     0.473424000     0.900849000
 14     0.567593000     0.958938000     0.702010000
 14     0.479401000     0.082043000     0.871480000
 14     0.224780000    -0.005659000     0.888044000
 14     0.392849000     0.799375000     0.878711000
 14     0.673802000     0.729466000     0.762663000
 14     0.121157000     0.450852000     0.763511000
 14     0.735081000     0.220932000     0.894917000
 14    -0.005222000     0.196457000     0.922650000
 14     0.880174000     0.408214000     0.693675000
 14     0.920035000     0.182886000     0.791522000
 14     0.479652000     0.343146000     0.796004000
 14     0.293238000     0.468706000     0.878815000
 14     0.290710000     0.923970000     0.697531000
 14     0.105393000     0.764542000     0.771932000
 14     0.917092000     0.845532000     0.724252000
 14     0.613562000     0.489961000     0.696060000
 14     0.056314000     0.754719000     0.920171000
 14     0.580056000     0.579331000     0.866542000
ENDGEOM
END
