Created with astools
CRYSTAL
0 0 0
1
10.2322 9.97141 10.1755 90.00000 90.00000 90.00000
96
  8     0.539206000     0.568889000     0.536484000
  8     0.842194000     0.204570000     0.855753000
  8     0.753536000     0.197441000     0.331020000
  8     0.587265000     0.200584000     0.887667000
  8     0.459500000     0.016755000     0.773318000
  8     0.220617000     0.386338000     0.472938000
  8     0.418900000     0.816765000     0.641939000
  8     0.674061000     0.747364000     0.962075000
  8     0.196439000     0.060543000     0.796026000
  8     0.378456000     0.486499000     0.685169000
  8     0.251866000     0.537916000     0.886109000
  8     0.072550000     0.277122000     0.966060000
  8     0.932040000     0.320827000     0.663278000
  8     0.970360000     0.302305000     0.436042000
  8     0.158156000     0.350141000     0.757595000
  8     0.553103000     0.261440000     0.472404000
  8     0.954083000     0.013869000     0.698801000
  8     0.918394000     1.016595000     0.425273000
  8     0.295846000     0.743300000     0.425617000
  8     0.660477000     0.735119000     0.693150000
  8     0.879097000     0.441258000     0.991416000
  8     0.613592000     0.972852000     0.528719000
  8     0.789684000     0.151786000     0.092294000
  8     0.710492000     0.981250000     0.771189000
  8     0.327046000     0.201670000     0.984205000
  8     0.155688000     0.141674000     0.578092000
  8    -0.008038000     0.769605000     0.299392000
  8     0.741030000     0.544805000     0.829142000
  8     0.506236000     0.619072000     0.117407000
  8     0.906096000     0.785103000     0.850888000
  8     0.236036000     0.713079000     0.175795000
  8     0.188916000     0.958886000     0.133852000
  8     0.436605000     0.016332000     0.202969000
  8     0.154563000     0.948311000     0.388469000
  8     0.887819000     0.900425000     0.098376000
  8     0.674730000     0.397681000     0.086493000
  8     0.401144000     0.229891000     0.668921000
  8     0.996901000     0.146310000     0.212121000
  8     0.439051000     0.838227000     0.019297000
  8     0.649545000     0.356119000     0.691894000
  8     0.503408000     0.434505000     0.895628000
  8     0.049320000     0.567363000     0.404986000
  8     0.496360000     0.790417000     0.310703000
  8     0.627988000     0.972796000     0.004070000
  8     0.207882000     0.778875000     0.890706000
  8     0.207386000     0.237667000     0.261963000
  8     0.849695000     0.527041000     0.547353000
  8     0.298827000     0.457268000     0.111999000
  8     0.768485000     0.670925000     0.180837000
  8     0.762753000     0.149401000     0.590496000
  8     0.388445000     0.028254000     0.443800000
  8     0.407060000     0.458303000     0.331318000
  8     0.023904000     0.640679000     0.027396000
  8    -0.005253000     0.548584000     0.763157000
  8     0.769002000     0.448075000     0.331479000
  8     0.666497000     0.958910000     0.259351000
  8     0.164847000     0.612878000     0.606148000
  8     0.183714000     0.858132000     0.647098000
  8     0.736676000     0.762110000     0.444228000
  8     0.017313000     0.036017000     0.943446000
  8     0.940365000     0.785571000     0.578525000
  8     0.521998000     0.232255000     0.189298000
  8     0.453275000     0.680003000     0.837681000
  8     0.015761000     0.421949000     0.198343000
272     0.345333000     0.337631000     0.825281000
272     0.485268000     0.430104000     0.161864000
272     0.842730000     0.027255000     0.246530000
272     0.816272000     0.028492000     0.941183000
272     0.056954000     0.445442000     0.576673000
272     0.597806000     0.807481000     0.137239000
272     0.069810000     0.468501000     0.919347000
272     0.597942000     0.148666000     0.694345000
272     0.074112000     0.900639000     0.807516000
272     0.543533000     0.770376000     0.494530000
272     0.114735000     0.759460000     0.470921000
272     0.717594000     0.354812000     0.898014000
272     0.342624000     0.658661000     0.020592000
272     0.850838000     0.629885000     0.360180000
272     0.185734000     0.441296000     0.281467000
272     0.284920000     0.692836000     0.727995000
272     0.564081000     0.551641000     0.734774000
272     0.559953000     0.855453000     0.837984000
272     0.839347000     0.330568000     0.188525000
272     0.809435000     0.954619000     0.572533000
272     0.315216000     0.891017000     0.294119000
272     0.416661000     0.397377000     0.513020000
272     0.029859000     0.188322000     0.771620000
272     0.786211000     0.324133000     0.505335000
272     0.086414000     0.143773000     0.403095000
272     0.851792000     0.661093000     0.696453000
272     0.827711000     0.639662000     0.999227000
272     0.065645000     0.802569000     0.129240000
272     0.551776000     0.098099000     0.349815000
272     0.309320000     0.022749000     0.637745000
272     0.150144000     0.149541000     0.088966000
272     0.490235000     0.112984000     0.041130000
NEIGHBOR
15
ENDGEOM
272 11
HAYWSC
0 0 4 2. 1.
	24.000000000            0.22105582070    
	16.000000000           -3.5812539434     
	14.400000000            4.2538249256     
	10.304504667           -0.69586365081    
0 0 1 0. 1.
	3.7930173975           1.0000000        
0 0 1 0. 1.
	1.0189877143           1.0000000        
0 0 1 0. 1.
	0.45985511458          1.0000000        
0 0 1 0. 1.
	1.92752376673E-01            1.0000000        
0 2 3 6. 1.
	22.353629203           -0.74529620838E-02      
	8.7403508095           0.15635970402    
	4.8501567161          -0.44869151461    
0 2 1 0. 1.
	1.2573944258           1.0000000        
0 2 1 0. 1.
	0.61115481502          1.0000000        
0 2 1 0. 1.
	0.26740341018          1.0000000        
0 3 4 0. 1.
	8.0559644562           0.96734715928E-02      
	4.3420511504          -0.54567079465E-01      
	1.1836909211           0.19687724953    
	0.51336795676          0.40004510632    
0 3 1 0. 1.
	0.20546727725          1.0000000 
8 8
0 0 6 2.0 1.0
	27032.382631 0.00021726302465
	4052.3871392 0.00168386621990
	922.32722710 0.00873956162650
	261.24070989 0.03523996880800
	85.354641351 0.11153519115000
	31.035035245 0.25588953961000
0 0 2 2.0 1.0
	12.260860728 0.39768730901000
	4.9987076005 0.24627849430000
0 0 1 0.0 1.0
	1.0987136000 1.00000000000000
0 0 1 0.0 1.0
	0.3565870100 1.00000000000000
0 2 4 6.0 1.0
	63.274954801 0.0060685103418
	14.627049379 0.0419125758240
	4.4501223456 0.1615384108800
	1.5275799647 0.3570695131100
0 2 1 0.0 1.0
	0.5489735000 1.0000000000000
0 2 1 0.0 1.0
	0.1858671100 1.0000000000000
0 3 1 0.0 1.0
	0.2534621300 1.0000000000000
99 0
END
SHRINK
2 2
DFT 
EXCHANGE
BECKE 
CORRELAT
LYP
HYBRID
20
NONLOCAL
0.9 0.81
XLGRID
SPIN
END
TOLINTEG
8 8 8 8 16
SCFDIR
SMEAR
0.0
MAXCYCLE                      |             maximum No.
250                            |             of cycles
FMIXING                       |
95
BROYDEN
0.0001 95 125
TOLDEE
7
END
