Created with astools
CRYSTAL
0 0 0
1
10.5296 10.4874 22.7438 90.00000 90.00000 90.00000
168
  8     0.980520000     0.049856000     0.006863000
  8     0.057503000     0.510466000     0.990343000
  8     0.540794000     0.038825000     0.015646000
  8     0.511459000     0.494203000     0.017863000
  8     0.139670000     0.429744000     0.449991000
  8     0.158949000     0.957597000     0.468702000
  8     0.646436000     0.426020000     0.450061000
  8     0.622060000     0.887189000     0.445571000
  8     0.996633000     0.632626000     0.628822000
  8     0.515284000     0.908186000     0.548211000
  8     0.325860000     0.074871000     0.579482000
  8     0.182769000     0.824282000     0.660420000
  8     0.787113000     0.981008000     0.506409000
  8     0.808587000     0.172451000     0.590649000
  8     0.679761000     0.983958000     0.650274000
  8     0.151212000     0.152154000     0.660745000
  8     0.949798000     0.396356000     0.652133000
  8     0.132422000     0.396354000     0.567585000
  8     0.742909000     0.607842000     0.661430000
  8     0.381659000     0.434003000     0.524728000
  8     0.892246000     0.863774000     0.683633000
  8     0.010046000     0.967760000     0.583634000
  8     0.375392000     0.742717000     0.483003000
  8     0.278508000     0.591109000     0.631410000
  8     0.518790000     0.634814000     0.578616000
  8     0.739405000     0.464175000     0.572791000
  8     0.499542000     0.154303000     0.498453000
  8     0.979415000     0.182917000     0.491126000
  8     0.776214000     0.722253000     0.488734000
  8     0.381651000     0.313173000     0.626784000
  8     0.940395000     0.500126000     0.521197000
  8     0.161183000     0.630274000     0.522612000
  8     0.750594000     0.789923000     0.590583000
  8     0.507574000     0.137762000     0.685172000
  8     0.815473000     0.735834000     0.766373000
  8     0.647244000     0.602034000     0.957114000
  8     0.497165000     0.540238000     0.705774000
  8     0.436597000     0.035483000     0.793409000
  8     0.661232000     0.344425000     0.967719000
  8     0.935212000     0.341888000     0.780352000
  8     0.879292000     0.088787000     0.741170000
  8     0.348566000     0.767409000     0.766897000
  8     0.101372000     0.532435000     0.874063000
  8     0.521276000     0.808137000     0.672460000
  8     0.736354000     0.134038000     0.885158000
  8     0.719953000     0.522163000     0.773696000
  8     0.219723000     0.333011000     0.989031000
  8     0.227742000     0.778256000     0.891665000
  8     0.452104000     0.277425000     0.900107000
  8     0.395586000     0.581982000     0.933455000
  8     0.732425000     0.967360000     0.962887000
  8     0.200240000     0.375303000     0.715437000
  8     0.684151000     0.942850000     0.761185000
  8     0.170986000     0.028705000     0.942981000
  8     0.486473000     0.046440000     0.900357000
  8     0.324407000     0.002096000     0.688211000
  8     0.568200000     0.502751000     0.852822000
  8     0.343182000     0.544803000     0.808120000
  8     0.823127000     0.476639000     0.878334000
  8     0.406018000     0.292632000     0.773651000
  8     0.960683000     0.251901000     0.913396000
  8     0.094203000     0.589990000     0.739824000
  8     0.671964000     0.274408000     0.790668000
  8     0.592113000     0.751196000     0.843031000
  8     0.908792000     0.743950000     0.867082000
  8     0.673170000     0.343715000     0.685761000
  8     0.124450000     0.837762000     0.014100000
  8     0.197267000     0.311088000     0.855014000
  8     0.970416000     0.035099000     0.843787000
  8     0.082427000     0.880981000     0.765784000
  8     0.457173000     0.795009000     0.941251000
  8     0.209176000     0.132390000     0.776296000
 14     0.158308000     0.436889000     0.043464000
 14     0.371893000     0.190274000     0.012015000
 14     0.014732000     0.301150000     0.088482000
 14     0.272384000     0.068279000     0.084481000
 14     0.147467000     0.182923000     0.147914000
 14     0.392325000     0.436329000     0.143033000
 14     0.133241000     0.996620000     0.012235000
 14     0.490878000     0.665330000     0.985800000
 14     0.033236000     0.780356000     0.072580000
 14     0.300362000     0.583508000     0.079690000
 14     0.152790000     0.675544000     0.141280000
 14     0.401023000     0.919121000     0.132996000
 14     0.671642000     0.480318000     0.012237000
 14     0.875832000     0.176601000     0.031280000
 14     0.488337000     0.281759000     0.088802000
 14     0.774686000     0.050244000     0.097473000
 14     0.637370000     0.181717000     0.144791000
 14     0.897058000     0.426047000     0.149669000
 14     0.659975000     0.934381000     0.030700000
 14     0.934886000     0.640631000     0.010289000
 14     0.525745000     0.776498000     0.072892000
 14     0.800076000     0.558922000     0.083447000
 14     0.652938000     0.673602000     0.140499000
 14     0.918257000     0.915437000     0.137632000
 14     0.025234000     0.046885000     0.202151000
 14     0.274127000     0.311584000     0.205625000
 14     0.150423000     0.438450000     0.264378000
 14     0.403755000     0.180284000     0.261139000
 14     0.022756000     0.304941000     0.317949000
 14     0.279912000     0.057938000     0.321139000
 14     0.025349000     0.560527000     0.203630000
 14     0.270489000     0.810137000     0.198942000
 14     0.152672000     0.932261000     0.263716000
 14     0.399883000     0.685431000     0.256907000
 14     0.029362000     0.806740000     0.324433000
 14     0.278384000     0.566745000     0.322277000
 14     0.518467000     0.046473000     0.200049000
 14     0.762206000     0.304310000     0.205284000
 14     0.647363000     0.429051000     0.268171000
 14     0.897483000     0.176400000     0.259082000
 14     0.529004000     0.294986000     0.327367000
 14     0.779776000     0.053277000     0.322503000
 14     0.529148000     0.548739000     0.202873000
 14     0.779295000     0.805039000     0.198648000
 14     0.654221000     0.931377000     0.259857000
 14     0.901093000     0.687133000     0.262233000
 14     0.519206000     0.813436000     0.318295000
 14     0.788290000     0.552989000     0.321022000
 14     0.157974000     0.189911000     0.375746000
 14     0.402244000     0.435855000     0.380055000
 14     0.148876000     0.683511000     0.385362000
 14     0.403859000     0.943446000     0.383678000
 14     0.664352000     0.173075000     0.386851000
 14     0.911896000     0.431994000     0.381095000
 14     0.637001000     0.668234000     0.366796000
 14     0.916654000     0.943971000     0.384433000
 14     0.049228000     0.074718000     0.445194000
 14     0.260727000     0.322538000     0.439826000
 14     0.094579000     0.494119000     0.510988000
 14     0.259961000     0.837372000     0.442654000
 14     0.544735000     0.043788000     0.448459000
 14     0.767297000     0.326730000     0.443978000
 14     0.547482000     0.545685000     0.438994000
 14     0.783705000     0.867651000     0.455821000
272     0.885921000     0.299704000     0.543892000
272     0.597659000     0.484748000     0.628932000
272     0.175698000     0.998326000     0.619019000
272     0.828325000     0.986897000     0.587897000
272     0.373387000     0.247970000     0.541795000
272     0.341498000     0.603614000     0.543776000
272     0.841748000     0.622966000     0.576770000
272     0.583233000     0.753230000     0.514074000
272     0.479489000     0.976139000     0.625918000
272     0.120800000     0.468253000     0.647615000
272     0.615255000     0.145410000     0.954539000
272     0.816168000     0.303762000     0.849244000
272     0.382955000     0.690599000     0.689027000
272     0.327312000     0.935536000     0.921029000
272     0.404326000     0.702829000     0.858788000
272     0.097793000     0.371041000     0.924328000
272     0.042040000     0.750175000     0.697730000
272     0.056844000     0.699443000     0.909433000
272     0.547704000     0.423369000     0.775249000
272     0.674910000     0.134079000     0.721129000
272     0.186630000     0.466346000     0.793792000
272     0.888573000     0.911066000     0.782414000
272     0.894134000     0.054186000     0.924705000
272     0.354153000     0.175855000     0.841868000
272     0.751645000     0.633826000     0.842187000
272     0.017880000     0.168701000     0.782824000
272     0.322946000     0.210711000     0.693651000
272     0.817034000     0.450163000     0.706435000
272     0.570332000     0.942326000     0.836222000
272     0.511380000     0.435982000     0.927703000
272     0.712746000     0.805164000     0.688167000
272     0.272555000     0.942580000     0.768861000
ENDGEOM
272 11
HAYWSC
0 0 4 2. 1.
	24.000000000            0.22105582070    
	16.000000000           -3.5812539434     
	14.400000000            4.2538249256     
	10.304504667           -0.69586365081    
0 0 1 0. 1.
	3.7930173975           1.0000000        
0 0 1 0. 1.
	1.0189877143           1.0000000        
0 0 1 0. 1.
	0.45985511458          1.0000000        
0 0 1 0. 1.
	1.92752376673E-01            1.0000000        
0 2 3 6. 1.
	22.353629203           -0.74529620838E-02      
	8.7403508095           0.15635970402    
	4.8501567161          -0.44869151461    
0 2 1 0. 1.
	1.2573944258           1.0000000        
0 2 1 0. 1.
	0.61115481502          1.0000000        
0 2 1 0. 1.
	0.26740341018          1.0000000        
0 3 4 0. 1.
	8.0559644562           0.96734715928E-02      
	4.3420511504          -0.54567079465E-01      
	1.1836909211           0.19687724953    
	0.51336795676          0.40004510632    
0 3 1 0. 1.
	0.20546727725          1.0000000 
8 8
0 0 6 2.0 1.0 | 0-type of BS, 0-type of shell, number of primitives, electronic charge, scale fact 
	27032.382631 0.00021726302465
	4052.3871392 0.00168386621990
	922.32722710 0.00873956162650
	261.24070989 0.03523996880800
	85.354641351 0.11153519115000
	31.035035245 0.25588953961000
0 0 2 2.0 1.0
	12.260860728 0.39768730901000
	4.9987076005 0.24627849430000
0 0 1 0.0 1.0
	1.0987136000 1.00000000000000
0 0 1 0.0 1.0
	0.3565870100 1.00000000000000
0 2 4 5.777777777777 1.0
	63.274954801 0.0060685103418
	14.627049379 0.0419125758240
	4.4501223456 0.1615384108800
	1.5275799647 0.3570695131100
0 2 1 0.0 1.0
	0.5489735000 1.0000000000000
0 2 1 0.0 1.0
	0.1858671100 1.0000000000000
0 3 1 0.0 1.0
	0.2534621300 1.0000000000000
14 6
0 0 8 2. 1.0 
	87645.8     0.000237
	12851.8     0.00192
	 2786.28    0.0109
	  728.043   0.0496
	  219.516   0.1668
	   75.9006  0.363
	   29.4602  0.4051
	   11.9891  0.1504
0 1 6 8.0 1.0
	165.958 -0.00884 0.00909
	 39.3727 -0.0859 0.0601
	 12.7112 -0.0712 0.1952
	  4.7177 0.4147 0.3384
	  1.8482 0.6168 0.3006
	  0.7365 0.1154 0.0648
0 1 3 4.0 1.0
	4.1752 -0.0199 -0.0087
	1.4472 -0.1864 -0.00438
	0.5023 0.0967 0.2207
0 1 1 0.0 1.0
	0.322 1. 1.
0 1 1 0.0 1.
	0.13 1. 1.
0 3 1 0.0 1.0
	0.6 1.
99 0
END
SHRINK
2 2
DFT 
EXCHANGE
BECKE 
CORRELAT
LYP
HYBRID
20
NONLOCAL
0.9 0.81
XLGRID
SPIN
END
TOLINTEG
8 8 8 8 16
SCFDIR
SMEAR
0.01
MAXCYCLE                      |             maximum No.
250                            |             of cycles
FMIXING                       |
97
BROYDEN
0.0001 93 135
TOLDEE
6
END
