Created with astools
CRYSTAL
0 0 0
1
5.42 5.42 5.42 90.00000 90.00000 90.00000
8
 14     0.125073801     0.125073801     0.125073801
 14     0.625073801     0.625073801     0.125073801
 14     0.375073801     0.875073801     0.375073801
 14     0.875073801     0.375073801     0.375073801
 14     0.125073801     0.625073801     0.625073801
 14     0.625073801     0.125073801     0.625073801
 14     0.375073801     0.375073801     0.875073801
 14     0.875073801     0.875073801     0.875073801
ENDGEOM
STOP
