Created with astools
CRYSTAL
0 0 0
1
11.0714 10.4844 20.8713 90.00000 90.00000 90.00000
158
  1     0.082998000     0.593646000     0.967510000
  1     0.676898000     0.655337000     0.983435000
  1     0.895633000     0.242098000     0.603287000
  1     0.719114000     0.083560000     0.601490000
  1     1.023768000     0.402974000     0.899750000
  1     0.664550000     0.994680000     0.682314000
  1     0.999654000     0.718739000     0.699004000
  1     0.380095000     0.606984000     0.876823000
  1     0.556924000     0.828507000     0.690212000
  1     0.077093000     0.237881000     0.692283000
  8     0.248737000     0.369803000     0.635593000
  8     0.468539000     0.366864000     0.605986000
  8     0.858429000     0.416833000     0.560974000
  8     0.147457000     0.046277000     0.630836000
  8     0.576392000     0.629713000     0.543331000
  8     0.863156000     0.649424000     0.629260000
  8     0.317481000     0.321867000     0.514682000
  8     0.754741000     0.141255000     0.493144000
  8     0.901338000     0.022973000     0.671411000
  8     0.940024000     0.034670000     0.550585000
  8     0.588484000     0.765049000     0.660135000
  8     0.284071000     0.856357000     0.613693000
  8     0.194171000     0.667314000     0.538163000
  8     0.954049000     0.620733000     0.517746000
  8     0.044215000     0.821387000     0.605381000
  8     0.731465000     0.779813000     0.542311000
  8     0.500293000     0.882710000     0.549781000
  8     0.356716000     0.133246000     0.606358000
  8     0.249981000     0.840387000     0.795366000
  8     0.123610000     0.247184000     0.860132000
  8     0.185543000     0.627524000     0.656337000
  8     0.924133000     0.450671000     0.998926000
  8     0.308614000     0.072309000     0.834169000
  8     0.645759000     0.212416000     0.684455000
  8     0.156604000     0.585918000     0.878148000
  8     0.771443000     0.045987000     0.790236000
  8     0.355104000     0.393219000     0.838932000
  8     0.229853000     0.493127000     0.749075000
  8     0.073005000     0.895066000     0.718887000
  8     0.945519000     0.894326000     0.970482000
  8     0.838942000     0.572097000     0.745258000
  8     0.425444000     0.613341000     0.790449000
  8     0.806285000     0.830482000     0.733442000
  8     0.541760000     0.116829000     0.962249000
  8     0.474995000     0.894773000     0.999656000
  8     0.485313000     0.858651000     0.787219000
  8     0.517169000     0.743511000     0.896600000
  8     0.899686000     0.087356000     0.897723000
  8     0.526843000     0.385251000     0.953416000
  8     0.697112000     0.208333000     0.882055000
  8     0.037905000     0.909819000     0.846472000
  8     0.140424000     0.044679000     0.926430000
  8     0.316375000     0.468516000     0.956425000
  8     0.034159000     0.439848000     0.792800000
  8     0.108837000     0.222580000     0.737494000
  8     0.901352000     0.246376000     0.804602000
  8     0.354680000     1.000216000     0.711774000
  8     0.468961000     0.391082000     0.724303000
  8     0.032434000     0.445737000     0.650327000
  8     0.680020000     0.404692000     0.770538000
  8     0.659395000     0.654133000     0.807591000
  8     0.816897000     0.494692000     0.868252000
  8     0.074297000     0.688462000     0.784649000
  8     0.650133000     0.461786000     0.640068000
  8     0.293600000     0.744931000     0.957122000
  8     0.304696000     0.233081000     0.937953000
 14     0.116166000     0.097633000     0.034551000
 14     0.263322000     0.257689000     0.034113000
 14     0.182394000     0.432988000     0.091765000
 14     0.423655000     0.172967000     0.094061000
 14     0.054377000     0.308468000     0.154855000
 14     0.300180000     0.054209000     0.161665000
 14     0.173526000     0.185524000     0.223361000
 14     0.429662000     0.425796000     0.223732000
 14     0.094032000     0.600273000     0.038193000
 14     0.260446000     0.744280000     0.041262000
 14     0.183724000     0.925487000     0.093753000
 14     0.438069000     0.656636000     0.084710000
 14     0.047763000     0.815384000     0.159433000
 14     0.311074000     0.552373000     0.158253000
 14     0.178733000     0.684833000     0.219666000
 14     0.436570000     0.928053000     0.218125000
 14     0.532108000     0.031061000     0.027932000
 14     0.827604000     0.323375000     0.022651000
 14     0.678237000     0.428465000     0.084364000
 14     0.940734000     0.180825000     0.084128000
 14     0.555421000     0.307653000     0.153458000
 14     0.811501000     0.065021000     0.154141000
 14     0.682826000     0.187757000     0.220467000
 14     0.923530000     0.436937000     0.218233000
 14     0.578403000     0.554964000     0.007681000
 14     0.831194000     0.822066000     0.015014000
 14     0.694389000     0.941705000     0.083837000
 14     0.930371000     0.691026000     0.090082000
 14     0.557782000     0.806165000     0.144990000
 14     0.799495000     0.558912000     0.149992000
 14     0.679998000     0.689719000     0.216126000
 14     0.928491000     0.943775000     0.226266000
 14     0.050095000     0.071997000     0.293645000
 14     0.296368000     0.308008000     0.289872000
 14     0.044271000     0.567209000     0.284240000
 14     0.302321000     0.814768000     0.284756000
 14     0.552529000     0.063416000     0.283499000
 14     0.804258000     0.314694000     0.289116000
 14     0.556415000     0.562504000     0.280009000
 14     0.797083000     0.818696000     0.287736000
 14     0.161716000     0.438537000     0.350314000
 14     0.428810000     0.184544000     0.351292000
 14     0.054270000     0.328434000     0.430979000
 14     0.312968000     0.069299000     0.425475000
 14     0.193877000     0.204829000     0.491495000
 14     0.421858000     0.441195000     0.474658000
 14     0.188199000     0.951120000     0.353226000
 14     0.430668000     0.682923000     0.343838000
 14     0.066077000     0.825406000     0.417942000
 14     0.300335000     0.562606000     0.406412000
 14     0.235016000     0.733191000     0.467967000
 14     0.409089000     0.891799000     0.482659000
 14     0.675194000     0.444300000     0.349059000
 14     0.927787000     0.198702000     0.363028000
 14     0.551509000     0.316267000     0.411353000
 14     0.805880000     0.056399000     0.424465000
 14     0.605545000     0.216642000     0.506685000
 14     0.919591000     0.471163000     0.492568000
 14     0.673187000     0.946702000     0.354265000
 14     0.926795000     0.698087000     0.354310000
 14     0.547255000     0.809760000     0.411152000
 14     0.796346000     0.562943000     0.416537000
 14     0.662383000     0.683339000     0.479597000
 14     0.930185000     0.924791000     0.489013000
 14     0.346506000     0.287825000     0.593020000
 14     0.032812000     0.961460000     0.651804000
 14     0.181813000     0.743690000     0.604729000
 14     0.592455000     0.416876000     0.568535000
 14     0.829555000     0.139038000     0.573019000
 14     0.871918000     0.463229000     0.637405000
 14     0.290598000     1.009049000     0.641430000
 14     0.583944000     0.771912000     0.586756000
 14     0.891492000     0.741270000     0.555321000
 14     0.223987000     0.150025000     0.885802000
 14     0.899182000     0.403788000     0.921364000
 14     0.358563000     0.945584000     0.786362000
 14     0.777852000     0.984767000     0.717992000
 14     0.125648000     0.554260000     0.804942000
 14     0.873569000     0.702162000     0.706872000
 14     0.524667000     0.717278000     0.820161000
 14     0.281774000     0.603694000     0.920922000
 14     0.812731000     0.148174000     0.843175000
 14     0.397474000     0.357480000     0.912341000
 14     0.043159000     0.286772000     0.797043000
 14     0.107198000     0.842076000     0.788015000
 14     0.560190000     0.226106000     0.908474000
 14     0.621496000     0.356635000     0.701619000
 14     1.001286000     0.980582000     0.913170000
 14     0.170827000     0.478310000     0.666542000
 14     0.427539000     0.867933000     0.924097000
 14     0.388189000     0.468009000     0.772645000
 14     0.748635000     0.528395000     0.801995000
ENDGEOM
1 3
0 0 3 1.0 1.0
 18.73113696 .03349460434
 2.825394365 .2347269535
 .6401216923 .8137573262
0 0 1 0.0 1.0
 .1612777588 1.000000000
0 2 1 0.0 1.0
 1.100000000 1.000000000
14 6
0 0 8 2. 1.0
	87645.8     0.000237
	12851.8     0.00192
	 2786.28    0.0109
	  728.043   0.0496
	  219.516   0.1668
	   75.9006  0.363
	   29.4602  0.4051
	   11.9891  0.1504
0 1 6 8. 1.0
	165.958 -0.00884 0.00909
	 39.3727 -0.0859 0.0601
	 12.7112 -0.0712 0.1952
	  4.7177 0.4147 0.3384
	  1.8482 0.6168 0.3006
	  0.7365 0.1154 0.0648
0 1 3 4 1.
	4.1752 -0.0199 -0.0087
	1.4472 -0.1864 -0.00438
	0.5023 0.0967 0.2207
0 1 1 0. 1.
	0.322 1. 1.
0 1 1 0. 1.
	0.13 1. 1.
0 3 1 0. 1.
	0.6 1.
8  4                          |      ===== Modified OXYGEN BASIS  =====
0 0 8 2.0 1.0
 8020.0    0.00108
 1338.0    0.00804
  255.4    0.05324
   69.22   0.1681
   23.90   0.3581
    9.264  0.3855
    3.851  0.1468
    1.212  0.0728
0 1 4 6.0 1.0
   49.43  -0.00883 0.00958
   10.47  -0.0915  0.0696
    3.235 -0.0402  0.2065
    1.217  0.379   0.347
0  1  1  0. 1.                |               3sp:  1 Gaussian
.4763    1.       1.
0  1  1  0. 1.                |               3sp:  1 Gaussian
.190     1.       1.
99 0
END
SHRINK
2 2
DFT 
EXCHANGE
BECKE 
CORRELAT
LYP
HYBRID
5
NONLOCAL
0.9 0.81
XLGRID
SPIN
END
TOLINTEG
8 8 8 8 16
SCFDIR
SMEAR
0.0
MAXCYCLE                      |             maximum No.
150                            |             of cycles
FMIXING                       |
92
BROYDEN
0.0001 90 80
TOLDEE
7
END
