HfO2
CRYSTAL                      |             distorted tetragonal structure
0 0 0
14
5.15367972     5.17414234     5.31640802    
99.419387
3
272    2.743275337811E-01 -4.078667063093E-02  2.085953016592E-01
8    6.634108531932E-02 -3.248783376170E-01  3.525106917980E-01
8    4.528958590862E-01  2.434813483662E-01  4.766915185106E-01
NEIGHPRT
10
ENDGEOM
272 11
HAYWSC
0 0 4 2. 1.
	24.000000000            0.22105582070    
	16.000000000           -3.5812539434     
	14.400000000            4.2538249256     
	10.304504667           -0.69586365081    
0 0 1 0. 1.
	3.7930173975           1.0000000        
0 0 1 0. 1.
	1.0189877143           1.0000000        
0 0 1 0. 1.
	0.45985511458          1.0000000        
0 0 1 0. 1.
	1.92752376673E-01            1.0000000        
0 2 3 6. 1.
	22.353629203           -0.74529620838E-02      
	8.7403508095           0.15635970402    
	4.8501567161          -0.44869151461    
0 2 1 0. 1.
	1.2573944258           1.0000000        
0 2 1 0. 1.
	0.61115481502          1.0000000        
0 2 1 0. 1.
	0.26740341018          1.0000000        
0 3 4 0. 1.
	8.0559644562           0.96734715928E-02      
	4.3420511504          -0.54567079465E-01      
	1.1836909211           0.19687724953    
	0.51336795676          0.40004510632    
0 3 1 0. 1.
	0.20546727725          1.0000000 
8 8
0 0 6 2.0 1.0
	27032.382631 0.00021726302465
	4052.3871392 0.00168386621990
	922.32722710 0.00873956162650
	261.24070989 0.03523996880800
	85.354641351 0.11153519115000
	31.035035245 0.25588953961000
0 0 2 2.0 1.0
	12.260860728 0.39768730901000
	4.9987076005 0.24627849430000
0 0 1 0.0 1.0
	1.0987136000 1.00000000000000
0 0 1 0.0 1.0
	0.3565870100 1.00000000000000
0 2 4 6.0 1.0
	63.274954801 0.0060685103418
	14.627049379 0.0419125758240
	4.4501223456 0.1615384108800
	1.5275799647 0.3570695131100
0 2 1 0.0 1.0
	0.5489735000 1.0000000000000
0 2 1 0.0 1.0
	0.1858671100 1.0000000000000
0 3 1 0.0 1.0
	0.2534621300 1.0000000000000
99 0
END
SHRINK
6 6 
DFT 
EXCHANGE
BECKE 
CORRELAT
LYP
HYBRID
20
NONLOCAL
0.9 0.81
XLGRID
END
TOLINTEG
8 8 8 8 16
SCFDIR
SMEAR
0.0
MAXCYCLE                      |             maximum No.
150                            |             of cycles
FMIXING                       |
80
BROYDEN
0.0001 60 5
TOLDEE
10
END
