Created with astools
CRYSTAL
0 0 0
1
10.3147 10.3557 10.4969 90.00000 90.00000 90.00000
96
272     0.345567296     0.335398643     0.837735643
272     0.486448300     0.424001252     0.166441091
272     0.849066081     0.027549913     0.252532000
272     0.830032981     0.015800705     0.967864202
  8     0.553100021     0.573669884     0.544151629
  8     0.838710919     0.206522472     0.860146964
  8     0.749406009     0.181707097     0.341959123
  8     0.576415374     0.207528683     0.888567662
  8     0.471619894     0.013525142     0.780436970
  8     0.217914063     0.386516499     0.485808841
  8     0.419766525     0.820870527     0.637277931
  8     0.674881030     0.751404281     0.968531064
272     0.041884841     0.461262940     0.558519644
272     0.595623953     0.783894673     0.141901528
272     0.072955563     0.466297859     0.919764411
272     0.612091772     0.130623039     0.693344815
  8     0.209977788     0.056286132     0.804203925
  8     0.388578883     0.488948238     0.685203385
  8     0.249209319     0.542760268     0.881750429
  8     0.064979150     0.287375708     0.998073043
  8     0.926543168     0.340842034     0.675320493
  8     0.963420769     0.306037936     0.429381851
  8     0.159069675     0.329099683     0.768116221
  8     0.541488395     0.258130879     0.471191229
272     0.078405474     0.916058896     0.808504231
272     0.540780665     0.764234925     0.501715401
272     0.114274220     0.774062384     0.472124836
272     0.716875618     0.360018955     0.887109140
  8     0.962743093     0.007657916     0.690046707
  8     0.917463860     0.997221142     0.421592905
  8     0.301577490     0.742354172     0.421534793
  8     0.670032592     0.748893581     0.692646515
  8     0.869385699     0.448010306     0.976314294
  8     0.609154206     0.983605421     0.542011955
  8     0.783859875     0.153416334     0.104096178
  8     0.733556727     0.980766399     0.781847859
272     0.340536593     0.658378011     0.011891766
272     0.857463835     0.642380023     0.359797677
272     0.175004273     0.465780269     0.274602268
272     0.294504064     0.679092253     0.717429959
  8     0.322653313     0.205288366     0.980277359
  8     0.140875187     0.141250061     0.568620695
  8     0.003859574     0.768007734     0.285593104
  8     0.740840533     0.547581778     0.817851729
  8     0.498009512     0.612618569     0.112351928
  8     0.908066558     0.795685307     0.854171882
  8     0.238249193     0.690343087     0.183253630
  8     0.187064775     0.947971826     0.137730784
272     0.568280353     0.549153862     0.743559511
272     0.583544061     0.872917341     0.844632900
272     0.842617979     0.324999516     0.170440356
272     0.801643298     0.947959273     0.562235969
  8     0.422190259     0.026706801     0.191371244
  8     0.157142322     0.955736649     0.386451192
  8     0.900378473     0.890717240     0.102285172
  8     0.662586881     0.396753396     0.078099237
  8     0.409178684     0.223485148     0.667438186
  8     0.996765534     0.142952509     0.214424657
  8     0.428162340     0.845365304     0.023702079
  8     0.639765000     0.358861136     0.683999223
272     0.328085386     0.893027084     0.290299243
272     0.404235236     0.384287769     0.521619321
272     0.015903962     0.182905474     0.753910159
272     0.771460051     0.324264653     0.527063771
  8     0.497079768     0.435497362     0.908291530
  8     0.050201255     0.571232573     0.398775751
  8     0.501385289     0.795665028     0.309279083
  8     0.635269458     0.985430507     0.010847079
  8     0.185815097     0.787622097     0.908056223
  8     0.233082761     0.221247728     0.271689987
  8     0.836421945     0.532122624     0.543328531
  8     0.287192143     0.448461266     0.103878019
272     0.068446641     0.134889298     0.393604714
272     0.843194828     0.652937517     0.693068544
272     0.829839083     0.644998876     0.993633648
272     0.085873193     0.785150023     0.104581082
  8     0.772603084     0.668865978     0.179903126
  8     0.776991013     0.144654956     0.592849690
  8     0.390826169     0.029145173     0.443044897
  8     0.400724700     0.469442994     0.339517456
  8     0.030138650     0.628428255     0.022859261
  8     0.002141805     0.565096809     0.756709073
  8     0.744866840     0.443737287     0.326075427
  8     0.672710334     0.952203322     0.257355316
272     0.552567769     0.099066435     0.336488951
272     0.328781482     0.033573276     0.627613198
272     0.156670178     0.146016529     0.088647657
272     0.481355550     0.118205696     0.036830779
  8     0.168119899     0.609208845     0.597863539
  8     0.180193973     0.848766337     0.658761361
  8     0.733045803     0.765463236     0.440313622
  8     0.024761450     0.041951676     0.952568297
  8     0.937039876     0.774395535     0.571795910
  8     0.514679956     0.235330825     0.191314084
  8     0.457435232     0.693171487     0.831918703
  8     0.003615678     0.433031082     0.200575842
ENDGEOM
272 4
0  0  4  0. 1.         
  1.9500  -1.2334340
  1.1830   1.5789150
  0.3897   0.4962980
  0.1656  -0.0074150
0  0  4  0. 1.         
  1.9500   0.4545810
  1.1830  -0.6330870
  0.3897  -0.5053520
  0.1656   0.5183470
0  2  4  0. 1.         
  1.9720  -0.6259840
  1.3540   1.0359860
  0.4134   0.5743290
  0.0804   0.0285740
0  3  3  4. 1.          
  0.8226   0.3583830
  0.2585   0.5366400
  0.0762   0.3538000
8  4                          |      ===== Modified OXYGEN BASIS  =====
0 0 8 2.0 1.0
 8020.0    0.00108
 1338.0    0.00804
  255.4    0.05324
   69.22   0.1681
   23.90   0.3581
    9.264  0.3855
    3.851  0.1468
    1.212  0.0728
0 1 4 6.0 1.0
   49.43  -0.00883 0.00958
   10.47  -0.0915  0.0696
    3.235 -0.0402  0.2065
    1.217  0.379   0.347
0  1  1  0. 1.                |               3sp:  1 Gaussian
.4763    1.       1.
0  1  1  0. 1.                |               3sp:  1 Gaussian
.190     1.       1.
99 0
END
SHRINK
2 2
DFT 
EXCHANGE
BECKE 
CORRELAT
LYP
HYBRID
20
NONLOCAL
0.9 0.81
XLGRID
SPIN
END
TOLINTEG
8 8 8 8 16
SCFDIR
SMEAR
0.0
MAXCYCLE                      |             maximum No.
250                            |             of cycles
FMIXING                       |
95
BROYDEN
0.0001 95 125
TOLDEE
7
END
