Created with astools
CRYSTAL
0 0 0
1
10.838714 10.401480 21.121700 90.00000 90.00000 90.00000
148
  8     0.258006000     0.352969000     0.643814000
  8     0.156310000     0.593957000     0.659860000
  8     0.511352000     0.312182000     0.624819000
  8     0.807924000     0.454371000     0.571019000
  8     0.156809000     0.056392000     0.632943000
  8     0.547429000     0.503610000     0.543302000
  8     0.842306000     0.652640000     0.649904000
  8     0.353085000     0.348700000     0.531687000
  8     0.688689000     0.108403000     0.485930000
  8     0.901011000     0.070142000     0.658202000
  8     1.003068000     0.045920000     0.546736000
  8     0.552294000     0.703024000     0.655295000
  8    -0.007415000     0.421255000     0.642696000
  8     0.261487000     0.835817000     0.621579000
  8     0.170214000     0.652905000     0.543526000
  8     0.025916000     0.816988000     0.596825000
  8     0.675047000     0.753715000     0.545117000
  8     0.459025000     0.870870000     0.557935000
  8     0.363031000     0.120531000     0.593721000
  8     0.262476000     0.842996000     0.767507000
  8     0.173605000     0.234160000     0.846108000
  8     0.959661000     0.322801000     0.947843000
  8     0.356051000     0.053748000     0.815198000
  8     0.673431000     0.164456000     0.702789000
  8     0.217519000     0.658175000     0.876650000
  8     0.823888000     0.068925000     0.786358000
  8     0.386801000     0.405231000     0.854833000
  8     0.265928000     0.519799000     0.765732000
  8     0.048934000     0.897736000     0.699376000
  8     1.014702000     0.836703000     0.925647000
  8     0.864760000     0.495102000     0.739268000
  8     0.463496000     0.612400000     0.795324000
  8     0.753915000     0.897693000     0.697647000
  8     0.538928000    -0.030689000     0.954859000
  8     0.598438000     0.718444000    -0.007745000
  8     0.509923000     0.855738000     0.770672000
  8     0.584922000     0.781382000     0.874921000
  8     0.950374000     0.086146000     0.898400000
  8     0.551713000     0.350734000     0.946878000
  8     0.727713000     0.189418000     0.891917000
  8     0.062208000     0.949031000     0.816160000
  8     0.192745000     0.025261000     0.912622000
  8     0.393683000     0.534216000     0.956475000
  8     0.075699000     0.473678000     0.839002000
  8     0.113930000     0.340290000     0.735987000
  8     0.933852000     0.277764000     0.821169000
  8     0.382728000     1.000977000     0.693960000
  8     0.480918000     0.372109000     0.738034000
  8     0.689453000     0.362414000     0.783343000
  8     0.691480000     0.637854000     0.790226000
  8     0.802329000     0.485946000     0.874937000
  8     0.078471000     0.698080000     0.778647000
  8     0.699012000     0.407142000     0.659825000
  8     0.958562000     0.581193000     0.955458000
  8     0.370530000     0.792849000     0.955203000
  8     0.378116000     0.198981000     0.914944000
 14    -0.018271000     0.019178000     0.041477000
 14     0.255399000     0.306125000     0.017080000
 14     0.138483000     0.439335000     0.086294000
 14     0.397332000     0.191786000     0.087698000
 14     0.030806000     0.315607000     0.160853000
 14     0.281913000     0.071613000     0.161093000
 14     0.153230000     0.191249000     0.229031000
 14     0.395472000     0.434567000     0.224854000
 14     0.071486000     0.618497000     1.022071000
 14     0.339429000     0.866738000     0.044381000
 14     0.160181000     0.944747000     0.094138000
 14     0.399075000     0.686423000     0.101804000
 14     0.031385000     0.817218000     0.158829000
 14     0.265968000     0.554455000     0.157679000
 14     0.155206000     0.690602000     0.224933000
 14     0.405215000     0.942924000     0.226074000
 14     0.515657000     0.031937000     0.029546000
 14     0.769756000     0.322423000     0.032180000
 14     0.658572000     0.451858000     0.098047000
 14     0.897987000     0.191232000     0.099574000
 14     0.522785000     0.319282000     0.155578000
 14     0.771465000     0.062704000     0.164592000
 14     0.649575000     0.200258000     0.225358000
 14     0.910668000     0.447517000     0.224655000
 14     0.545201000     0.599999000     0.037028000
 14     0.889664000     0.747524000     0.943694000
 14     0.663720000     0.927542000     0.096655000
 14     0.902734000     0.721125000     0.083170000
 14     0.534251000     0.813169000     0.163224000
 14     0.795945000     0.583498000     0.154891000
 14     0.664929000     0.691417000     0.224461000
 14     0.909367000     0.943816000     0.228284000
 14     0.026735000     0.072628000     0.297551000
 14     0.277391000     0.311650000     0.297644000
 14     0.038160000     0.565422000     0.293694000
 14     0.276405000     0.820104000     0.291377000
 14     0.526726000     0.073582000     0.290765000
 14     0.782511000     0.322458000     0.289427000
 14     0.530559000     0.565617000     0.281719000
 14     0.785213000     0.813917000     0.293400000
 14     0.155489000     0.438506000     0.366224000
 14     0.403188000     0.185436000     0.364376000
 14     0.024765000     0.315124000     0.436113000
 14     0.278224000     0.067588000     0.437701000
 14     0.144341000     0.191186000     0.509402000
 14     0.438852000     0.451112000     0.490139000
 14     0.160772000     0.950659000     0.361729000
 14     0.410439000     0.687856000     0.348398000
 14     0.034265000     0.820683000     0.425358000
 14     0.300521000     0.567524000     0.421673000
 14     0.206485000     0.729922000     0.476017000
 14     0.377379000     0.883021000     0.486384000
 14     0.656385000     0.454002000     0.349928000
 14     0.897699000     0.201284000     0.363602000
 14     0.537217000     0.328569000     0.414515000
 14     0.779244000     0.054356000     0.426067000
 14     0.679332000     0.267428000     0.490787000
 14     0.851592000     0.407838000     0.493890000
 14     0.655300000     0.947810000     0.352889000
 14     0.914204000     0.689318000     0.359163000
 14     0.526706000     0.818927000     0.413501000
 14     0.783082000     0.564358000     0.421622000
 14     0.704618000     0.752314000     0.466114000
 14     0.916157000     0.957744000     0.494904000
 14     0.365739000     0.279611000     0.601458000
 14     0.021147000     0.985523000     0.629322000
 14     0.156310000     0.721013000     0.612457000
 14     0.631886000     0.387774000     0.582438000
 14     0.856442000     0.492055000     0.656405000
 14     0.295479000     0.996028000     0.631654000
 14     0.557031000     0.769481000     0.590559000
 14     0.914674000     0.751566000     0.533001000
 14     0.277695000     0.129525000     0.870440000
 14     0.861409000     0.448965000     0.946030000
 14     0.381544000     0.937893000     0.763926000
 14     0.786829000     0.051430000     0.710777000
 14     0.162267000     0.588961000     0.812448000
 14     0.839248000     0.759158000     0.714781000
 14     0.565120000     0.723836000     0.803432000
 14     0.348169000     0.655060000     0.912706000
 14     0.850044000     0.158756000     0.848492000
 14     1.038563000     0.204132000     0.982372000
 14     0.400733000     0.361957000     0.931146000
 14     0.074641000     0.327793000     0.809746000
 14     0.111726000     0.848973000     0.763624000
 14     0.638212000     0.217477000     0.958830000
 14     0.621866000     0.314966000     0.716718000
 14     0.055714000     0.971194000     0.891467000
 14     0.135226000     0.430257000     0.671714000
 14     0.528408000     0.817857000     0.942676000
 14     0.406290000     0.468999000     0.785953000
 14     0.765934000     0.495549000     0.798298000
ENDGEOM
END
