Created with astools
CRYSTAL
0 0 0
1
11.0981 10.1839 21.6854 90.00000 90.00000 90.00000
166
  1     0.966726000     0.921585000     0.021943000
  1     0.415300000     0.394212000    -0.020097000
  1     0.258545000     0.226950000     0.968741000
  1     0.464805000     0.903725000     0.014615000
  1     0.893492000     0.340519000     1.006179000
  1     0.828605000     0.269291000     0.074654000
  1     0.011180000     0.887642000     0.445491000
  1     0.090167000    -0.040252000     0.629466000
  1     0.995467000     0.977161000     0.541053000
  1     0.161377000     0.607021000     0.655755000
  1     1.021745000     0.651165000     0.562715000
  1     0.601979000     0.285359000     0.632736000
  1     0.846423000     0.869335000     0.497849000
  1     0.147750000     1.014058000     0.845540000
  1     0.867632000     0.006562000     0.828368000
  1     0.961269000     0.165999000     0.748852000
  1     0.334854000     0.493010000     0.914417000
  1     0.854305000     0.544032000     0.895965000
  8     0.566343000     0.860621000     0.643653000
  8     0.331771000     0.273936000     0.629304000
  8     0.680782000     0.218963000     0.538089000
  8     0.334495000     0.529680000     0.595717000
  8     0.658875000     0.081315000     0.683637000
  8     0.788682000     0.608430000     0.564508000
  8     0.607066000     0.510016000     0.619617000
  8     0.433191000     0.934251000     0.537607000
  8     0.158226000     0.097654000     0.522530000
  8     0.094986000     0.223190000     0.621615000
  8     0.668076000     0.955534000     0.544397000
  8     0.843861000     0.061285000     0.595771000
  8     0.935383000     0.519694000     0.647643000
  8     0.491847000     0.360679000     0.543574000
  8     0.277421000     0.326054000     0.512266000
  8     0.296280000     0.807303000     0.642704000
  8     0.555496000     0.718417000     0.551976000
  8     0.183124000     0.692336000     0.546767000
  8     0.886770000     0.799280000     0.611964000
  8     0.041415000     0.342288000     0.944757000
  8     0.196979000     0.335667000     0.725044000
  8     0.137383000     0.444011000     0.844715000
  8     0.468318000     0.184425000     0.810595000
  8     0.609555000     0.134166000     0.899756000
  8     0.749646000     0.457387000     0.718095000
  8     0.920461000     0.793690000     0.946210000
  8     0.452706000     0.660521000     0.850247000
  8     0.152044000     0.603147000     0.752899000
  8     0.581601000     0.632841000     0.724433000
  8     0.491018000     0.921419000     0.864596000
  8     0.871826000     0.992222000     0.706630000
  8     0.040858000     0.777128000     0.697301000
  8     0.615084000     0.876648000     0.761444000
  8     0.803148000     0.743141000     0.729092000
  8     0.859173000     0.143204000     0.932895000
  8     0.981306000     0.408100000     0.749868000
  8     0.787880000     0.227652000     0.824702000
  8     0.372635000     0.766099000     0.952377000
  8     0.591847000     0.577920000     0.940530000
  8     0.025835000     0.186672000     0.851062000
  8     0.723093000     0.351590000     0.931750000
  8     0.340469000     0.082817000     0.902688000
  8     0.425799000     0.984153000     0.712987000
  8     0.527838000     0.374950000     0.723304000
  8     0.090336000     0.092325000     0.961894000
  8     0.234315000     0.849568000     0.758120000
  8     0.576228000     0.429432000     0.840668000
  8     0.688985000     0.665273000     0.832658000
  8     0.916648000     0.509888000     0.865748000
  8     0.356741000     0.431170000     0.806252000
  8     0.082055000     0.596930000     0.948861000
  8     0.156102000     0.859038000     0.942375000
  8     0.091906000     0.717189000     0.847259000
  8     0.994109000     0.871855000     0.790446000
  8     0.853982000     0.256449000     0.671345000
  8     0.225912000     0.065776000     0.684732000
 14     0.054387000     0.029769000     0.029943000
 14     0.331162000     0.303302000     0.012367000
 14     0.210728000     0.417680000     0.083243000
 14     0.449678000     0.181648000     0.084641000
 14     0.075254000     0.302358000     0.147158000
 14     0.324156000     0.058866000     0.151415000
 14     0.192493000     0.179544000     0.217053000
 14     0.448424000     0.433202000     0.214946000
 14     0.126844000     0.599594000     0.033777000
 14     0.275166000     0.769166000     0.012959000
 14     0.206142000     0.928351000     0.087183000
 14     0.444202000     0.682114000     0.077588000
 14     0.073432000     0.811717000     0.153783000
 14     0.324738000     0.555880000     0.149241000
 14     0.194329000     0.676936000     0.216050000
 14     0.449386000     0.921474000     0.208489000
 14     0.548435000     0.015498000     0.026587000
 14     0.800933000     0.436169000     0.983826000
 14     0.697380000     0.429431000     0.083072000
 14     0.941257000     0.183847000     0.085406000
 14     0.571687000     0.307972000     0.149255000
 14     0.826951000     0.048356000     0.148619000
 14     0.698473000     0.173993000     0.210814000
 14     0.951478000     0.427264000     0.211904000
 14     0.619861000     0.613923000     0.015490000
 14     0.828697000     0.767260000     0.011173000
 14     0.718248000     0.929162000     0.074581000
 14     0.955572000     0.680932000     0.087612000
 14     0.575794000     0.805260000     0.139729000
 14     0.822210000     0.553543000     0.148992000
 14     0.695931000     0.686130000     0.212957000
 14     0.947717000     0.933828000     0.219644000
 14     0.066177000     0.059363000     0.287100000
 14     0.317702000     0.311451000     0.277547000
 14     0.067997000     0.553343000     0.281512000
 14     0.319918000     0.807360000     0.276935000
 14     0.569492000     0.045181000     0.272313000
 14     0.829634000     0.296364000     0.273444000
 14     0.570771000     0.561006000     0.279980000
 14     0.819348000     0.808808000     0.281503000
 14     0.193042000     0.427601000     0.346497000
 14     0.443245000     0.173313000     0.332943000
 14     0.063709000     0.317842000     0.416313000
 14     0.321136000     0.069503000     0.405432000
 14     0.209029000     0.206519000     0.472608000
 14     0.495040000     0.430687000     0.445594000
 14     0.196682000     0.927956000     0.346641000
 14     0.436007000     0.681863000     0.344810000
 14     0.079120000     0.788670000     0.407262000
 14     0.314684000     0.552122000     0.413446000
 14     0.147968000     0.630041000     0.477249000
 14     0.472321000     0.978349000     0.464105000
 14     0.708470000     0.425678000     0.335078000
 14     0.938262000     0.187782000     0.353344000
 14     0.597760000     0.268599000     0.388730000
 14     0.761492000     0.107935000     0.403988000
 14     0.656982000     0.085613000     0.495024000
 14     0.982232000     0.477267000     0.485491000
 14     0.688675000     0.932167000     0.344228000
 14     0.939039000     0.679233000     0.345977000
 14     0.564997000     0.801192000     0.408324000
 14     0.830878000     0.535031000     0.409712000
 14     0.641189000     0.595661000     0.447151000
 14     0.083792000     0.070825000     0.586971000
 14     0.804101000     0.102680000     0.665304000
 14     0.211168000     0.227535000     0.668249000
 14     0.646914000     0.594374000     0.554914000
 14     0.247869000     0.661248000     0.612672000
 14     0.914253000     0.637862000     0.598460000
 14     0.632922000     0.345764000     0.573704000
 14     0.550206000     0.869556000     0.570076000
 14     0.866656000     0.917334000     0.561258000
 14     0.355081000     0.376481000     0.571843000
 14     0.039603000     0.470853000     0.899652000
 14     0.570889000     0.958756000     0.702334000
 14     0.481612000     0.080998000     0.869736000
 14     0.241570000     0.959366000     0.886325000
 14     0.384437000     0.801916000     0.877785000
 14     0.674674000     0.729812000     0.763629000
 14     0.121137000     0.448301000     0.765380000
 14     0.738676000     0.212807000     0.896110000
 14     1.001746000     0.189708000     0.925457000
 14     0.882046000     0.407390000     0.695586000
 14     0.909473000     0.136951000     0.808711000
 14     0.481704000     0.345147000     0.796198000
 14     0.310992000     0.558424000     0.852460000
 14     0.296034000     0.923504000     0.698437000
 14     0.109377000     0.760009000     0.770970000
 14     0.917773000     0.846196000     0.725496000
 14     0.614765000     0.490334000     0.697004000
 14     0.052850000     0.754908000     0.917026000
 14     0.584319000     0.577822000     0.868375000
ENDGEOM
1 3
0 0 3 1.0 1.0
 18.73113696 .03349460434
 2.825394365 .2347269535
 .6401216923 .8137573262
0 0 1 0.0 1.0
 .1612777588 1.000000000
0 2 1 0.0 1.0
 1.100000000 1.000000000
14 6
0 0 8 2. 1.0
	87645.8     0.000237
	12851.8     0.00192
	 2786.28    0.0109
	  728.043   0.0496
	  219.516   0.1668
	   75.9006  0.363
	   29.4602  0.4051
	   11.9891  0.1504
0 1 6 8. 1.0
	165.958 -0.00884 0.00909
	 39.3727 -0.0859 0.0601
	 12.7112 -0.0712 0.1952
	  4.7177 0.4147 0.3384
	  1.8482 0.6168 0.3006
	  0.7365 0.1154 0.0648
0 1 3 4 1.
	4.1752 -0.0199 -0.0087
	1.4472 -0.1864 -0.00438
	0.5023 0.0967 0.2207
0 1 1 0. 1.
	0.322 1. 1.
0 1 1 0. 1.
	0.13 1. 1.
0 3 1 0. 1.
	0.6 1.
8  4                          |      ===== Modified OXYGEN BASIS  =====
0 0 8 2.0 1.0
 8020.0    0.00108
 1338.0    0.00804
  255.4    0.05324
   69.22   0.1681
   23.90   0.3581
    9.264  0.3855
    3.851  0.1468
    1.212  0.0728
0 1 4 6.0 1.0
   49.43  -0.00883 0.00958
   10.47  -0.0915  0.0696
    3.235 -0.0402  0.2065
    1.217  0.379   0.347
0  1  1  0. 1.                |               3sp:  1 Gaussian
.4763    1.       1.
0  1  1  0. 1.                |               3sp:  1 Gaussian
.190     1.       1.
99 0
END
SHRINK
2 2
DFT 
EXCHANGE
BECKE 
CORRELAT
LYP
HYBRID
5
NONLOCAL
0.9 0.81
XLGRID
SPIN
END
TOLINTEG
8 8 8 8 16
SCFDIR
SMEAR
0.0
MAXCYCLE                      |             maximum No.
150                            |             of cycles
FMIXING                       |
92
BROYDEN
0.0001 90 80
TOLDEE
7
END
