Created with astools
CRYSTAL
0 0 0
1
10.84 10.84 18.8612 90.00000 90.00000 90.00000
148
  8     0.251911000     0.379276000     0.629657000
  8     0.145986000     0.818064000     0.691780000
  8     0.483046000     0.322426000     0.609322000
  8     0.911307000     0.459139000     0.580151000
  8     0.118890000     0.072298000     0.676727000
  8     0.475816000     0.586669000     0.595349000
  8     0.900723000     0.687204000     0.650647000
  8     0.327169000     0.310962000     0.506559000
  8     0.560173000    -0.005413000     0.534069000
  8     0.874014000     0.122454000     0.653703000
  8     0.036772000     0.136371000     0.550312000
  8     0.524322000     0.748045000     0.695820000
  8     0.077383000     0.526320000     0.668867000
  8     0.211275000     0.934775000     0.578180000
  8     0.137710000     0.698660000     0.572833000
  8     0.981629000     0.913578000     0.599690000
  8     0.650464000     0.768719000     0.572782000
  8     0.413929000     0.811430000     0.568302000
  8     0.320429000     0.141562000     0.607811000
  8     0.253516000     0.833193000     0.801079000
  8     0.085817000     0.254935000     0.877724000
  8     0.889840000     0.324697000     0.958755000
  8     0.386291000     0.051798000     0.813230000
  8     0.632739000     0.202744000     0.684920000
  8     0.234162000     0.589994000     0.881554000
  8     0.764906000     0.065429000     0.773558000
  8     0.357051000     0.390584000     0.853025000
  8     0.250503000     0.518177000     0.755009000
  8    -0.051498000     0.871647000     0.748925000
  8     1.044319000     0.858182000     0.952635000
  8     0.866443000     0.476726000     0.718913000
  8     0.468170000     0.606642000     0.809966000
  8     0.680466000     0.975916000     0.653017000
  8     0.519631000    -0.017707000     0.935846000
  8     0.586135000     0.674244000    -0.032158000
  8     0.495396000     0.847553000     0.804536000
  8     0.677153000     0.751729000     0.851096000
  8     0.886263000     0.105964000     0.899415000
  8     0.544574000     0.382482000     0.946173000
  8     0.677709000     0.214316000     0.866958000
  8     0.088730000     0.971966000     0.832510000
  8     0.271843000     0.009593000     0.930386000
  8     0.384733000     0.524351000     0.975812000
  8     0.044814000     0.467207000     0.819465000
  8     0.119837000     0.303482000     0.735545000
  8     0.894495000     0.266656000     0.796137000
  8     0.354840000     0.961247000     0.694041000
  8     0.451611000     0.394723000     0.726902000
  8     0.665534000     0.378723000     0.768597000
  8     0.679246000     0.617281000     0.750635000
  8     0.807394000     0.498884000     0.854705000
  8     0.061740000     0.702259000     0.804666000
  8     0.655644000     0.440594000     0.633454000
  8     0.991245000     0.553239000     0.943436000
  8     0.321163000     0.768566000     0.958000000
  8     0.454692000     0.196779000     0.917389000
 14     0.105236000     0.113393000     0.021390000
 14     0.267266000     0.269562000     0.022430000
 14     0.159615000     0.421306000     0.082659000
 14     0.431485000     0.163694000     0.080128000
 14     0.038908000     0.300357000     0.155621000
 14     0.306046000     0.058742000     0.159344000
 14     0.175006000     0.181904000     0.225418000
 14     0.420573000     0.414658000     0.220944000
 14     0.073073000     0.582685000     1.017720000
 14     0.348601000     0.838671000     0.036281000
 14     0.182438000     0.939374000     0.086960000
 14     0.418358000     0.679281000     0.107892000
 14     0.050017000     0.813947000     0.152516000
 14     0.283340000     0.540684000     0.158548000
 14     0.165602000     0.680308000     0.222931000
 14     0.426576000     0.922100000     0.222373000
 14     0.516985000    -0.021457000     0.026035000
 14     0.779857000     0.281558000     0.020902000
 14     0.674166000     0.445120000     0.074870000
 14     0.918797000     0.161855000     0.088809000
 14     0.552459000     0.306110000     0.143703000
 14     0.790898000     0.031589000     0.152559000
 14     0.673287000     0.179070000     0.215824000
 14     0.919551000     0.434788000     0.220268000
 14     0.522722000     0.574979000     0.021339000
 14     0.887662000     0.853748000     0.985670000
 14     0.699958000     0.893636000     0.070209000
 14     0.925571000     0.704311000     0.076109000
 14     0.564287000     0.806882000     0.156254000
 14     0.805539000     0.566270000     0.145784000
 14     0.681370000     0.678079000     0.224188000
 14     0.926469000     0.927547000     0.227617000
 14     0.055315000     0.054186000     0.294923000
 14     0.300715000     0.299098000     0.300205000
 14     0.042263000     0.557165000     0.293959000
 14     0.295761000     0.801263000     0.290816000
 14     0.542777000     0.058507000     0.286007000
 14     0.800293000     0.302536000     0.288053000
 14     0.548917000     0.545864000     0.283985000
 14     0.801035000     0.802500000     0.296495000
 14     0.178364000     0.440846000     0.362942000
 14     0.424464000     0.163593000     0.367993000
 14     0.037767000     0.332853000     0.432339000
 14     0.298044000     0.039195000     0.444052000
 14     0.121198000     0.157672000     0.478834000
 14     0.435407000     0.408010000     0.469294000
 14     0.175342000     0.924433000     0.366317000
 14     0.427286000     0.673952000     0.352504000
 14     0.038216000     0.803794000     0.433441000
 14     0.307348000     0.566215000     0.432390000
 14     0.132720000     0.641055000     0.491003000
 14     0.443950000     0.909676000     0.502720000
 14     0.670449000     0.424689000     0.356325000
 14     0.933107000     0.185453000     0.360856000
 14     0.579291000     0.275984000     0.425142000
 14     0.797892000     0.071090000     0.429372000
 14     0.722497000     0.214458000     0.514136000
 14     0.869747000     0.386815000     0.506612000
 14     0.676174000     0.946415000     0.354921000
 14     0.914424000     0.672565000     0.368224000
 14     0.550450000     0.807273000     0.414063000
 14     0.786418000     0.542342000     0.436790000
 14     0.706960000     0.727124000     0.483802000
 14     0.856024000     0.890128000     0.488500000
 14     0.341755000     0.283355000     0.590246000
 14    -0.000938000     1.061851000     0.623169000
 14     0.113215000     0.829909000     0.609989000
 14     0.544910000     0.457244000     0.573592000
 14     0.930087000     0.541235000     0.651345000
 14     0.253316000     1.024304000     0.644360000
 14     0.512052000     0.728034000     0.613662000
 14     0.689108000     0.939596000     0.569555000
 14     0.405496000     0.053976000     0.897204000
 14     0.840254000     0.530284000     0.936710000
 14     0.371362000     0.912981000     0.776143000
 14     0.737699000     0.097665000     0.690852000
 14     0.138557000     0.580788000     0.818176000
 14     0.835765000     0.794811000     0.710831000
 14     0.571572000     0.717890000     0.782893000
 14     0.263821000     0.630079000     0.962271000
 14     0.805220000     0.162212000     0.833501000
 14     0.984871000     0.203630000     0.936189000
 14     0.390857000     0.364559000     0.935541000
 14     0.033224000     0.320784000     0.805833000
 14     0.097862000     0.845160000     0.775665000
 14     0.606455000     0.241823000     0.940367000
 14     0.589515000     0.346880000     0.695121000
 14     0.122273000     0.972683000     0.915992000
 14     0.172366000     0.425470000     0.694749000
 14     0.716179000     0.729143000     0.932551000
 14     0.398992000     0.482202000     0.789133000
 14     0.754310000     0.497402000     0.774291000
ENDGEOM
END
