Created with astools
CRYSTAL
0 0 0
1
10.853 10.6395 21.1841 90.00000 90.00000 90.00000
148
  8     0.513216000     0.332253000     0.594617000
  8     0.740160000     0.432154000     0.545433000
  8     0.157180000     0.050128000     0.620003000
  8     0.539041000     0.568695000     0.566577000
  8     1.004406000     0.680170000     0.656729000
  8     0.328414000     0.314117000     0.516037000
  8     0.912700000     0.095164000     0.655188000
  8     0.044367000     0.059433000     0.503129000
  8     0.496841000     0.802551000     0.623204000
  8     0.020414000     0.413022000     0.648902000
  8     0.224606000     0.808131000     0.630432000
  8     0.676460000     0.448444000     0.660925000
  8     0.133909000     0.629831000     0.554735000
  8     0.954998000     0.900650000     0.582714000
  8     0.705154000     0.742525000     0.549928000
  8     0.480000000     0.797841000     0.501429000
  8     0.379389000     0.122974000     0.596768000
  8     0.258280000     0.867927000     0.783883000
  8     0.269226000     0.337469000     0.632094000
  8     0.181916000     0.253060000     0.858257000
  8     0.206809000     0.559149000     0.672227000
  8     0.829374000     0.326638000     0.973934000
  8     0.353853000     0.094303000     0.809798000
  8     0.680882000     0.204956000     0.694535000
  8     0.138589000     0.698527000     0.892372000
  8     0.839023000     0.124170000     0.771754000
  8     0.489999000     0.499353000     0.863158000
  8     0.142523000     0.499032000     0.817159000
  8     0.057216000     0.917319000     0.704599000
  8     0.929794000     0.882370000     1.005875000
  8     0.862833000     0.592708000     0.736294000
  8     0.497200000     0.649634000     0.769978000
  8     0.828166000     0.847244000     0.712103000
  8     0.492835000    -0.042113000     0.980799000
  8     0.532427000     0.633474000     0.035266000
  8     0.511652000     0.892337000     0.782187000
  8     0.549231000     0.792969000     0.889807000
  8     0.886546000     0.140575000     0.888834000
  8     0.522078000     0.411242000     0.977099000
  8     0.697075000     0.241346000     0.860317000
  8     0.061206000    -0.004351000     0.823300000
  8     0.077296000     0.045707000     0.949410000
  8     0.307027000     0.530592000     0.937353000
  8     0.929151000     0.592047000     0.846876000
  8     0.667503000     0.133596000     0.972729000
  8     0.157508000     0.324667000     0.737809000
  8     0.963637000     0.323195000     0.822425000
  8     0.358049000    -0.004789000     0.694925000
  8     0.526073000     0.387724000     0.750814000
  8     0.768988000     0.383445000     0.772798000
  8     0.708439000     0.693478000     0.812405000
  8     0.747442000     0.489040000     0.878359000
  8     0.046180000     0.744488000     0.778834000
  8     0.932471000     0.548395000     0.966888000
  8     0.324774000     0.784230000     0.962536000
  8     0.407295000     0.285608000     0.887377000
 14     0.018023000     0.012810000     0.020937000
 14     0.294510000     0.287653000     0.021286000
 14     0.169876000     0.415965000     0.088672000
 14     0.430348000     0.174214000     0.089675000
 14     0.050624000     0.300011000     0.163436000
 14     0.295073000     0.053384000     0.153673000
 14     0.177351000     0.175162000     0.226515000
 14     0.411058000     0.418653000     0.225554000
 14     0.003955000     0.533355000     0.038361000
 14     0.258460000     0.750453000     0.039448000
 14     0.170301000     0.925920000     0.087892000
 14     0.433298000     0.681243000     0.092205000
 14     0.048252000     0.809924000     0.160616000
 14     0.302863000     0.542913000     0.151719000
 14     0.176948000     0.672401000     0.218353000
 14     0.414444000     0.928631000     0.222863000
 14     0.576297000     0.039054000     0.030578000
 14     0.870739000     0.352347000     0.060063000
 14     0.685216000     0.411045000     0.108028000
 14     0.939330000     0.159907000     0.097323000
 14     0.543797000     0.290762000     0.164093000
 14     0.796191000     0.045268000     0.159461000
 14     0.673986000     0.171459000     0.227150000
 14     0.919213000     0.424977000     0.227063000
 14     0.613499000     0.506421000     0.018295000
 14     0.876198000     0.825405000     0.936846000
 14     0.699603000     0.898459000     0.093587000
 14     0.911835000     0.684393000     0.104978000
 14     0.548861000     0.809379000     0.159598000
 14     0.790548000     0.558053000     0.168407000
 14     0.664733000     0.685444000     0.229186000
 14     0.920152000     0.927870000     0.229141000
 14     0.048287000     0.054850000     0.291914000
 14     0.291848000     0.296956000     0.297862000
 14     0.050319000     0.552965000     0.286314000
 14     0.291948000     0.800163000     0.288185000
 14     0.542330000     0.049807000     0.289323000
 14     0.794852000     0.302065000     0.292626000
 14     0.535103000     0.553093000     0.285966000
 14     0.792383000     0.802426000     0.296529000
 14     0.158656000     0.427942000     0.359510000
 14     0.420961000     0.168274000     0.361241000
 14     0.025755000     0.319305000     0.431585000
 14     0.310321000     0.024106000     0.429221000
 14     0.143709000     0.147718000     0.465801000
 14     0.402302000     0.394811000     0.461251000
 14     0.170806000     0.924646000     0.357036000
 14     0.416693000     0.676865000     0.354712000
 14     0.046399000     0.798719000     0.424167000
 14     0.287473000     0.560013000     0.420860000
 14     0.193137000     0.705057000     0.491602000
 14     0.334548000     0.875270000     0.523400000
 14     0.662029000     0.434358000     0.350313000
 14     0.924953000     0.181527000     0.357715000
 14     0.567376000     0.290184000     0.418225000
 14     0.800242000     0.055602000     0.420297000
 14     0.696418000     0.184447000     0.490472000
 14     0.813843000     0.371026000     0.481060000
 14     0.663831000     0.935156000     0.359792000
 14     0.928573000     0.672304000     0.355172000
 14     0.550464000     0.789812000     0.422710000
 14     0.793453000     0.550667000     0.416129000
 14     0.746271000     0.745292000     0.465929000
 14     0.936405000     0.942808000     0.486800000
 14     0.374059000     0.273165000     0.588283000
 14     0.022787000    -0.006955000     0.638644000
 14     0.154248000     0.677253000     0.628523000
 14     0.617882000     0.443213000     0.589807000
 14     0.303373000    -0.009756000     0.622398000
 14     0.551948000     0.724293000     0.568747000
 14     0.780260000     0.905098000     0.572343000
 14     0.305578000     0.164207000     0.877420000
 14     0.792896000     0.488495000     0.950935000
 14     0.377982000     0.963679000     0.768863000
 14     0.785966000     0.085210000     0.700853000
 14     0.068856000     0.626388000     0.835835000
 14     0.921361000     0.735335000     0.718570000
 14     0.567433000     0.757246000     0.813622000
 14     0.294379000     0.675463000     0.901585000
 14     0.831710000     0.244286000     0.820423000
 14     0.831402000     0.159304000     0.969017000
 14     0.417911000     0.427446000     0.921479000
 14     0.110230000     0.345358000     0.809852000
 14     0.114172000     0.893017000     0.773270000
 14     0.591635000     0.150391000     0.892749000
 14     0.658755000     0.349772000     0.719868000
 14     0.908133000     0.517423000     0.638795000
 14    -0.016779000     0.007007000     0.889912000
 14     0.165686000     0.408616000     0.673390000
 14     0.432689000     0.885753000     0.918727000
 14     0.453918000     0.505340000     0.788213000
 14     0.796622000     0.562886000     0.811766000
ENDGEOM
14 6
0 0 8 2. 1.0
	87645.8     0.000237
	12851.8     0.00192
	 2786.28    0.0109
	  728.043   0.0496
	  219.516   0.1668
	   75.9006  0.363
	   29.4602  0.4051
	   11.9891  0.1504
0 1 6 8. 1.0
	165.958 -0.00884 0.00909
	 39.3727 -0.0859 0.0601
	 12.7112 -0.0712 0.1952
	  4.7177 0.4147 0.3384
	  1.8482 0.6168 0.3006
	  0.7365 0.1154 0.0648
0 1 3 4 1.
	4.1752 -0.0199 -0.0087
	1.4472 -0.1864 -0.00438
	0.5023 0.0967 0.2207
0 1 1 0. 1.
	0.322 1. 1.
0 1 1 0. 1.
	0.13 1. 1.
0 3 1 0. 1.
	0.6 1.
8  4                          |      ===== Modified OXYGEN BASIS  =====
0 0 8 2.0 1.0
 8020.0    0.00108
 1338.0    0.00804
  255.4    0.05324
   69.22   0.1681
   23.90   0.3581
    9.264  0.3855
    3.851  0.1468
    1.212  0.0728
0 1 4 6.0 1.0
   49.43  -0.00883 0.00958
   10.47  -0.0915  0.0696
    3.235 -0.0402  0.2065
    1.217  0.379   0.347
0  1  1  0. 1.                |               3sp:  1 Gaussian
.4763    1.       1.
0  1  1  0. 1.                |               3sp:  1 Gaussian
.190     1.       1.
99 0
END
SHRINK
2 2
DFT 
EXCHANGE
BECKE 
CORRELAT
LYP
HYBRID
5
NONLOCAL
0.9 0.81
XLGRID
SPIN
END
TOLINTEG
8 8 8 8 16
SCFDIR
SMEAR
0.0
MAXCYCLE                      |             maximum No.
250                            |             of cycles
FMIXING                       |
95
BROYDEN
0.0001 90 40
TOLDEE
7
END
