Created with astools
CRYSTAL
0 0 0
1
10.8558 10.6374 21.9881 90.00000 90.00000 90.00000
156
  8     0.071166000     0.061137000     0.087504000
  8     0.149098000     0.650511000     0.033635000
  8     0.579772000     0.074476000     0.051157000
  8     0.580576000     0.575946000     0.082982000
  8     0.546940000     0.382728000     0.000478000
  8     0.897297000     0.633430000     0.005118000
  8     0.613415000     0.841087000     0.017747000
  8     0.180909000     0.431668000     0.552205000
  8     0.169512000     0.948475000     0.546952000
  8     0.630154000     0.431835000     0.526877000
  8     0.683149000     0.984401000     0.544242000
  8     0.496503000     0.290283000     0.648796000
  8     0.752198000     0.386499000     0.617302000
  8     0.547728000     0.536449000     0.618053000
  8     0.472605000     0.709315000     0.565079000
  8     0.342095000     0.240212000     0.566803000
  8     0.735028000     0.217280000     0.528180000
  8     0.980448000     0.121874000     0.587650000
  8     0.061249000     0.622191000     0.599870000
  8     0.902971000     0.934702000     0.644478000
  8     0.733330000     0.792274000     0.611902000
  8     0.350727000     0.059442000     0.644443000
  8     0.224046000     0.858178000     0.842185000
  8     0.251706000     0.291189000     0.676679000
  8     0.166015000     0.253064000     0.890725000
  8     0.180558000     0.519705000     0.697165000
  8     0.902957000     0.379132000    -0.005148000
  8     0.324006000     0.080424000     0.855904000
  8     0.615862000     0.176314000     0.754280000
  8     0.202158000     0.632681000     0.924639000
  8     0.775586000     0.068922000     0.826613000
  8     0.433256000     0.432407000     0.895860000
  8     0.233725000     0.469965000     0.831109000
  8     0.016919000     0.861480000     0.761493000
  8     1.007439000     0.865016000    -0.002928000
  8     0.101524000     0.078779000     0.689593000
  8     0.866315000     0.465638000     0.787245000
  8     0.393041000     0.633841000     0.826997000
  8     0.831377000     0.737937000     0.816693000
  8     0.485802000     0.981134000     0.947740000
  8     0.463833000     0.882446000     0.820741000
  8     0.547953000     0.744479000     0.904284000
  8     0.914694000     0.088593000     0.941561000
  8     0.679301000     0.152408000     0.935147000
  8     0.976308000     0.637362000     0.711217000
  8     0.011299000     0.916952000     0.880012000
  8     0.168078000     0.045488000     0.953499000
  8     0.332472000     0.495268000    -0.001015000
  8     0.037649000     0.456871000     0.874617000
  8     0.110041000     0.304983000     0.772495000
  8     0.866773000     0.279373000     0.871128000
  8     0.854748000     0.133506000     0.708662000
  8     0.296156000     0.968614000     0.745776000
  8     0.447680000     0.382339000     0.780108000
  8     0.430513000     0.835777000     0.665002000
  8     0.987339000     0.382943000     0.683382000
  8     0.662398000     0.366811000     0.832002000
  8     0.199553000     0.779998000     0.671078000
  8     0.596781000     0.685711000     0.773548000
  8     0.786478000     0.504873000     0.911492000
  8     0.071706000     0.681898000     0.829661000
  8     0.649918000     0.412356000     0.715686000
  8     0.371600000     0.759472000    -0.012689000
  8     0.363658000     0.233326000     0.951417000
 14     0.119182000     0.516468000     0.111854000
 14     0.434187000     0.189344000     0.085648000
 14     0.055129000     0.321774000     0.153169000
 14     0.322801000     0.067995000     0.157389000
 14     0.188690000     0.199408000     0.212854000
 14     0.443663000     0.434893000     0.214448000
 14     0.167929000     0.949668000     0.107286000
 14     0.465575000     0.665702000     0.106284000
 14     0.032864000     0.778726000     0.147782000
 14     0.310153000     0.560459000     0.157094000
 14     0.187398000     0.696101000     0.215974000
 14     0.431481000     0.943525000     0.224616000
 14     0.639628000     0.444063000     0.055232000
 14     0.953878000     0.163846000     0.096918000
 14     0.567815000     0.312205000     0.145730000
 14     0.799370000     0.046949000     0.144282000
 14     0.687887000     0.188183000     0.210493000
 14     0.929620000     0.448862000     0.215988000
 14     0.640434000     0.935883000     0.079370000
 14     1.000404000     0.729369000     0.039041000
 14     0.556229000     0.824437000     0.160897000
 14     0.870987000     0.623488000     0.158851000
 14     0.699048000     0.697835000     0.213959000
 14     0.934592000     0.938879000     0.210281000
 14     0.060184000     0.069258000     0.272958000
 14     0.309257000     0.318788000     0.278889000
 14     0.060699000     0.567430000     0.278185000
 14     0.304321000     0.817822000     0.283758000
 14     0.563545000     0.072675000     0.279977000
 14     0.805014000     0.318317000     0.277225000
 14     0.567587000     0.570525000     0.274345000
 14     0.814397000     0.822177000     0.280107000
 14     0.273790000     0.638273000     0.989454000
 14     1.004186000     0.267590000     1.005312000
 14     0.177926000     0.441193000     0.342094000
 14     0.432068000     0.194642000     0.341623000
 14     0.042832000     0.318084000     0.404141000
 14     0.301832000     0.069737000     0.402173000
 14     0.163372000     0.186259000     0.462244000
 14     0.419708000     0.450296000     0.466741000
 14     0.173159000     0.942965000     0.342656000
 14     0.437016000     0.688727000     0.338727000
 14     0.053507000     0.814051000     0.408902000
 14     0.306738000     0.569103000     0.400014000
 14     0.191600000     0.693335000     0.467201000
 14     0.435113000     0.954857000     0.462867000
 14     0.683547000     0.446590000     0.342762000
 14     0.930955000     0.190231000     0.337308000
 14     0.550491000     0.326886000     0.405031000
 14     0.818175000     0.058234000     0.403891000
 14     0.673436000     0.177998000     0.453666000
 14     0.927131000     0.450349000     0.475196000
 14     0.684553000     0.942376000     0.342524000
 14     0.935850000     0.691608000     0.342290000
 14     0.554341000     0.816854000     0.404096000
 14     0.807165000     0.575601000     0.408375000
 14     0.671629000     0.694366000     0.471664000
 14     0.922845000     0.928290000     0.475068000
 14     0.057348000     0.052417000     0.530929000
 14     0.274132000     0.330048000     0.517047000
 14     0.090166000     0.551171000     0.533774000
 14     0.287389000     0.854152000     0.527159000
 14     0.695179000     0.106195000     0.589637000
 14     0.765936000     0.376181000     0.542121000
 14     0.541091000     0.570261000     0.533906000
 14     0.756981000     0.845137000     0.538202000
 14     0.358422000     0.214105000     0.638680000
 14     0.605730000     0.401878000     0.645200000
 14     0.517374000     0.723551000     0.637706000
 14     0.785855000     0.863748000     0.678680000
 14     0.259333000     0.143847000     0.915287000
 14     0.816943000     0.503999000     0.986081000
 14     0.331583000     0.948721000     0.815878000
 14     0.738225000     0.073247000     0.750411000
 14     0.968772000     0.071565000     0.662893000
 14     0.134098000     0.575606000     0.867936000
 14     0.115830000     0.649986000     0.668908000
 14     0.893772000     0.763377000     0.754836000
 14     0.516142000     0.735781000     0.827291000
 14     0.804994000     0.142746000     0.890825000
 14     0.415308000     0.383533000     0.964940000
 14     0.123265000     0.349648000     0.840823000
 14     0.078861000     0.836729000     0.827618000
 14     0.553702000     0.110976000     0.974863000
 14     0.591359000     0.326318000     0.770176000
 14     0.889041000     0.486759000     0.713851000
 14     0.302281000     0.919480000     0.676485000
 14     0.027214000     0.978301000     0.946409000
 14     0.134926000     0.368353000     0.703821000
 14     0.506083000     0.828212000     0.962506000
 14     0.393596000     0.483282000     0.829753000
 14     0.800464000     0.415086000     0.850827000
ENDGEOM
14 6
0 0 8 2. 1.0
	87645.8     0.000237
	12851.8     0.00192
	 2786.28    0.0109
	  728.043   0.0496
	  219.516   0.1668
	   75.9006  0.363
	   29.4602  0.4051
	   11.9891  0.1504
0 1 6 8. 1.0
	165.958 -0.00884 0.00909
	 39.3727 -0.0859 0.0601
	 12.7112 -0.0712 0.1952
	  4.7177 0.4147 0.3384
	  1.8482 0.6168 0.3006
	  0.7365 0.1154 0.0648
0 1 3 4 1.
	4.1752 -0.0199 -0.0087
	1.4472 -0.1864 -0.00438
	0.5023 0.0967 0.2207
0 1 1 0. 1.
	0.322 1. 1.
0 1 1 0. 1.
	0.13 1. 1.
0 3 1 0. 1.
	0.6 1.
8  4                          |      ===== Modified OXYGEN BASIS  =====
0 0 8 2.0 1.0
 8020.0    0.00108
 1338.0    0.00804
  255.4    0.05324
   69.22   0.1681
   23.90   0.3581
    9.264  0.3855
    3.851  0.1468
    1.212  0.0728
0 1 4 6.0 1.0
   49.43  -0.00883 0.00958
   10.47  -0.0915  0.0696
    3.235 -0.0402  0.2065
    1.217  0.379   0.347
0  1  1  0. 1.                |               3sp:  1 Gaussian
.4763    1.       1.
0  1  1  0. 1.                |               3sp:  1 Gaussian
.190     1.       1.
99 0
END
SHRINK
2 2
DFT 
EXCHANGE
BECKE 
CORRELAT
LYP
HYBRID
5
NONLOCAL
0.9 0.81
XLGRID
SPIN
END
TOLINTEG
8 8 8 8 16
SCFDIR
SMEAR
0.0
MAXCYCLE                      |             maximum No.
250                            |             of cycles
FMIXING                       |
95
BROYDEN
0.0001 90 40
TOLDEE
7
END
