Created with astools
CRYSTAL
0 0 0
1
10.4861 10.8538 22.5282 90.00000 90.00000 90.00000
156
 8         0.107516  -0.009850   0.083201
 8         0.077604   0.571154   0.048501
 8         0.590862   0.042586   0.070180
 8         0.546125   0.574626   0.080582
 8         0.500626   0.803979   0.030846
 8         0.530695   0.391488   0.006527
 8         0.804586   0.638761  -0.001216
 8         0.271739   0.902177   1.003886
 8         0.165791   0.431957   0.541741
 8         0.184326   0.951111   0.557561
 8         0.594669   0.422354   0.524753
 8         0.679593   0.948696   0.546702
 8         0.870162   0.391204   0.535971
 8         0.485838   0.298681   0.673947
 8         0.698993   0.485863   0.608955
 8         0.528513   0.665773   0.589602
 8         0.355501   0.284626   0.577344
 8         0.695436   0.210601   0.530253
 8         0.996414   0.131174   0.583207
 8         0.121023   0.652934   0.595493
 8         1.005732   0.808773   0.667145
 8         0.786726   0.773206   0.605750
 8         0.517833   0.901357   0.633220
 8         0.322866   0.104458   0.650169
 8         0.242580   0.862622   0.827583
 8         0.236182   0.343290   0.680866
 8         0.178498   0.277608   0.880873
 8         0.157385   0.598571   0.706634
 8         0.333560   0.085780   0.847267
 8         0.662195   0.158243   0.745722
 8         0.166340   0.636979   0.939007
 8         0.827582   0.098152   0.829748
 8         0.432452   0.463580   0.908945
 8         0.256578   0.532852   0.833263
 8         0.007575   0.885602   0.776861
 8         0.957469   0.803091   0.055241
 8         0.119661   0.024082   0.696083
 8         0.838045   0.481904   0.793045
 8         0.478374   0.639963   0.828963
 8         0.716556   0.918251   0.781367
 8         0.484511   0.001898   0.956086
 8         0.493480   0.885641   0.831665
 8         0.415357   0.777136   0.925428
 8         0.919425   0.101912   0.939006
 8         0.672958   0.160011   0.930645
 8         0.850628   0.596157   0.688849
 8         0.031108   0.920175   0.888096
 8         0.176336   0.087356   0.942819
 8         0.337278   0.627744   0.019220
 8         0.035341   0.478073   0.876922
 8         0.089443   0.342159   0.778319
 8         0.895021   0.303491   0.874353
 8         0.873050   0.034147   0.711250
 8         0.360864   0.981708   0.743063
 8         0.463877   0.406394   0.790970
 8         0.629269   0.719163   0.700495
 8         0.927411   0.369224   0.688459
 8         0.674270   0.317096   0.834854
 8         0.252392   0.830216   0.667831
 8         0.656467   0.729668   0.899846
 8         0.738397   0.501259   0.908817
 8         0.066394   0.697019   0.836717
 8         0.669489   0.404047   0.720796
 8         0.403353   0.223863   0.935036
 14        0.161134   0.450162   0.089656
 14        0.477895   0.148602   0.078203
 14        0.058225   0.287547   0.146594
 14        0.358458   0.093392   0.162831
 14        0.196519   0.192908   0.215949
 14        0.435807   0.426585   0.215293
 14        0.108340   0.879309   0.029111
 14        0.495571   0.651423   0.021730
 14        0.022142   0.760653   0.179285
 14        0.283273   0.535763   0.162971
 14        0.199963   0.683298   0.223572
 14        0.450213   0.935278   0.219643
 14        0.611331   0.432032   0.069301
 14       -0.009392   0.103112   0.083516
 14        0.545074   0.279366   0.157250
 14        0.818866   0.034255   0.156062
 14        0.702509   0.177980   0.215010
 14        0.950853   0.426647   0.211733
 14        0.693872   0.923832   0.077692
 14        0.897359   0.665602   0.057372
 14        0.623233   0.854146   0.168315
 14        0.870133   0.603478   0.159996
 14        0.707821   0.690227   0.219360
 14        0.937853   0.929647   0.227017
 14        0.075186   0.059962   0.278391
 14        0.314159   0.312659   0.283149
 14        0.065959   0.553351   0.280532
 14        0.320660   0.815234   0.282418
 14        0.576314   0.059081   0.281243
 14        0.818594   0.311514   0.278122
 14        0.572433   0.557379   0.271341
 14        0.819666   0.804129   0.291672
 14        0.682213   0.619028   0.951034
 14        0.184293   0.670420   1.009912
 14        0.412822   0.877993   0.980713
 14        0.188132   0.434246   0.347101
 14        0.444069   0.183879   0.338624
 14        0.057966   0.306347   0.406828
 14        0.318939   0.066989   0.402583
 14        0.182858   0.178582   0.464826
 14        0.426656   0.424369   0.455718
 14        0.190168   0.935789   0.345012
 14        0.454518   0.684379   0.335666
 14        0.064960   0.808051   0.408081
 14        0.323465   0.572302   0.397866
 14        0.220136   0.706640   0.462178
 14        0.417856   0.923734   0.461498
 14        0.691827   0.440526   0.339407
 14        0.944107   0.181599   0.340176
 14        0.566884   0.309295   0.398257
 14        0.822942   0.055619   0.407691
 14        0.724415   0.218321   0.456581
 14        0.882036   0.376515   0.461164
 14        0.690180   0.932636   0.349459
 14        0.945652   0.673223   0.349096
 14        0.561667   0.803469   0.408617
 14        0.814180   0.553781   0.410268
 14        0.690903   0.681831   0.472972
 14        0.938782   0.927863   0.474121
 14        0.075984   0.048547   0.530277
 14        0.278474   0.333811   0.518631
 14        0.221971   0.579088   0.547605
 14        0.298801   0.843435   0.538537
 14        0.556275   0.016196   0.580444
 14        0.727767   0.346283   0.565895
 14        0.619560   0.562429   0.553138
 14        0.780441   0.834141   0.535057
 14        0.345384   0.254739   0.647373
 14        0.143177   0.716885   0.660071
 14        0.533797   0.450542   0.678011
 14        0.901316   0.224858   0.625102
 14        0.557869   0.760827   0.642526
 14        0.822282   0.743196   0.677279
 14        0.271938   0.164399   0.901579
 14        0.360994   0.954994   0.813482
 14        0.764940   0.056200   0.766014
 14       -0.003847   0.940177   0.710368
 14        0.139264   0.589244   0.872712
 14        0.784736   0.781358   0.779385
 14        0.514559   0.758333   0.870074
 14        0.812389   0.157978   0.895205
 14        0.383406   0.392814   0.972361
 14        0.057888   0.342939   0.848913
 14        0.090682   0.843466   0.834421
 14        0.531667   0.144317   0.970120
 14        0.581609   0.286472   0.775529
 14        0.823011   0.462494   0.719486
 14        0.268420   0.981869   0.685218
 14        0.042445   0.005612   0.948630
 14        0.129477   0.431214   0.716272
 14        0.410946   0.504747   0.840131
 14        0.782270   0.417318   0.853103
ENDGEOM
14 6
0 0 8 2. 1.0
	87645.8     0.000237
	12851.8     0.00192
	 2786.28    0.0109
	  728.043   0.0496
	  219.516   0.1668
	   75.9006  0.363
	   29.4602  0.4051
	   11.9891  0.1504
0 1 6 8. 1.0
	165.958 -0.00884 0.00909
	 39.3727 -0.0859 0.0601
	 12.7112 -0.0712 0.1952
	  4.7177 0.4147 0.3384
	  1.8482 0.6168 0.3006
	  0.7365 0.1154 0.0648
0 1 3 4 1.
	4.1752 -0.0199 -0.0087
	1.4472 -0.1864 -0.00438
	0.5023 0.0967 0.2207
0 1 1 0. 1.
	0.322 1. 1.
0 1 1 0. 1.
	0.13 1. 1.
0 3 1 0. 1.
	0.6 1.
8  4                          |      ===== Modified OXYGEN BASIS  =====
0 0 8 2.0 1.0
 8020.0    0.00108
 1338.0    0.00804
  255.4    0.05324
   69.22   0.1681
   23.90   0.3581
    9.264  0.3855
    3.851  0.1468
    1.212  0.0728
0 1 4 6.0 1.0
   49.43  -0.00883 0.00958
   10.47  -0.0915  0.0696
    3.235 -0.0402  0.2065
    1.217  0.379   0.347
0  1  1  0. 1.                |               3sp:  1 Gaussian
.4763    1.       1.
0  1  1  0. 1.                |               3sp:  1 Gaussian
.190     1.       1.
99 0
END
SHRINK
2 2
DFT 
EXCHANGE
BECKE 
CORRELAT
LYP
HYBRID
5
NONLOCAL
0.9 0.81
XLGRID
SPIN
END
TOLINTEG
8 8 8 8 16
SCFDIR
SMEAR
0.0
MAXCYCLE                      |             maximum No.
250                            |             of cycles
FMIXING                       |
95
BROYDEN
0.0001 115 40
TOLDEE
7
END

