-5.0000e+00     2.6806e+01  2.7992e-01 -2.7174e+01 -2.5929e-01  0.0000e+00  0.0000e+00 -0.0000e+00 -0.0000e+00
-4.9917e+00     4.0938e+01  4.1162e-01 -2.8731e+01 -3.2206e-01  2.8180e-01  2.8766e-03 -2.3255e-01 -2.4183e-03
-4.9833e+00     3.3219e+01  3.5505e-01 -4.0114e+01 -4.6289e-01  5.9027e-01  6.0658e-03 -5.1892e-01 -5.6834e-03
-4.9750e+00     2.7639e+01  3.6422e-01 -2.7681e+01 -3.4697e-01  8.4343e-01  9.0577e-03 -8.0093e-01 -9.0522e-03
-4.9667e+00     2.8804e+01  4.0409e-01 -2.3780e+01 -3.2525e-01  1.0782e+00  1.2254e-02 -1.0150e+00 -1.1849e-02
-4.9583e+00     2.8350e+01  4.4875e-01 -2.7023e+01 -4.3178e-01  1.3160e+00  1.5801e-02 -1.2263e+00 -1.4998e-02
-4.9500e+00     2.3508e+01  3.9068e-01 -2.7781e+01 -4.6626e-01  1.5317e+00  1.9293e-02 -1.4543e+00 -1.8733e-02
-4.9417e+00     1.8482e+01  3.1092e-01 -2.5720e+01 -4.7819e-01  1.7063e+00  2.2211e-02 -1.6768e+00 -2.2662e-02
-4.9333e+00     1.6975e+01  2.7710e-01 -2.0389e+01 -3.7228e-01  1.8538e+00  2.4658e-02 -1.8686e+00 -2.6200e-02
-4.9250e+00     1.6837e+01  2.7286e-01 -1.7057e+01 -3.0078e-01  1.9945e+00  2.6945e-02 -2.0244e+00 -2.8999e-02
-4.9167e+00     1.7226e+01  3.1422e-01 -1.6904e+01 -2.8312e-01  2.1362e+00  2.9387e-02 -2.1657e+00 -3.1428e-02
-4.9083e+00     2.8413e+01  6.6704e-01 -1.6517e+01 -2.9687e-01  2.3260e+00  3.3469e-02 -2.3047e+00 -3.3841e-02
-4.9000e+00     3.0812e+01  7.6267e-01 -2.4090e+01 -5.1298e-01  2.5724e+00  3.9416e-02 -2.4736e+00 -3.7210e-02
-4.8917e+00     1.8042e+01  3.8404e-01 -3.0727e+01 -7.6911e-01  2.7756e+00  4.4186e-02 -2.7016e+00 -4.2543e-02
-4.8833e+00     1.7313e+01  3.3514e-01 -2.0981e+01 -4.5524e-01  2.9227e+00  4.7178e-02 -2.9167e+00 -4.7636e-02
-4.8750e+00     1.7083e+01  3.0489e-01 -1.5688e+01 -3.1960e-01  3.0658e+00  4.9840e-02 -3.0693e+00 -5.0859e-02
-4.8667e+00     2.0483e+01  3.3607e-01 -1.8809e+01 -3.3217e-01  3.2220e+00  5.2506e-02 -3.2128e+00 -5.3570e-02
-4.8583e+00     2.3484e+01  3.1440e-01 -1.9394e+01 -3.2685e-01  3.4049e+00  5.5212e-02 -3.3717e+00 -5.6311e-02
-4.8500e+00     3.5298e+01  4.9086e-01 -2.6397e+01 -2.9521e-01  3.6494e+00  5.8562e-02 -3.5622e+00 -5.8899e-02
-4.8417e+00     2.5707e+01  3.5601e-01 -3.7565e+01 -4.0022e-01  3.9032e+00  6.2085e-02 -3.8282e+00 -6.1792e-02
-4.8333e+00     2.9719e+01  3.2231e-01 -3.0867e+01 -3.4383e-01  4.1337e+00  6.4906e-02 -4.1129e+00 -6.4887e-02
-4.8250e+00     3.8093e+01  3.7198e-01 -2.9582e+01 -2.9919e-01  4.4158e+00  6.7794e-02 -4.3643e+00 -6.7562e-02
-4.8167e+00     3.9568e+01  4.7691e-01 -3.4698e+01 -3.7139e-01  4.7389e+00  7.1326e-02 -4.6317e+00 -7.0351e-02
-4.8083e+00     2.2766e+01  3.1082e-01 -2.7822e+01 -3.6323e-01  4.9982e+00  7.4602e-02 -4.8918e+00 -7.3407e-02
-4.8000e+00     2.6165e+01  4.1859e-01 -2.3430e+01 -3.7976e-01  5.2017e+00  7.7636e-02 -5.1050e+00 -7.6498e-02
-4.7917e+00     2.9441e+01  5.5895e-01 -2.4093e+01 -4.5384e-01  5.4330e+00  8.1703e-02 -5.3027e+00 -7.9965e-02
-4.7833e+00     2.8418e+01  6.2325e-01 -2.6370e+01 -5.5594e-01  5.6737e+00  8.6620e-02 -5.5126e+00 -8.4166e-02
-4.7750e+00     1.9763e+01  4.4907e-01 -2.3567e+01 -5.5395e-01  5.8741e+00  9.1081e-02 -5.7203e+00 -8.8782e-02
-4.7667e+00     1.8008e+01  3.8086e-01 -2.7688e+01 -6.5758e-01  6.0312e+00  9.4533e-02 -5.9335e+00 -9.3822e-02
-4.7583e+00     1.4057e+01  2.8142e-01 -1.8675e+01 -4.2739e-01  6.1646e+00  9.7288e-02 -6.1264e+00 -9.8335e-02
-4.7500e+00     1.9734e+01  4.7218e-01 -1.4469e+01 -2.9147e-01  6.3052e+00  1.0042e-01 -6.2642e+00 -1.0133e-01
-4.7417e+00     1.4984e+01  3.6203e-01 -1.9423e+01 -4.2040e-01  6.4496e+00  1.0389e-01 -6.4052e+00 -1.0429e-01
-4.7333e+00     1.5464e+01  3.5132e-01 -1.6639e+01 -3.4256e-01  6.5763e+00  1.0686e-01 -6.5552e+00 -1.0746e-01
-4.7250e+00     1.9996e+01  4.5654e-01 -1.5681e+01 -3.0997e-01  6.7238e+00  1.1022e-01 -6.6897e+00 -1.1017e-01
-4.7167e+00     2.4003e+01  5.0466e-01 -1.4490e+01 -2.9763e-01  6.9068e+00  1.1422e-01 -6.8152e+00 -1.1270e-01
-4.7083e+00     1.9468e+01  3.9939e-01 -1.5945e+01 -3.2342e-01  7.0876e+00  1.1798e-01 -6.9418e+00 -1.1529e-01
-4.7000e+00     1.5697e+01  3.2016e-01 -2.5681e+01 -5.2016e-01  7.2339e+00  1.2097e-01 -7.1149e+00 -1.1879e-01
-4.6917e+00     1.1183e+01  1.8182e-01 -1.6569e+01 -3.2432e-01  7.3457e+00  1.2306e-01 -7.2907e+00 -1.2231e-01
-4.6833e+00     1.1397e+01  1.7439e-01 -1.3329e+01 -2.3922e-01  7.4396e+00  1.2454e-01 -7.4151e+00 -1.2465e-01
-4.6750e+00     1.1904e+01  1.8263e-01 -1.0287e+01 -1.5314e-01  7.5366e+00  1.2603e-01 -7.5133e+00 -1.2628e-01
-4.6667e+00     1.5820e+01  2.7679e-01 -1.1225e+01 -1.6965e-01  7.6519e+00  1.2794e-01 -7.6028e+00 -1.2763e-01
-4.6583e+00     1.7255e+01  2.9695e-01 -1.2884e+01 -2.0129e-01  7.7895e+00  1.3033e-01 -7.7031e+00 -1.2917e-01
-4.6500e+00     1.3853e+01  2.4065e-01 -1.3507e+01 -2.1550e-01  7.9189e+00  1.3256e-01 -7.8128e+00 -1.3090e-01
-4.6417e+00     1.2736e+01  1.9302e-01 -1.6958e+01 -2.9674e-01  8.0295e+00  1.3437e-01 -7.9396e+00 -1.3303e-01
-4.6333e+00     1.4433e+01  2.1205e-01 -1.4244e+01 -2.5064e-01  8.1425e+00  1.3605e-01 -8.0694e+00 -1.3531e-01
-4.6250e+00     1.3893e+01  1.9240e-01 -1.3005e+01 -1.9126e-01  8.2603e+00  1.3773e-01 -8.1827e+00 -1.3715e-01
-4.6167e+00     1.4232e+01  1.8490e-01 -1.5197e+01 -2.1091e-01  8.3773e+00  1.3930e-01 -8.3000e+00 -1.3882e-01
-4.6083e+00     1.4421e+01  1.7445e-01 -1.7593e+01 -2.2890e-01  8.4965e+00  1.4080e-01 -8.4364e+00 -1.4065e-01
-4.6000e+00     1.4212e+01  1.5724e-01 -1.9647e+01 -2.2231e-01  8.6156e+00  1.4218e-01 -8.5913e+00 -1.4253e-01
-4.5917e+00     2.5616e+01  1.9990e-01 -2.4443e+01 -2.0836e-01  8.7813e+00  1.4366e-01 -8.7747e+00 -1.4432e-01
-4.5833e+00     4.5792e+01  2.3701e-01 -4.3379e+01 -2.2905e-01  9.0783e+00  1.4548e-01 -9.0568e+00 -1.4614e-01
-4.5750e+00     2.5905e+01  2.0354e-01 -2.5444e+01 -2.1300e-01  9.3765e+00  1.4731e-01 -9.3431e+00 -1.4798e-01
-4.5667e+00     1.2418e+01  1.5527e-01 -1.9221e+01 -2.0120e-01  9.5360e+00  1.4881e-01 -9.5289e+00 -1.4970e-01
-4.5583e+00     9.9124e+00  1.6990e-01 -1.1595e+01 -1.5897e-01  9.6288e+00  1.5016e-01 -9.6571e+00 -1.5120e-01
-4.5500e+00     9.7633e+00  1.9461e-01 -8.9560e+00 -1.7019e-01  9.7107e+00  1.5167e-01 -9.7426e+00 -1.5257e-01
-4.5417e+00     1.1760e+01  2.7965e-01 -9.3201e+00 -2.0507e-01  9.8002e+00  1.5365e-01 -9.8186e+00 -1.5413e-01
-4.5333e+00     1.1107e+01  2.7861e-01 -9.5544e+00 -2.3522e-01  9.8953e+00  1.5597e-01 -9.8971e+00 -1.5596e-01
-4.5250e+00     1.0496e+01  2.8421e-01 -1.0043e+01 -2.6017e-01  9.9852e+00  1.5831e-01 -9.9787e+00 -1.5802e-01
-4.5167e+00     1.9926e+01  5.7998e-01 -9.9449e+00 -2.7554e-01  1.0112e+01  1.6191e-01 -1.0062e+01 -1.6025e-01
-4.5083e+00     1.6828e+01  6.2048e-01 -1.7938e+01 -6.2562e-01  1.0265e+01  1.6690e-01 -1.0178e+01 -1.6400e-01
-4.5000e+00     1.6508e+01  5.8989e-01 -1.7476e+01 -6.3975e-01  1.0403e+01  1.7193e-01 -1.0325e+01 -1.6926e-01
-4.4917e+00     1.5926e+01  5.4043e-01 -1.4889e+01 -5.3399e-01  1.0538e+01  1.7664e-01 -1.0460e+01 -1.7414e-01
-4.4833e+00     1.5348e+01  5.0140e-01 -1.5470e+01 -5.3660e-01  1.0668e+01  1.8097e-01 -1.0586e+01 -1.7860e-01
-4.4750e+00     1.5575e+01  4.8180e-01 -1.5860e+01 -5.4538e-01  1.0797e+01  1.8506e-01 -1.0716e+01 -1.8310e-01
-4.4667e+00     1.5144e+01  4.3362e-01 -1.6858e+01 -5.6317e-01  1.0925e+01  1.8887e-01 -1.0852e+01 -1.8771e-01
-4.4583e+00     1.6398e+01  4.6025e-01 -1.8188e+01 -5.6982e-01  1.1056e+01  1.9258e-01 -1.0998e+01 -1.9242e-01
-4.4500e+00     1.1269e+01  3.1195e-01 -1.7100e+01 -4.6531e-01  1.1171e+01  1.9580e-01 -1.1145e+01 -1.9673e-01
-4.4417e+00     1.1069e+01  2.9460e-01 -1.1650e+01 -3.1261e-01  1.1264e+01  1.9832e-01 -1.1265e+01 -1.9997e-01
-4.4333e+00     1.1757e+01  2.9667e-01 -1.1601e+01 -3.0086e-01  1.1359e+01  2.0078e-01 -1.1361e+01 -2.0252e-01
-4.4250e+00     1.2410e+01  3.1074e-01 -1.2007e+01 -3.0203e-01  1.1459e+01  2.0331e-01 -1.1460e+01 -2.0502e-01
-4.4167e+00     1.2970e+01  3.2753e-01 -1.2750e+01 -3.0866e-01  1.1565e+01  2.0596e-01 -1.1563e+01 -2.0757e-01
-4.4083e+00     2.1817e+01  4.8500e-01 -1.3203e+01 -3.1319e-01  1.1710e+01  2.0934e-01 -1.1670e+01 -2.1015e-01
-4.4000e+00     1.8671e+01  4.3287e-01 -2.3163e+01 -5.0887e-01  1.1878e+01  2.1316e-01 -1.1822e+01 -2.1357e-01
-4.3917e+00     1.4873e+01  4.1669e-01 -1.8503e+01 -4.0385e-01  1.2018e+01  2.1669e-01 -1.1995e+01 -2.1737e-01
-4.3833e+00     1.2079e+01  3.2007e-01 -1.6040e+01 -3.7610e-01  1.2130e+01  2.1976e-01 -1.2139e+01 -2.2061e-01
-4.3750e+00     1.1688e+01  2.9349e-01 -1.1961e+01 -2.8079e-01  1.2229e+01  2.2231e-01 -1.2255e+01 -2.2334e-01
-4.3667e+00     1.1051e+01  2.6333e-01 -1.1536e+01 -2.6464e-01  1.2323e+01  2.2463e-01 -1.2353e+01 -2.2561e-01
-4.3583e+00     1.0301e+01  2.4311e-01 -1.0541e+01 -2.3952e-01  1.2412e+01  2.2673e-01 -1.2445e+01 -2.2771e-01
-4.3500e+00     1.3503e+01  3.0867e-01 -9.7461e+00 -2.2529e-01  1.2511e+01  2.2903e-01 -1.2529e+01 -2.2964e-01
-4.3417e+00     1.8734e+01  4.0317e-01 -1.5219e+01 -3.2610e-01  1.2645e+01  2.3199e-01 -1.2633e+01 -2.3194e-01
-4.3333e+00     1.9534e+01  4.2646e-01 -1.6964e+01 -3.5909e-01  1.2804e+01  2.3544e-01 -1.2767e+01 -2.3479e-01
-4.3250e+00     1.7582e+01  4.0310e-01 -2.0891e+01 -4.1945e-01  1.2959e+01  2.3889e-01 -1.2924e+01 -2.3803e-01
-4.3167e+00     1.4844e+01  3.5636e-01 -1.7644e+01 -3.6134e-01  1.3094e+01  2.4205e-01 -1.3085e+01 -2.4127e-01
-4.3083e+00     1.2026e+01  3.0469e-01 -1.4520e+01 -3.1466e-01  1.3205e+01  2.4480e-01 -1.3218e+01 -2.4409e-01
-4.3000e+00     1.1173e+01  2.8570e-01 -1.1248e+01 -2.5767e-01  1.3302e+01  2.4726e-01 -1.3326e+01 -2.4647e-01
-4.2917e+00     1.0751e+01  2.7663e-01 -9.7559e+00 -2.2794e-01  1.3393e+01  2.4960e-01 -1.3413e+01 -2.4849e-01
-4.2833e+00     1.1346e+01  2.9117e-01 -1.1079e+01 -2.6130e-01  1.3485e+01  2.5196e-01 -1.3500e+01 -2.5052e-01
-4.2750e+00     1.5440e+01  3.8796e-01 -1.5199e+01 -3.5342e-01  1.3596e+01  2.5478e-01 -1.3609e+01 -2.5308e-01
-4.2667e+00     1.3836e+01  3.2800e-01 -1.5525e+01 -3.3998e-01  1.3718e+01  2.5776e-01 -1.3737e+01 -2.5596e-01
-4.2583e+00     1.4529e+01  3.2916e-01 -1.4317e+01 -2.9590e-01  1.3836e+01  2.6049e-01 -1.3861e+01 -2.5861e-01
-4.2500e+00     1.5036e+01  3.2658e-01 -1.6262e+01 -3.2338e-01  1.3959e+01  2.6322e-01 -1.3988e+01 -2.6119e-01
-4.2417e+00     1.2193e+01  2.5408e-01 -1.4902e+01 -2.9095e-01  1.4072e+01  2.6564e-01 -1.4118e+01 -2.6374e-01
-4.2333e+00     9.8949e+00  1.9956e-01 -1.0572e+01 -2.0995e-01  1.4164e+01  2.6752e-01 -1.4224e+01 -2.6582e-01
-4.2250e+00     9.3493e+00  1.8262e-01 -9.4273e+00 -1.8428e-01  1.4244e+01  2.6911e-01 -1.4307e+01 -2.6746e-01
-4.2167e+00     1.1763e+01  2.1758e-01 -8.7118e+00 -1.6572e-01  1.4332e+01  2.7078e-01 -1.4382e+01 -2.6892e-01
-4.2083e+00     1.1862e+01  2.0432e-01 -8.6442e+00 -1.5847e-01  1.4430e+01  2.7253e-01 -1.4455e+01 -2.7027e-01
-4.2000e+00     1.1988e+01  2.1087e-01 -1.1045e+01 -1.9533e-01  1.4530e+01  2.7426e-01 -1.4536e+01 -2.7174e-01
-4.1917e+00     1.3230e+01  2.4210e-01 -1.3439e+01 -2.3748e-01  1.4635e+01  2.7614e-01 -1.4638e+01 -2.7354e-01
-4.1833e+00     1.6501e+01  3.2999e-01 -1.7043e+01 -3.2248e-01  1.4758e+01  2.7852e-01 -1.4765e+01 -2.7587e-01
-4.1750e+00     1.5711e+01  3.1796e-01 -1.6674e+01 -3.1582e-01  1.4892e+01  2.8122e-01 -1.4905e+01 -2.7852e-01
-4.1667e+00     1.4415e+01  2.9660e-01 -1.6123e+01 -3.1001e-01  1.5018e+01  2.8378e-01 -1.5042e+01 -2.8113e-01
-4.1583e+00     1.4001e+01  2.9350e-01 -1.4990e+01 -2.8922e-01  1.5136e+01  2.8623e-01 -1.5171e+01 -2.8362e-01
-4.1500e+00     1.3824e+01  2.9569e-01 -1.6565e+01 -3.4867e-01  1.5251e+01  2.8868e-01 -1.5303e+01 -2.8627e-01
-4.1417e+00     9.1992e+00  1.6349e-01 -9.8130e+00 -1.8039e-01  1.5347e+01  2.9059e-01 -1.5412e+01 -2.8848e-01
-4.1333e+00     1.0934e+01  1.8675e-01 -1.0580e+01 -1.8829e-01  1.5431e+01  2.9205e-01 -1.5497e+01 -2.9001e-01
-4.1250e+00     1.2490e+01  2.0864e-01 -1.1940e+01 -2.0377e-01  1.5528e+01  2.9369e-01 -1.5591e+01 -2.9164e-01
-4.1167e+00     1.0813e+01  1.8809e-01 -1.1881e+01 -2.0048e-01  1.5625e+01  2.9534e-01 -1.5690e+01 -2.9332e-01
-4.1083e+00     1.5799e+01  2.4007e-01 -1.0566e+01 -1.8270e-01  1.5736e+01  2.9712e-01 -1.5783e+01 -2.9492e-01
-4.1000e+00     1.2890e+01  2.1863e-01 -1.5136e+01 -2.3176e-01  1.5855e+01  2.9903e-01 -1.5890e+01 -2.9664e-01
-4.0917e+00     1.1991e+01  2.1991e-01 -1.3073e+01 -2.2356e-01  1.5959e+01  3.0086e-01 -1.6007e+01 -2.9853e-01
-4.0833e+00     1.2488e+01  2.4229e-01 -1.2241e+01 -2.2816e-01  1.6061e+01  3.0278e-01 -1.6113e+01 -3.0041e-01
-4.0750e+00     1.3867e+01  2.7847e-01 -1.2337e+01 -2.4364e-01  1.6170e+01  3.0495e-01 -1.6215e+01 -3.0237e-01
-4.0667e+00     1.3507e+01  2.7414e-01 -1.2993e+01 -2.6467e-01  1.6284e+01  3.0724e-01 -1.6320e+01 -3.0449e-01
-4.0583e+00     1.0191e+01  2.1384e-01 -1.1780e+01 -2.4049e-01  1.6383e+01  3.0927e-01 -1.6423e+01 -3.0659e-01
-4.0500e+00     9.9036e+00  2.1671e-01 -9.9177e+00 -2.1495e-01  1.6466e+01  3.1107e-01 -1.6514e+01 -3.0849e-01
-4.0417e+00     9.7410e+00  2.1960e-01 -9.8439e+00 -2.2833e-01  1.6548e+01  3.1288e-01 -1.6596e+01 -3.1033e-01
-4.0333e+00     9.8875e+00  2.2543e-01 -9.8762e+00 -2.4011e-01  1.6630e+01  3.1473e-01 -1.6678e+01 -3.1228e-01
-4.0250e+00     1.0387e+01  2.4342e-01 -1.0456e+01 -2.6654e-01  1.6714e+01  3.1668e-01 -1.6762e+01 -3.1439e-01
-4.0167e+00     1.3106e+01  3.2012e-01 -1.1521e+01 -3.1075e-01  1.6812e+01  3.1903e-01 -1.6854e+01 -3.1679e-01
-4.0083e+00     1.2484e+01  3.3704e-01 -1.3583e+01 -3.8662e-01  1.6918e+01  3.2176e-01 -1.6958e+01 -3.1969e-01
-4.0000e+00     9.4341e+00  2.7561e-01 -1.1286e+01 -3.4531e-01  1.7009e+01  3.2431e-01 -1.7062e+01 -3.2273e-01
-3.9917e+00     5.9036e+00  1.9010e-01 -8.0782e+00 -2.7412e-01  1.7073e+01  3.2625e-01 -1.7142e+01 -3.2531e-01
-3.9833e+00     3.8283e+00  1.2017e-01 -5.4383e+00 -1.9487e-01  1.7114e+01  3.2754e-01 -1.7199e+01 -3.2726e-01
-3.9750e+00     1.9218e+00  5.7735e-02 -3.2021e+00 -1.0096e-01  1.7138e+01  3.2828e-01 -1.7234e+01 -3.2849e-01
-3.9667e+00     6.6038e-01  1.4477e-02 -1.3375e+00 -2.8069e-02  1.7148e+01  3.2858e-01 -1.7253e+01 -3.2903e-01
-3.9583e+00     3.6445e-01  7.8143e-03 -6.7222e-01 -1.5302e-02  1.7153e+01  3.2867e-01 -1.7262e+01 -3.2921e-01
-3.9500e+00     1.0640e-01  2.2217e-03 -3.7982e-01 -8.4597e-03  1.7155e+01  3.2871e-01 -1.7266e+01 -3.2931e-01
-3.9417e+00     0.0000e+00  0.0000e+00 -1.2613e-01 -2.7383e-03  1.7155e+01  3.2872e-01 -1.7268e+01 -3.2935e-01
-3.9333e+00     0.0000e+00  0.0000e+00 -0.0000e+00 -0.0000e+00  1.7155e+01  3.2872e-01 -1.7269e+01 -3.2936e-01
-3.9250e+00     0.0000e+00  0.0000e+00 -0.0000e+00 -0.0000e+00  1.7155e+01  3.2872e-01 -1.7269e+01 -3.2936e-01
-3.9167e+00     0.0000e+00  0.0000e+00 -0.0000e+00 -0.0000e+00  1.7155e+01  3.2872e-01 -1.7269e+01 -3.2936e-01
-3.9083e+00     0.0000e+00  0.0000e+00 -0.0000e+00 -0.0000e+00  1.7155e+01  3.2872e-01 -1.7269e+01 -3.2936e-01
-3.9000e+00     0.0000e+00  0.0000e+00 -0.0000e+00 -0.0000e+00  1.7155e+01  3.2872e-01 -1.7269e+01 -3.2936e-01
-3.8917e+00     0.0000e+00  0.0000e+00 -2.8222e-01 -2.7605e-02  1.7155e+01  3.2872e-01 -1.7270e+01 -3.2948e-01
-3.8833e+00     6.2629e-01  6.8778e-02 -3.4117e+00 -3.2908e-01  1.7158e+01  3.2901e-01 -1.7285e+01 -3.3096e-01
-3.8750e+00     2.6658e+00  2.9073e-01 -1.4951e+01 -8.2635e-01  1.7171e+01  3.3050e-01 -1.7362e+01 -3.3577e-01
-3.8667e+00     4.8697e+00  5.2983e-01 -9.2817e+01 -1.2987e+00  1.7203e+01  3.3392e-01 -1.7810e+01 -3.4461e-01
-3.8583e+00     5.4103e+00  5.9860e-01 -3.1319e+00 -3.9558e-02  1.7245e+01  3.3861e-01 -1.8209e+01 -3.5017e-01
-3.8500e+00     6.6316e+00  7.2140e-01 -1.1264e+01 -6.0123e-01  1.7296e+01  3.4410e-01 -1.8269e+01 -3.5284e-01
-3.8417e+00     9.6895e+00  9.9159e-01 -1.4413e+01 -9.9361e-01  1.7363e+01  3.5123e-01 -1.8376e+01 -3.5947e-01
-3.8333e+00     1.2731e+01  1.2640e+00 -1.6378e+01 -1.3865e+00  1.7457e+01  3.6061e-01 -1.8504e+01 -3.6938e-01
-3.8250e+00     1.2923e+01  1.3051e+00 -1.2976e+01 -1.1726e+00  1.7563e+01  3.7129e-01 -1.8626e+01 -3.8002e-01
-3.8167e+00     1.1295e+01  1.1515e+00 -1.1365e+01 -1.0481e+00  1.7664e+01  3.8151e-01 -1.8727e+01 -3.8926e-01
-3.8083e+00     1.1684e+01  1.1516e+00 -1.1323e+01 -1.0126e+00  1.7760e+01  3.9109e-01 -1.8822e+01 -3.9783e-01
-3.8000e+00     1.2003e+01  1.1303e+00 -1.6980e+01 -1.4523e+00  1.7858e+01  4.0059e-01 -1.8939e+01 -4.0808e-01
-3.7917e+00     2.0843e+01  1.8854e+00 -1.0778e+01 -8.4882e-01  1.7995e+01  4.1313e-01 -1.9055e+01 -4.1766e-01
-3.7833e+00     7.5871e+00  6.1080e-01 -5.1281e+00 -3.7622e-01  1.8113e+01  4.2351e-01 -1.9121e+01 -4.2275e-01
-3.7750e+00     3.2713e+00  2.6216e-01 -2.1600e+00 -1.5830e-01  1.8158e+01  4.2714e-01 -1.9151e+01 -4.2497e-01
-3.7667e+00     6.3609e-01  5.0542e-02 -2.8304e-02 -2.0987e-03  1.8175e+01  4.2845e-01 -1.9160e+01 -4.2564e-01
-3.7583e+00     0.0000e+00  0.0000e+00 -0.0000e+00 -0.0000e+00  1.8177e+01  4.2866e-01 -1.9160e+01 -4.2565e-01
-3.7500e+00     0.0000e+00  0.0000e+00 -0.0000e+00 -0.0000e+00  1.8177e+01  4.2866e-01 -1.9160e+01 -4.2565e-01
-3.7417e+00     0.0000e+00  0.0000e+00 -0.0000e+00 -0.0000e+00  1.8177e+01  4.2866e-01 -1.9160e+01 -4.2565e-01
-3.7333e+00     0.0000e+00  0.0000e+00 -0.0000e+00 -0.0000e+00  1.8177e+01  4.2866e-01 -1.9160e+01 -4.2565e-01
-3.7250e+00     0.0000e+00  0.0000e+00 -0.0000e+00 -0.0000e+00  1.8177e+01  4.2866e-01 -1.9160e+01 -4.2565e-01
-3.7167e+00     0.0000e+00  0.0000e+00 -0.0000e+00 -0.0000e+00  1.8177e+01  4.2866e-01 -1.9160e+01 -4.2565e-01
-3.7083e+00     0.0000e+00  0.0000e+00 -0.0000e+00 -0.0000e+00  1.8177e+01  4.2866e-01 -1.9160e+01 -4.2565e-01
-3.7000e+00     0.0000e+00  0.0000e+00 -0.0000e+00 -0.0000e+00  1.8177e+01  4.2866e-01 -1.9160e+01 -4.2565e-01
-3.6917e+00     0.0000e+00  0.0000e+00 -0.0000e+00 -0.0000e+00  1.8177e+01  4.2866e-01 -1.9160e+01 -4.2565e-01
-3.6833e+00     0.0000e+00  0.0000e+00 -0.0000e+00 -0.0000e+00  1.8177e+01  4.2866e-01 -1.9160e+01 -4.2565e-01
-3.6750e+00     0.0000e+00  0.0000e+00 -0.0000e+00 -0.0000e+00  1.8177e+01  4.2866e-01 -1.9160e+01 -4.2565e-01
-3.6667e+00     0.0000e+00  0.0000e+00 -0.0000e+00 -0.0000e+00  1.8177e+01  4.2866e-01 -1.9160e+01 -4.2565e-01
-3.6583e+00     1.0310e+00  3.4359e-02 -1.7655e+00 -5.5452e-02  1.8182e+01  4.2880e-01 -1.9168e+01 -4.2588e-01
-3.6500e+00     4.0092e+00  1.3211e-01 -8.8957e+00 -3.2106e-01  1.8203e+01  4.2949e-01 -1.9212e+01 -4.2745e-01
-3.6417e+00     7.4446e+00  2.4288e-01 -1.0374e+01 -3.6115e-01  1.8250e+01  4.3105e-01 -1.9292e+01 -4.3029e-01
-3.6333e+00     2.0016e+01  8.6038e-01 -1.1312e+01 -3.9830e-01  1.8364e+01  4.3564e-01 -1.9383e+01 -4.3344e-01
-3.6250e+00     1.2448e+01  6.2754e-01 -9.9713e+00 -3.8091e-01  1.8499e+01  4.4183e-01 -1.9471e+01 -4.3669e-01
-3.6167e+00     1.1112e+01  5.4440e-01 -1.1561e+01 -5.3562e-01  1.8597e+01  4.4670e-01 -1.9561e+01 -4.4050e-01
-3.6083e+00     9.7724e+00  4.6929e-01 -1.0020e+01 -4.5095e-01  1.8684e+01  4.5092e-01 -1.9650e+01 -4.4460e-01
-3.6000e+00     8.4281e+00  4.0220e-01 -8.5026e+00 -3.7714e-01  1.8760e+01  4.5455e-01 -1.9727e+01 -4.4805e-01
-3.5917e+00     8.5830e+00  4.2208e-01 -7.8542e+00 -3.4749e-01  1.8831e+01  4.5798e-01 -1.9796e+01 -4.5106e-01
-3.5833e+00     1.2367e+01  6.4469e-01 -7.8464e+00 -3.7555e-01  1.8918e+01  4.6241e-01 -1.9861e+01 -4.5407e-01
-3.5750e+00     1.8328e+01  9.2209e-01 -8.0950e+00 -4.0135e-01  1.9046e+01  4.6893e-01 -1.9927e+01 -4.5730e-01
-3.5667e+00     4.8027e+00  2.2798e-01 -7.5978e+00 -3.6453e-01  1.9142e+01  4.7371e-01 -1.9992e+01 -4.6049e-01
-3.5583e+00     0.0000e+00  0.0000e+00 -1.3733e+01 -6.6199e-01  1.9162e+01  4.7466e-01 -2.0081e+01 -4.6476e-01
-3.5500e+00     0.0000e+00  0.0000e+00 -1.9634e-01 -9.4757e-03  1.9162e+01  4.7466e-01 -2.0139e+01 -4.6755e-01
-3.5417e+00     0.0000e+00  0.0000e+00 -0.0000e+00 -0.0000e+00  1.9162e+01  4.7466e-01 -2.0140e+01 -4.6759e-01
-3.5333e+00     0.0000e+00  0.0000e+00 -0.0000e+00 -0.0000e+00  1.9162e+01  4.7466e-01 -2.0140e+01 -4.6759e-01
-3.5250e+00     0.0000e+00  0.0000e+00 -1.5518e-01 -3.4909e-03  1.9162e+01  4.7466e-01 -2.0141e+01 -4.6760e-01
-3.5167e+00     0.0000e+00  0.0000e+00 -1.0683e+00 -2.3733e-02  1.9162e+01  4.7466e-01 -2.0146e+01 -4.6772e-01
-3.5083e+00     1.2327e-01  3.4607e-03 -2.1000e+00 -4.6132e-02  1.9162e+01  4.7468e-01 -2.0159e+01 -4.6801e-01
-3.5000e+00     1.4401e+00  3.9489e-02 -3.2501e+00 -7.0689e-02  1.9169e+01  4.7486e-01 -2.0181e+01 -4.6849e-01
-3.4917e+00     2.9390e+00  7.8633e-02 -4.5988e+00 -9.8282e-02  1.9187e+01  4.7535e-01 -2.0214e+01 -4.6920e-01
-3.4833e+00     4.7122e+00  1.1889e-01 -3.9756e+00 -7.5043e-02  1.9219e+01  4.7617e-01 -2.0249e+01 -4.6992e-01
-3.4750e+00     5.9360e+00  1.3735e-01 -4.6043e+00 -8.2616e-02  1.9263e+01  4.7723e-01 -2.0285e+01 -4.7057e-01
-3.4667e+00     6.1118e+00  1.2770e-01 -5.4818e+00 -9.5562e-02  1.9313e+01  4.7834e-01 -2.0327e+01 -4.7131e-01
-3.4583e+00     1.0899e+01  2.1275e-01 -7.4242e+00 -1.2418e-01  1.9384e+01  4.7975e-01 -2.0381e+01 -4.7223e-01
-3.4500e+00     9.0483e+00  1.7797e-01 -8.0682e+00 -1.3380e-01  1.9467e+01  4.8138e-01 -2.0445e+01 -4.7330e-01
-3.4417e+00     8.3293e+00  1.4856e-01 -9.3701e+00 -1.4755e-01  1.9539e+01  4.8274e-01 -2.0518e+01 -4.7447e-01
-3.4333e+00     6.1905e+00  1.0063e-01 -7.7953e+00 -1.1201e-01  1.9600e+01  4.8377e-01 -2.0589e+01 -4.7555e-01
-3.4250e+00     5.2244e+00  7.5947e-02 -5.8493e+00 -7.3940e-02  1.9647e+01  4.8451e-01 -2.0646e+01 -4.7632e-01
-3.4167e+00     5.1912e+00  6.7782e-02 -6.7687e+00 -7.7266e-02  1.9690e+01  4.8511e-01 -2.0698e+01 -4.7695e-01
-3.4083e+00     5.2026e+00  6.0192e-02 -9.0256e+00 -8.9264e-02  1.9734e+01  4.8564e-01 -2.0764e+01 -4.7765e-01
-3.4000e+00     5.7690e+00  5.8378e-02 -1.2454e+01 -1.0333e-01  1.9779e+01  4.8613e-01 -2.0853e+01 -4.7845e-01
-3.3917e+00     6.8034e+00  6.1526e-02 -9.0964e+00 -8.3251e-02  1.9832e+01  4.8663e-01 -2.0943e+01 -4.7922e-01
-3.3833e+00     9.0181e+00  7.6410e-02 -1.2224e+01 -1.2487e-01  1.9897e+01  4.8720e-01 -2.1032e+01 -4.8009e-01
-3.3750e+00     1.3829e+01  1.0934e-01 -4.8444e+00 -5.4608e-02  1.9993e+01  4.8798e-01 -2.1103e+01 -4.8084e-01
-3.3667e+00     5.0109e+00  3.4293e-02 -3.6200e+00 -2.5216e-02  2.0071e+01  4.8857e-01 -2.1138e+01 -4.8117e-01
-3.3583e+00     3.7885e+00  2.4066e-02 -1.1227e+01 -7.6961e-02  2.0107e+01  4.8882e-01 -2.1200e+01 -4.8159e-01
-3.3500e+00     2.5927e+00  1.5209e-02 -3.5299e+01 -2.4313e-01  2.0134e+01  4.8898e-01 -2.1393e+01 -4.8292e-01
-3.3417e+00     1.0863e+01  1.1333e-01 -3.4023e+01 -2.2740e-01  2.0190e+01  4.8951e-01 -2.1682e+01 -4.8488e-01
-3.3333e+00     1.2819e+01  1.6279e-01 -1.9830e+01 -1.1070e-01  2.0289e+01  4.9066e-01 -2.1906e+01 -4.8629e-01
-3.3250e+00     1.3085e+01  1.6617e-01 -9.1020e+00 -4.9924e-02  2.0396e+01  4.9203e-01 -2.2026e+01 -4.8696e-01
-3.3167e+00     1.8474e+01  2.5584e-01 -3.1750e+00 -5.3917e-02  2.0528e+01  4.9379e-01 -2.2077e+01 -4.8739e-01
-3.3083e+00     1.8505e+01  1.8390e-01 -9.1109e+00 -1.5125e-01  2.0681e+01  4.9562e-01 -2.2128e+01 -4.8824e-01
-3.3000e+00     2.7545e+01  1.8377e-01 -8.4234e+00 -1.4211e-01  2.0873e+01  4.9715e-01 -2.2201e+01 -4.8946e-01
-3.2917e+00     3.4364e+01  2.5309e-01 -7.1326e+00 -1.1644e-01  2.1130e+01  4.9896e-01 -2.2266e+01 -4.9054e-01
-3.2833e+00     1.8460e+01  1.5721e-01 -5.9575e+00 -9.0168e-02  2.1350e+01  5.0067e-01 -2.2320e+01 -4.9140e-01
-3.2750e+00     1.5550e+01  1.6360e-01 -6.9447e+00 -1.0556e-01  2.1492e+01  5.0200e-01 -2.2374e+01 -4.9221e-01
-3.2667e+00     2.1416e+01  2.4562e-01 -7.8454e+00 -1.1882e-01  2.1645e+01  5.0371e-01 -2.2435e+01 -4.9314e-01
-3.2583e+00     1.4129e+01  1.6637e-01 -8.6676e+00 -1.3007e-01  2.1793e+01  5.0542e-01 -2.2504e+01 -4.9418e-01
-3.2500e+00     1.1635e+01  1.4804e-01 -1.1883e+01 -1.6631e-01  2.1900e+01  5.0673e-01 -2.2590e+01 -4.9541e-01
-3.2417e+00     1.0335e+01  1.4466e-01 -1.4723e+01 -2.0311e-01  2.1992e+01  5.0795e-01 -2.2700e+01 -4.9695e-01
-3.2333e+00     6.8583e+00  9.9875e-02 -1.5796e+01 -2.0834e-01  2.2063e+01  5.0896e-01 -2.2827e+01 -4.9866e-01
-3.2250e+00     9.5149e-01  1.3961e-02 -1.2836e+01 -1.6796e-01  2.2096e+01  5.0944e-01 -2.2946e+01 -5.0023e-01
-3.2167e+00     0.0000e+00  0.0000e+00 -7.9894e+00 -1.0470e-01  2.2100e+01  5.0949e-01 -2.3033e+01 -5.0136e-01
-3.2083e+00     0.0000e+00  0.0000e+00 -3.1678e-01 -4.0842e-03  2.2100e+01  5.0949e-01 -2.3068e+01 -5.0181e-01
-3.2000e+00     0.0000e+00  0.0000e+00 -0.0000e+00 -0.0000e+00  2.2100e+01  5.0949e-01 -2.3069e+01 -5.0183e-01
-3.1917e+00     0.0000e+00  0.0000e+00 -0.0000e+00 -0.0000e+00  2.2100e+01  5.0949e-01 -2.3069e+01 -5.0183e-01
-3.1833e+00     3.3254e-01  7.0458e-04 -0.0000e+00 -0.0000e+00  2.2101e+01  5.0950e-01 -2.3069e+01 -5.0183e-01
-3.1750e+00     7.7327e+00  1.7179e-02 -0.0000e+00 -0.0000e+00  2.2135e+01  5.0957e-01 -2.3069e+01 -5.0183e-01
-3.1667e+00     1.5072e+01  3.1074e-02 -0.0000e+00 -0.0000e+00  2.2230e+01  5.0977e-01 -2.3069e+01 -5.0183e-01
-3.1583e+00     1.8810e+01  4.8039e-02 -0.0000e+00 -0.0000e+00  2.2371e+01  5.1010e-01 -2.3069e+01 -5.0183e-01
-3.1500e+00     2.4722e+01  7.8659e-02 -0.0000e+00 -0.0000e+00  2.2552e+01  5.1063e-01 -2.3069e+01 -5.0183e-01
-3.1417e+00     1.5098e+01  6.2801e-02 -0.0000e+00 -0.0000e+00  2.2717e+01  5.1122e-01 -2.3069e+01 -5.0183e-01
-3.1333e+00     1.3292e+01  6.4000e-02 -0.0000e+00 -0.0000e+00  2.2835e+01  5.1174e-01 -2.3069e+01 -5.0183e-01
-3.1250e+00     1.5800e+01  9.4899e-02 -0.0000e+00 -0.0000e+00  2.2956e+01  5.1241e-01 -2.3069e+01 -5.0183e-01
-3.1167e+00     1.2556e+01  9.7570e-02 -0.0000e+00 -0.0000e+00  2.3074e+01  5.1321e-01 -2.3069e+01 -5.0183e-01
-3.1083e+00     0.0000e+00  0.0000e+00 -0.0000e+00 -0.0000e+00  2.3127e+01  5.1361e-01 -2.3069e+01 -5.0183e-01
-3.1000e+00     0.0000e+00  0.0000e+00 -0.0000e+00 -0.0000e+00  2.3127e+01  5.1361e-01 -2.3069e+01 -5.0183e-01
-3.0917e+00     0.0000e+00  0.0000e+00 -0.0000e+00 -0.0000e+00  2.3127e+01  5.1361e-01 -2.3069e+01 -5.0183e-01
-3.0833e+00     0.0000e+00  0.0000e+00 -0.0000e+00 -0.0000e+00  2.3127e+01  5.1361e-01 -2.3069e+01 -5.0183e-01
-3.0750e+00     0.0000e+00  0.0000e+00 -0.0000e+00 -0.0000e+00  2.3127e+01  5.1361e-01 -2.3069e+01 -5.0183e-01
-3.0667e+00     0.0000e+00  0.0000e+00 -0.0000e+00 -0.0000e+00  2.3127e+01  5.1361e-01 -2.3069e+01 -5.0183e-01
-3.0583e+00     0.0000e+00  0.0000e+00 -0.0000e+00 -0.0000e+00  2.3127e+01  5.1361e-01 -2.3069e+01 -5.0183e-01
-3.0500e+00     0.0000e+00  0.0000e+00 -0.0000e+00 -0.0000e+00  2.3127e+01  5.1361e-01 -2.3069e+01 -5.0183e-01
-3.0417e+00     0.0000e+00  0.0000e+00 -0.0000e+00 -0.0000e+00  2.3127e+01  5.1361e-01 -2.3069e+01 -5.0183e-01
-3.0333e+00     0.0000e+00  0.0000e+00 -0.0000e+00 -0.0000e+00  2.3127e+01  5.1361e-01 -2.3069e+01 -5.0183e-01
-3.0250e+00     1.0017e+00  1.7778e-02 -9.9554e+00 -5.1771e-01  2.3131e+01  5.1369e-01 -2.3110e+01 -5.0398e-01
-3.0167e+00     4.1941e+00  7.2010e-02 -1.0333e+01 -5.2929e-01  2.3152e+01  5.1406e-01 -2.3195e+01 -5.0834e-01
-3.0083e+00     6.4616e+00  1.1291e-01 -1.1474e+01 -5.7303e-01  2.3197e+01  5.1483e-01 -2.3285e+01 -5.1292e-01
-3.0000e+00     5.2717e+00  1.0672e-01 -1.4760e+01 -7.2399e-01  2.3245e+01  5.1574e-01 -2.3394e+01 -5.1832e-01
-2.9917e+00     6.2360e+00  1.2518e-01 -2.4416e+01 -1.1774e+00  2.3293e+01  5.1671e-01 -2.3557e+01 -5.2623e-01
-2.9833e+00     7.2939e+00  1.4538e-01 -3.1025e+01 -1.4266e+00  2.3350e+01  5.1783e-01 -2.3788e+01 -5.3706e-01
-2.9750e+00     1.0083e+01  2.0374e-01 -1.0409e+00 -4.5408e-02  2.3422e+01  5.1928e-01 -2.3921e+01 -5.4318e-01
-2.9667e+00     1.2290e+01  2.4988e-01 -0.0000e+00 -0.0000e+00  2.3515e+01  5.2117e-01 -2.3926e+01 -5.4337e-01
-2.9583e+00     1.2876e+01  2.7260e-01 -0.0000e+00 -0.0000e+00  2.3620e+01  5.2335e-01 -2.3926e+01 -5.4337e-01
-2.9500e+00     1.5282e+01  3.3949e-01 -0.0000e+00 -0.0000e+00  2.3737e+01  5.2589e-01 -2.3926e+01 -5.4337e-01
-2.9417e+00     2.7514e+01  6.3133e-01 -0.0000e+00 -0.0000e+00  2.3915e+01  5.2993e-01 -2.3926e+01 -5.4337e-01
-2.9333e+00     8.8344e+00  1.7996e-01 -0.0000e+00 -0.0000e+00  2.4066e+01  5.3330e-01 -2.3926e+01 -5.4337e-01
-2.9250e+00     6.1419e+00  7.5381e-02 -0.0000e+00 -0.0000e+00  2.4128e+01  5.3437e-01 -2.3926e+01 -5.4337e-01
-2.9167e+00     2.1610e+00  2.6507e-02 -0.0000e+00 -0.0000e+00  2.4163e+01  5.3479e-01 -2.3926e+01 -5.4337e-01
-2.9083e+00     0.0000e+00  0.0000e+00 -0.0000e+00 -0.0000e+00  2.4172e+01  5.3490e-01 -2.3926e+01 -5.4337e-01
-2.9000e+00     1.9542e+00  6.9001e-02 -0.0000e+00 -0.0000e+00  2.4180e+01  5.3519e-01 -2.3926e+01 -5.4337e-01
-2.8917e+00     9.2887e+00  3.2430e-01 -0.0000e+00 -0.0000e+00  2.4227e+01  5.3682e-01 -2.3926e+01 -5.4337e-01
-2.8833e+00     3.0659e+01  9.3594e-01 -0.0000e+00 -0.0000e+00  2.4393e+01  5.4207e-01 -2.3926e+01 -5.4337e-01
-2.8750e+00     6.2195e+01  1.6976e+00 -0.0000e+00 -0.0000e+00  2.4779e+01  5.5302e-01 -2.3926e+01 -5.4337e-01
-2.8667e+00     1.6197e+01  4.6453e-01 -0.0000e+00 -0.0000e+00  2.5105e+01  5.6201e-01 -2.3926e+01 -5.4337e-01
-2.8583e+00     6.7428e+00  1.9148e-01 -0.0000e+00 -0.0000e+00  2.5201e+01  5.6474e-01 -2.3926e+01 -5.4337e-01
-2.8500e+00     0.0000e+00  0.0000e+00 -0.0000e+00 -0.0000e+00  2.5229e+01  5.6554e-01 -2.3926e+01 -5.4337e-01
-2.8417e+00     0.0000e+00  0.0000e+00 -0.0000e+00 -0.0000e+00  2.5229e+01  5.6554e-01 -2.3926e+01 -5.4337e-01
-2.8333e+00     0.0000e+00  0.0000e+00 -0.0000e+00 -0.0000e+00  2.5229e+01  5.6554e-01 -2.3926e+01 -5.4337e-01
-2.8250e+00     0.0000e+00  0.0000e+00 -0.0000e+00 -0.0000e+00  2.5229e+01  5.6554e-01 -2.3926e+01 -5.4337e-01
-2.8167e+00     0.0000e+00  0.0000e+00 -0.0000e+00 -0.0000e+00  2.5229e+01  5.6554e-01 -2.3926e+01 -5.4337e-01
-2.8083e+00     0.0000e+00  0.0000e+00 -0.0000e+00 -0.0000e+00  2.5229e+01  5.6554e-01 -2.3926e+01 -5.4337e-01
-2.8000e+00     0.0000e+00  0.0000e+00 -0.0000e+00 -0.0000e+00  2.5229e+01  5.6554e-01 -2.3926e+01 -5.4337e-01
-2.7917e+00     0.0000e+00  0.0000e+00 -0.0000e+00 -0.0000e+00  2.5229e+01  5.6554e-01 -2.3926e+01 -5.4337e-01
-2.7833e+00     0.0000e+00  0.0000e+00 -0.0000e+00 -0.0000e+00  2.5229e+01  5.6554e-01 -2.3926e+01 -5.4337e-01
-2.7750e+00     0.0000e+00  0.0000e+00 -0.0000e+00 -0.0000e+00  2.5229e+01  5.6554e-01 -2.3926e+01 -5.4337e-01
-2.7667e+00     0.0000e+00  0.0000e+00 -0.0000e+00 -0.0000e+00  2.5229e+01  5.6554e-01 -2.3926e+01 -5.4337e-01
-2.7583e+00     0.0000e+00  0.0000e+00 -0.0000e+00 -0.0000e+00  2.5229e+01  5.6554e-01 -2.3926e+01 -5.4337e-01
-2.7500e+00     0.0000e+00  0.0000e+00 -0.0000e+00 -0.0000e+00  2.5229e+01  5.6554e-01 -2.3926e+01 -5.4337e-01
-2.7417e+00     0.0000e+00  0.0000e+00 -0.0000e+00 -0.0000e+00  2.5229e+01  5.6554e-01 -2.3926e+01 -5.4337e-01
-2.7333e+00     0.0000e+00  0.0000e+00 -0.0000e+00 -0.0000e+00  2.5229e+01  5.6554e-01 -2.3926e+01 -5.4337e-01
-2.7250e+00     0.0000e+00  0.0000e+00 -0.0000e+00 -0.0000e+00  2.5229e+01  5.6554e-01 -2.3926e+01 -5.4337e-01
-2.7167e+00     0.0000e+00  0.0000e+00 -0.0000e+00 -0.0000e+00  2.5229e+01  5.6554e-01 -2.3926e+01 -5.4337e-01
-2.7083e+00     0.0000e+00  0.0000e+00 -0.0000e+00 -0.0000e+00  2.5229e+01  5.6554e-01 -2.3926e+01 -5.4337e-01
-2.7000e+00     0.0000e+00  0.0000e+00 -0.0000e+00 -0.0000e+00  2.5229e+01  5.6554e-01 -2.3926e+01 -5.4337e-01
-2.6917e+00     0.0000e+00  0.0000e+00 -0.0000e+00 -0.0000e+00  2.5229e+01  5.6554e-01 -2.3926e+01 -5.4337e-01
-2.6833e+00     0.0000e+00  0.0000e+00 -0.0000e+00 -0.0000e+00  2.5229e+01  5.6554e-01 -2.3926e+01 -5.4337e-01
-2.6750e+00     0.0000e+00  0.0000e+00 -9.6743e-01 -3.3582e-03  2.5229e+01  5.6554e-01 -2.3930e+01 -5.4339e-01
-2.6667e+00     0.0000e+00  0.0000e+00 -9.4522e+00 -3.0768e-02  2.5229e+01  5.6554e-01 -2.3973e+01 -5.4353e-01
-2.6583e+00     0.0000e+00  0.0000e+00 -2.0129e+01 -6.2244e-02  2.5229e+01  5.6554e-01 -2.4096e+01 -5.4392e-01
-2.6500e+00     0.0000e+00  0.0000e+00 -1.5920e+01 -5.0543e-02  2.5229e+01  5.6554e-01 -2.4246e+01 -5.4439e-01
-2.6417e+00     0.0000e+00  0.0000e+00 -1.5313e+01 -4.9472e-02  2.5229e+01  5.6554e-01 -2.4376e+01 -5.4480e-01
-2.6333e+00     0.0000e+00  0.0000e+00 -1.8916e+01 -6.9827e-02  2.5229e+01  5.6554e-01 -2.4518e+01 -5.4530e-01
-2.6250e+00     0.0000e+00  0.0000e+00 -1.4694e+01 -6.0862e-02  2.5229e+01  5.6554e-01 -2.4658e+01 -5.4584e-01
-2.6167e+00     0.0000e+00  0.0000e+00 -1.1276e+01 -3.8035e-02  2.5229e+01  5.6554e-01 -2.4766e+01 -5.4625e-01
-2.6083e+00     0.0000e+00  0.0000e+00 -0.0000e+00 -0.0000e+00  2.5229e+01  5.6554e-01 -2.4813e+01 -5.4641e-01
-2.6000e+00     0.0000e+00  0.0000e+00 -1.5274e+00 -7.0375e-03  2.5229e+01  5.6554e-01 -2.4820e+01 -5.4644e-01
-2.5917e+00     0.0000e+00  0.0000e+00 -8.5410e+00 -3.8702e-02  2.5229e+01  5.6554e-01 -2.4861e+01 -5.4663e-01
-2.5833e+00     0.0000e+00  0.0000e+00 -1.0251e+01 -4.5582e-02  2.5229e+01  5.6554e-01 -2.4940e+01 -5.4698e-01
-2.5750e+00     0.0000e+00  0.0000e+00 -1.6766e+01 -6.1035e-02  2.5229e+01  5.6554e-01 -2.5052e+01 -5.4742e-01
-2.5667e+00     0.0000e+00  0.0000e+00 -1.5071e+01 -5.5238e-02  2.5229e+01  5.6554e-01 -2.5184e+01 -5.4791e-01
-2.5583e+00     0.0000e+00  0.0000e+00 -1.5064e+01 -6.5043e-02  2.5229e+01  5.6554e-01 -2.5310e+01 -5.4841e-01
-2.5500e+00     0.0000e+00  0.0000e+00 -1.1303e+01 -4.6385e-02  2.5229e+01  5.6554e-01 -2.5419e+01 -5.4887e-01
-2.5417e+00     0.0000e+00  0.0000e+00 -6.2961e+00 -2.3885e-02  2.5229e+01  5.6554e-01 -2.5493e+01 -5.4916e-01
-2.5333e+00     0.0000e+00  0.0000e+00 -5.3030e+00 -2.0028e-02  2.5229e+01  5.6554e-01 -2.5541e+01 -5.4935e-01
-2.5250e+00     0.0000e+00  0.0000e+00 -4.8987e+00 -1.8507e-02  2.5229e+01  5.6554e-01 -2.5583e+01 -5.4951e-01
-2.5167e+00     0.0000e+00  0.0000e+00 -4.4680e+00 -1.6940e-02  2.5229e+01  5.6554e-01 -2.5622e+01 -5.4965e-01
-2.5083e+00     0.0000e+00  0.0000e+00 -4.0110e+00 -1.5325e-02  2.5229e+01  5.6554e-01 -2.5658e+01 -5.4979e-01
-2.5000e+00     0.0000e+00  0.0000e+00 -3.5275e+00 -1.3664e-02  2.5229e+01  5.6554e-01 -2.5689e+01 -5.4991e-01
-2.4917e+00     0.0000e+00  0.0000e+00 -4.3938e+00 -1.6078e-02  2.5229e+01  5.6554e-01 -2.5722e+01 -5.5003e-01
-2.4833e+00     0.0000e+00  0.0000e+00 -3.6221e+00 -1.2665e-02  2.5229e+01  5.6554e-01 -2.5755e+01 -5.5015e-01
-2.4750e+00     0.0000e+00  0.0000e+00 -2.3273e+00 -8.3675e-03  2.5229e+01  5.6554e-01 -2.5780e+01 -5.5024e-01
-2.4667e+00     0.0000e+00  0.0000e+00 -1.1664e+00 -4.3235e-03  2.5229e+01  5.6554e-01 -2.5795e+01 -5.5029e-01
-2.4583e+00     0.0000e+00  0.0000e+00 -1.3924e-01 -5.3275e-04  2.5229e+01  5.6554e-01 -2.5800e+01 -5.5031e-01
-2.4500e+00     0.0000e+00  0.0000e+00 -0.0000e+00 -0.0000e+00  2.5229e+01  5.6554e-01 -2.5801e+01 -5.5032e-01
-2.4417e+00     0.0000e+00  0.0000e+00 -7.0156e+00 -3.4629e-02  2.5229e+01  5.6554e-01 -2.5830e+01 -5.5046e-01
-2.4333e+00     0.0000e+00  0.0000e+00 -1.3882e+01 -7.7964e-02  2.5229e+01  5.6554e-01 -2.5917e+01 -5.5093e-01
-2.4250e+00     5.3962e+00  2.2166e-02 -1.1484e+01 -6.2112e-02  2.5251e+01  5.6563e-01 -2.6022e+01 -5.5151e-01
-2.4167e+00     1.5482e+01  6.5005e-02 -1.2839e+01 -5.8999e-02  2.5338e+01  5.6599e-01 -2.6123e+01 -5.5201e-01
-2.4083e+00     2.3575e+01  1.1365e-01 -1.2629e+01 -5.9485e-02  2.5500e+01  5.6674e-01 -2.6229e+01 -5.5251e-01
-2.4000e+00     1.9430e+01  9.8848e-02 -1.1362e+01 -5.6279e-02  2.5679e+01  5.6762e-01 -2.6329e+01 -5.5299e-01
-2.3917e+00     1.9875e+01  1.0517e-01 -9.2834e+00 -4.8839e-02  2.5843e+01  5.6847e-01 -2.6415e+01 -5.5343e-01
-2.3833e+00     1.0863e+01  4.3831e-02 -6.5903e+00 -3.3536e-02  2.5971e+01  5.6909e-01 -2.6481e+01 -5.5377e-01
-2.3750e+00     9.3198e+00  3.5490e-02 -5.9926e+00 -2.5691e-02  2.6055e+01  5.6942e-01 -2.6533e+01 -5.5402e-01
-2.3667e+00     7.4590e+00  2.5037e-02 -5.4494e+00 -2.3316e-02  2.6124e+01  5.6967e-01 -2.6581e+01 -5.5422e-01
-2.3583e+00     5.9707e+00  1.5518e-02 -4.8832e+00 -2.0821e-02  2.6180e+01  5.6984e-01 -2.6624e+01 -5.5440e-01
-2.3500e+00     2.5380e+00  6.5573e-03 -4.2957e+00 -1.8170e-02  2.6216e+01  5.6993e-01 -2.6662e+01 -5.5456e-01
-2.3417e+00     3.5412e-01  5.8518e-03 -4.1936e+00 -1.6977e-02  2.6228e+01  5.6998e-01 -2.6697e+01 -5.5471e-01
-2.3333e+00     6.2462e+00  1.0127e-01 -7.1745e+00 -4.7317e-02  2.6255e+01  5.7043e-01 -2.6745e+01 -5.5498e-01
-2.3250e+00     5.9082e+00  1.0095e-01 -2.1175e+01 -1.3969e-01  2.6306e+01  5.7127e-01 -2.6863e+01 -5.5576e-01
-2.3167e+00     6.4347e+00  1.1453e-01 -3.3248e+01 -2.0095e-01  2.6357e+01  5.7217e-01 -2.7089e+01 -5.5717e-01
-2.3083e+00     6.4793e+00  1.1511e-01 -1.8822e+01 -8.7344e-02  2.6411e+01  5.7312e-01 -2.7306e+01 -5.5837e-01
-2.3000e+00     7.4043e+00  1.2998e-01 -2.3712e+01 -8.3701e-02  2.6469e+01  5.7414e-01 -2.7483e+01 -5.5908e-01
-2.2917e+00     9.3179e+00  1.6244e-01 -1.9151e+01 -7.2694e-02  2.6538e+01  5.7536e-01 -2.7661e+01 -5.5973e-01
-2.2833e+00     1.1575e+01  1.9591e-01 -1.8174e+01 -7.6062e-02  2.6625e+01  5.7685e-01 -2.7816e+01 -5.6035e-01
-2.2750e+00     1.4505e+01  2.3475e-01 -3.6923e+00 -3.8996e-02  2.6734e+01  5.7864e-01 -2.7907e+01 -5.6083e-01
-2.2667e+00     1.2052e+01  2.0353e-01 -4.2535e+00 -4.9593e-02  2.6844e+01  5.8046e-01 -2.7940e+01 -5.6120e-01
-2.2583e+00     9.4408e+00  1.6238e-01 -4.8131e+00 -6.3308e-02  2.6933e+01  5.8199e-01 -2.7978e+01 -5.6167e-01
-2.2500e+00     9.6397e+00  1.6718e-01 -5.2121e+00 -7.8051e-02  2.7013e+01  5.8336e-01 -2.8020e+01 -5.6226e-01
-2.2417e+00     8.4233e+00  1.6231e-01 -6.2778e+00 -1.1526e-01  2.7088e+01  5.8473e-01 -2.8067e+01 -5.6306e-01
-2.2333e+00     9.5625e+00  1.9406e-01 -7.4715e+00 -1.5795e-01  2.7163e+01  5.8621e-01 -2.8124e+01 -5.6420e-01
-2.2250e+00     1.0382e+01  2.1935e-01 -8.9804e+00 -2.0695e-01  2.7246e+01  5.8793e-01 -2.8193e+01 -5.6572e-01
-2.2167e+00     1.0814e+01  2.3862e-01 -8.9826e+00 -2.1380e-01  2.7334e+01  5.8983e-01 -2.8268e+01 -5.6747e-01
-2.2083e+00     1.0871e+01  2.4934e-01 -7.3493e+00 -1.5965e-01  2.7424e+01  5.9186e-01 -2.8336e+01 -5.6902e-01
-2.2000e+00     1.2399e+01  3.0171e-01 -7.0494e+00 -1.4616e-01  2.7521e+01  5.9416e-01 -2.8395e+01 -5.7029e-01
-2.1917e+00     1.1834e+01  3.1290e-01 -7.8665e+00 -1.6124e-01  2.7622e+01  5.9671e-01 -2.8458e+01 -5.7157e-01
-2.1833e+00     1.2126e+01  3.2746e-01 -8.6974e+00 -1.7400e-01  2.7721e+01  5.9938e-01 -2.8526e+01 -5.7297e-01
-2.1750e+00     1.1927e+01  2.4299e-01 -9.6542e+00 -1.8625e-01  2.7821e+01  6.0175e-01 -2.8603e+01 -5.7446e-01
-2.1667e+00     1.4138e+01  1.7672e-01 -7.7774e+00 -1.7450e-01  2.7930e+01  6.0350e-01 -2.8675e+01 -5.7596e-01
-2.1583e+00     7.6352e+00  1.2349e-01 -8.0133e+00 -1.9310e-01  2.8020e+01  6.0474e-01 -2.8741e+01 -5.7749e-01
-2.1500e+00     6.8943e+00  1.0880e-01 -5.7246e+00 -1.4837e-01  2.8081e+01  6.0571e-01 -2.8798e+01 -5.7891e-01
-2.1417e+00     7.1565e+00  1.0387e-01 -2.1488e+00 -5.9795e-02  2.8139e+01  6.0659e-01 -2.8831e+01 -5.7978e-01
-2.1333e+00     4.2475e+00  6.0391e-02 -0.0000e+00 -0.0000e+00  2.8187e+01  6.0728e-01 -2.8840e+01 -5.8003e-01
-2.1250e+00     1.9618e+00  2.8343e-02 -0.0000e+00 -0.0000e+00  2.8213e+01  6.0765e-01 -2.8840e+01 -5.8003e-01
-2.1167e+00     1.4283e-01  2.0563e-03 -0.0000e+00 -0.0000e+00  2.8221e+01  6.0777e-01 -2.8840e+01 -5.8003e-01
-2.1083e+00     0.0000e+00  0.0000e+00 -0.0000e+00 -0.0000e+00  2.8222e+01  6.0778e-01 -2.8840e+01 -5.8003e-01
-2.1000e+00     0.0000e+00  0.0000e+00 -0.0000e+00 -0.0000e+00  2.8222e+01  6.0778e-01 -2.8840e+01 -5.8003e-01
-2.0917e+00     0.0000e+00  0.0000e+00 -0.0000e+00 -0.0000e+00  2.8222e+01  6.0778e-01 -2.8840e+01 -5.8003e-01
-2.0833e+00     0.0000e+00  0.0000e+00 -0.0000e+00 -0.0000e+00  2.8222e+01  6.0778e-01 -2.8840e+01 -5.8003e-01
-2.0750e+00     0.0000e+00  0.0000e+00 -0.0000e+00 -0.0000e+00  2.8222e+01  6.0778e-01 -2.8840e+01 -5.8003e-01
-2.0667e+00     0.0000e+00  0.0000e+00 -0.0000e+00 -0.0000e+00  2.8222e+01  6.0778e-01 -2.8840e+01 -5.8003e-01
-2.0583e+00     0.0000e+00  0.0000e+00 -0.0000e+00 -0.0000e+00  2.8222e+01  6.0778e-01 -2.8840e+01 -5.8003e-01
-2.0500e+00     0.0000e+00  0.0000e+00 -0.0000e+00 -0.0000e+00  2.8222e+01  6.0778e-01 -2.8840e+01 -5.8003e-01
-2.0417e+00     0.0000e+00  0.0000e+00 -0.0000e+00 -0.0000e+00  2.8222e+01  6.0778e-01 -2.8840e+01 -5.8003e-01
-2.0333e+00     0.0000e+00  0.0000e+00 -0.0000e+00 -0.0000e+00  2.8222e+01  6.0778e-01 -2.8840e+01 -5.8003e-01
-2.0250e+00     4.3649e-01  1.2008e-02 -0.0000e+00 -0.0000e+00  2.8224e+01  6.0783e-01 -2.8840e+01 -5.8003e-01
-2.0167e+00     1.6816e+00  4.5366e-02 -2.9906e-01 -1.7428e-02  2.8233e+01  6.0807e-01 -2.8841e+01 -5.8010e-01
-2.0083e+00     7.6574e+00  2.2137e-01 -8.9679e-01 -5.9247e-02  2.8271e+01  6.0918e-01 -2.8846e+01 -5.8042e-01
-2.0000e+00     2.5858e+01  7.3275e-01 -4.6572e+00 -5.7515e-01  2.8411e+01  6.1315e-01 -2.8869e+01 -5.8306e-01
-1.9917e+00     4.0171e+01  1.2082e+00 -1.1763e+01 -1.5234e+00  2.8685e+01  6.2122e-01 -2.8937e+01 -5.9179e-01
-1.9833e+00     2.2593e+01  6.0559e-01 -1.4023e+01 -1.7816e+00  2.8947e+01  6.2877e-01 -2.9045e+01 -6.0554e-01
-1.9750e+00     1.0539e+01  2.2936e-01 -1.4382e+01 -1.8770e+00  2.9084e+01  6.3224e-01 -2.9163e+01 -6.2076e-01
-1.9667e+00     8.1759e+00  1.5627e-01 -1.0857e+01 -1.4474e+00  2.9162e+01  6.3385e-01 -2.9268e+01 -6.3458e-01
-1.9583e+00     2.4975e+00  1.0248e-01 -1.0473e+01 -1.3635e+00  2.9207e+01  6.3492e-01 -2.9357e+01 -6.4628e-01
-1.9500e+00     1.1007e+01  1.1146e+00 -1.1165e+01 -1.4360e+00  2.9263e+01  6.3998e-01 -2.9447e+01 -6.5792e-01
-1.9417e+00     2.1943e+01  2.0042e+00 -2.1409e+01 -2.7713e+00  2.9400e+01  6.5296e-01 -2.9582e+01 -6.7542e-01
-1.9333e+00     2.4270e+01  1.7030e+00 -1.0848e+01 -1.3569e+00  2.9592e+01  6.6838e-01 -2.9716e+01 -6.9260e-01
-1.9250e+00     1.6395e+01  1.3131e+00 -1.0239e+01 -1.2714e+00  2.9761e+01  6.8092e-01 -2.9804e+01 -7.0353e-01
-1.9167e+00     1.4472e+01  1.2205e+00 -6.1199e+00 -7.6239e-01  2.9890e+01  6.9146e-01 -2.9872e+01 -7.1199e-01
-1.9083e+00     1.3889e+01  1.2139e+00 -0.0000e+00 -0.0000e+00  3.0008e+01  7.0159e-01 -2.9897e+01 -7.1516e-01
-1.9000e+00     1.4726e+01  1.1971e+00 -0.0000e+00 -0.0000e+00  3.0127e+01  7.1162e-01 -2.9897e+01 -7.1516e-01
-1.8917e+00     3.2561e+00  2.0538e-01 -0.0000e+00 -0.0000e+00  3.0201e+01  7.1745e-01 -2.9897e+01 -7.1516e-01
-1.8833e+00     4.8782e+00  1.4691e-01 -7.2408e+00 -3.0257e-01  3.0235e+01  7.1892e-01 -2.9928e+01 -7.1642e-01
-1.8750e+00     9.2340e+00  2.7872e-01 -1.5033e+01 -6.0438e-01  3.0294e+01  7.2069e-01 -3.0020e+01 -7.2019e-01
-1.8667e+00     1.4364e+01  4.1150e-01 -1.0284e+01 -4.4559e-01  3.0392e+01  7.2356e-01 -3.0126e+01 -7.2456e-01
-1.8583e+00     1.2376e+01  4.2968e-01 -1.5121e+01 -7.3356e-01  3.0503e+01  7.2706e-01 -3.0231e+01 -7.2946e-01
-1.8500e+00     1.7762e+01  7.7649e-01 -2.4855e+01 -1.3305e+00  3.0629e+01  7.3208e-01 -3.0398e+01 -7.3805e-01
-1.8417e+00     3.4951e+01  2.0314e+00 -2.8734e+01 -1.5779e+00  3.0848e+01  7.4376e-01 -3.0620e+01 -7.5015e-01
-1.8333e+00     1.7243e+01  6.4333e-01 -1.5522e+01 -4.0929e-01  3.1065e+01  7.5488e-01 -3.0805e+01 -7.5841e-01
-1.8250e+00     1.0765e+01  3.7801e-01 -3.2852e+00 -5.3715e-02  3.1182e+01  7.5913e-01 -3.0883e+01 -7.6034e-01
-1.8167e+00     3.5796e+00  7.9244e-02 -7.5438e+00 -9.9300e-02  3.1241e+01  7.6103e-01 -3.0928e+01 -7.6098e-01
-1.8083e+00     1.2997e+01  2.1145e-01 -1.7149e+01 -2.6306e-01  3.1310e+01  7.6224e-01 -3.1031e+01 -7.6248e-01
-1.8000e+00     2.2241e+01  3.8789e-01 -2.4836e+01 -4.2547e-01  3.1457e+01  7.6474e-01 -3.1205e+01 -7.6535e-01
-1.7917e+00     2.2774e+01  5.3074e-01 -2.3126e+01 -5.9838e-01  3.1644e+01  7.6856e-01 -3.1405e+01 -7.6961e-01
-1.7833e+00     2.6328e+01  7.2536e-01 -2.1454e+01 -6.1041e-01  3.1848e+01  7.7378e-01 -3.1590e+01 -7.7463e-01
-1.7750e+00     2.4786e+01  6.7621e-01 -1.6938e+01 -3.2246e-01  3.2061e+01  7.7961e-01 -3.1750e+01 -7.7852e-01
-1.7667e+00     8.2916e+00  1.8366e-01 -1.0527e+01 -1.5230e-01  3.2199e+01  7.8319e-01 -3.1864e+01 -7.8049e-01
-1.7583e+00     1.8506e+00  8.1828e-03 -8.9336e+00 -1.1445e-01  3.2241e+01  7.8399e-01 -3.1945e+01 -7.8160e-01
-1.7500e+00     1.8630e+01  4.2475e-01 -3.1351e+01 -2.6852e-01  3.2326e+01  7.8579e-01 -3.2113e+01 -7.8319e-01
-1.7417e+00     2.8546e+01  3.4852e-01 -2.5651e+01 -2.2655e-01  3.2522e+01  7.8901e-01 -3.2350e+01 -7.8525e-01
-1.7333e+00     3.2381e+01  2.6268e-01 -3.3400e+01 -3.1447e-01  3.2776e+01  7.9155e-01 -3.2595e+01 -7.8750e-01
-1.7250e+00     2.6343e+01  1.8337e-01 -1.3655e+01 -1.1343e-01  3.3020e+01  7.9340e-01 -3.2791e+01 -7.8928e-01
-1.7167e+00     1.8746e+01  1.4564e-01 -9.8581e+00 -5.3473e-02  3.3207e+01  7.9477e-01 -3.2889e+01 -7.8998e-01
-1.7083e+00     8.7565e+00  7.1115e-02 -1.1380e+01 -7.9271e-02  3.3322e+01  7.9567e-01 -3.2977e+01 -7.9053e-01
-1.7000e+00     5.0238e+00  4.8274e-02 -6.8591e+00 -6.2074e-02  3.3379e+01  7.9617e-01 -3.3053e+01 -7.9112e-01
-1.6917e+00     5.7975e+00  5.6183e-02 -4.5833e+00 -5.6548e-02  3.3424e+01  7.9660e-01 -3.3101e+01 -7.9161e-01
-1.6833e+00     6.8907e+00  6.6914e-02 -5.0910e+00 -6.3846e-02  3.3477e+01  7.9712e-01 -3.3141e+01 -7.9211e-01
-1.6750e+00     1.0742e+01  9.5338e-02 -5.9365e+00 -7.3775e-02  3.3550e+01  7.9779e-01 -3.3187e+01 -7.9268e-01
-1.6667e+00     1.9218e+01  1.8436e-01 -6.9263e+00 -8.5681e-02  3.3675e+01  7.9895e-01 -3.3240e+01 -7.9335e-01
-1.6583e+00     2.1896e+01  1.9881e-01 -1.2352e+01 -1.8977e-01  3.3846e+01  8.0055e-01 -3.3321e+01 -7.9449e-01
-1.6500e+00     2.5062e+01  2.1230e-01 -1.2080e+01 -1.8398e-01  3.4041e+01  8.0226e-01 -3.3422e+01 -7.9605e-01
-1.6417e+00     2.1514e+01  1.6968e-01 -1.2928e+01 -1.6794e-01  3.4235e+01  8.0385e-01 -3.3526e+01 -7.9751e-01
-1.6333e+00     1.9401e+01  1.6121e-01 -1.1433e+01 -1.2466e-01  3.4405e+01  8.0522e-01 -3.3627e+01 -7.9873e-01
-1.6250e+00     2.1502e+01  1.8478e-01 -1.2081e+01 -1.0604e-01  3.4575e+01  8.0666e-01 -3.3725e+01 -7.9969e-01
-1.6167e+00     1.2966e+01  1.3507e-01 -1.5409e+01 -1.3273e-01  3.4719e+01  8.0799e-01 -3.3840e+01 -8.0068e-01
-1.6083e+00     1.1910e+01  1.1368e-01 -2.0096e+01 -1.7253e-01  3.4822e+01  8.0903e-01 -3.3987e+01 -8.0195e-01
-1.6000e+00     1.5795e+01  9.8942e-02 -1.5990e+01 -1.2617e-01  3.4937e+01  8.0991e-01 -3.4137e+01 -8.0319e-01
-1.5917e+00     1.5783e+01  1.0020e-01 -1.1371e+01 -8.2878e-02  3.5069e+01  8.1074e-01 -3.4251e+01 -8.0406e-01
-1.5833e+00     1.0649e+01  7.3594e-02 -1.0259e+01 -6.9329e-02  3.5179e+01  8.1146e-01 -3.4341e+01 -8.0470e-01
-1.5750e+00     8.8647e+00  5.7829e-02 -1.2663e+01 -7.4311e-02  3.5260e+01  8.1201e-01 -3.4437e+01 -8.0529e-01
-1.5667e+00     8.7199e+00  5.0895e-02 -1.9263e+01 -1.1041e-01  3.5333e+01  8.1246e-01 -3.4569e+01 -8.0606e-01
-1.5583e+00     7.7179e+00  4.3762e-02 -2.1935e+01 -1.2905e-01  3.5401e+01  8.1286e-01 -3.4741e+01 -8.0706e-01
-1.5500e+00     5.4826e+00  3.2714e-02 -2.1349e+01 -1.3014e-01  3.5456e+01  8.1318e-01 -3.4921e+01 -8.0814e-01
-1.5417e+00     4.4303e+00  2.8851e-02 -1.0512e+01 -8.3539e-02  3.5498e+01  8.1343e-01 -3.5053e+01 -8.0903e-01
-1.5333e+00     4.4054e+00  3.0281e-02 -3.9725e+00 -1.8667e-02  3.5534e+01  8.1368e-01 -3.5114e+01 -8.0945e-01
-1.5250e+00     4.8720e+00  3.6823e-02 -3.9964e+00 -2.0353e-02  3.5573e+01  8.1396e-01 -3.5147e+01 -8.0961e-01
-1.5167e+00     5.6903e+00  4.5856e-02 -4.1987e+00 -2.3016e-02  3.5617e+01  8.1430e-01 -3.5181e+01 -8.0979e-01
-1.5083e+00     6.6923e+00  5.6555e-02 -4.5904e+00 -2.7680e-02  3.5668e+01  8.1473e-01 -3.5217e+01 -8.1000e-01
-1.5000e+00     7.7977e+00  6.8300e-02 -5.2537e+00 -3.5364e-02  3.5729e+01  8.1525e-01 -3.5258e+01 -8.1027e-01
-1.4917e+00     1.1351e+01  1.0234e-01 -6.2467e+00 -4.5232e-02  3.5808e+01  8.1596e-01 -3.5306e+01 -8.1060e-01
-1.4833e+00     1.6491e+01  1.4810e-01 -9.6340e+00 -7.1104e-02  3.5924e+01  8.1700e-01 -3.5372e+01 -8.1109e-01
-1.4750e+00     1.3011e+01  1.1985e-01 -1.3590e+01 -1.0300e-01  3.6047e+01  8.1811e-01 -3.5469e+01 -8.1181e-01
-1.4667e+00     1.4863e+01  1.4455e-01 -1.2841e+01 -9.7562e-02  3.6163e+01  8.1921e-01 -3.5579e+01 -8.1264e-01
-1.4583e+00     1.3112e+01  1.1736e-01 -1.2035e+01 -9.2262e-02  3.6279e+01  8.2030e-01 -3.5682e+01 -8.1343e-01
-1.4500e+00     1.3317e+01  1.1719e-01 -1.1473e+01 -9.0443e-02  3.6389e+01  8.2128e-01 -3.5780e+01 -8.1419e-01
-1.4417e+00     1.2407e+01  1.0586e-01 -1.4020e+01 -1.2337e-01  3.6496e+01  8.2220e-01 -3.5886e+01 -8.1508e-01
-1.4333e+00     8.6389e+00  7.4946e-02 -2.3260e+01 -1.9844e-01  3.6584e+01  8.2296e-01 -3.6041e+01 -8.1642e-01
-1.4250e+00     5.9391e+00  5.0470e-02 -1.0522e+01 -8.3424e-02  3.6644e+01  8.2348e-01 -3.6182e+01 -8.1759e-01
-1.4167e+00     6.8791e+00  5.6047e-02 -4.5046e+00 -3.6919e-02  3.6698e+01  8.2392e-01 -3.6244e+01 -8.1810e-01
-1.4083e+00     8.3964e+00  6.7250e-02 -5.0177e+00 -4.0094e-02  3.6761e+01  8.2443e-01 -3.6284e+01 -8.1842e-01
-1.4000e+00     8.7185e+00  7.3729e-02 -5.5612e+00 -4.3463e-02  3.6832e+01  8.2502e-01 -3.6328e+01 -8.1876e-01
-1.3917e+00     1.1060e+01  9.2765e-02 -6.3453e+00 -4.9662e-02  3.6915e+01  8.2571e-01 -3.6377e+01 -8.1915e-01
-1.3833e+00     1.3021e+01  1.0883e-01 -1.0876e+01 -7.6065e-02  3.7015e+01  8.2655e-01 -3.6449e+01 -8.1967e-01
-1.3750e+00     1.5790e+01  1.3336e-01 -1.2788e+01 -9.4778e-02  3.7135e+01  8.2756e-01 -3.6547e+01 -8.2038e-01
-1.3667e+00     1.7189e+01  1.4395e-01 -1.5611e+01 -1.1272e-01  3.7272e+01  8.2871e-01 -3.6666e+01 -8.2125e-01
-1.3583e+00     1.8451e+01  1.5386e-01 -1.8452e+01 -1.3353e-01  3.7420e+01  8.2995e-01 -3.6807e+01 -8.2227e-01
-1.3500e+00     2.0900e+01  1.6475e-01 -2.0462e+01 -1.5016e-01  3.7584e+01  8.3128e-01 -3.6969e+01 -8.2345e-01
-1.3417e+00     1.7467e+01  1.3133e-01 -2.2009e+01 -1.7127e-01  3.7743e+01  8.3251e-01 -3.7146e+01 -8.2479e-01
-1.3333e+00     1.4200e+01  9.8508e-02 -1.7132e+01 -1.2319e-01  3.7875e+01  8.3346e-01 -3.7309e+01 -8.2601e-01
-1.3250e+00     1.6304e+01  1.1640e-01 -1.2848e+01 -9.1680e-02  3.8002e+01  8.3436e-01 -3.7433e+01 -8.2691e-01
-1.3167e+00     1.7697e+01  1.2158e-01 -1.4070e+01 -9.7521e-02  3.8143e+01  8.3535e-01 -3.7545e+01 -8.2769e-01
-1.3083e+00     1.8431e+01  1.1710e-01 -1.6351e+01 -1.1215e-01  3.8294e+01  8.3634e-01 -3.7672e+01 -8.2857e-01
-1.3000e+00     1.7577e+01  1.0907e-01 -1.9063e+01 -1.3097e-01  3.8444e+01  8.3728e-01 -3.7819e+01 -8.2958e-01
-1.2917e+00     1.4771e+01  8.9306e-02 -1.9143e+01 -1.2923e-01  3.8578e+01  8.3811e-01 -3.7978e+01 -8.3066e-01
-1.2833e+00     1.9188e+01  1.1724e-01 -1.6996e+01 -1.1324e-01  3.8719e+01  8.3897e-01 -3.8128e+01 -8.3167e-01
-1.2750e+00     2.1976e+01  1.3264e-01 -1.4739e+01 -9.4628e-02  3.8891e+01  8.4001e-01 -3.8260e+01 -8.3253e-01
-1.2667e+00     1.9770e+01  1.1467e-01 -1.9809e+01 -1.2266e-01  3.9064e+01  8.4103e-01 -3.8404e+01 -8.3344e-01
-1.2583e+00     1.9583e+01  1.1802e-01 -1.9284e+01 -1.1568e-01  3.9228e+01  8.4200e-01 -3.8567e+01 -8.3443e-01
-1.2500e+00     1.8926e+01  1.1507e-01 -2.1549e+01 -1.3172e-01  3.9388e+01  8.4297e-01 -3.8737e+01 -8.3546e-01
-1.2417e+00     1.2125e+01  7.5220e-02 -2.0591e+01 -1.2912e-01  3.9517e+01  8.4376e-01 -3.8912e+01 -8.3654e-01
-1.2333e+00     1.2011e+01  7.2191e-02 -1.5224e+01 -8.8953e-02  3.9618e+01  8.4438e-01 -3.9061e+01 -8.3745e-01
-1.2250e+00     1.3203e+01  7.9347e-02 -1.3427e+01 -7.5250e-02  3.9723e+01  8.4501e-01 -3.9180e+01 -8.3813e-01
-1.2167e+00     1.4339e+01  8.3844e-02 -1.5746e+01 -8.6964e-02  3.9837e+01  8.4569e-01 -3.9301e+01 -8.3881e-01
-1.2083e+00     1.7606e+01  1.0171e-01 -1.5775e+01 -9.4132e-02  3.9970e+01  8.4646e-01 -3.9433e+01 -8.3956e-01
-1.2000e+00     2.5477e+01  1.4751e-01 -1.7717e+01 -1.0894e-01  4.0149e+01  8.4749e-01 -3.9572e+01 -8.4041e-01
-1.1917e+00     1.9983e+01  1.1354e-01 -2.0401e+01 -1.2548e-01  4.0338e+01  8.4858e-01 -3.9730e+01 -8.4138e-01
-1.1833e+00     1.6268e+01  9.6582e-02 -1.8457e+01 -1.0721e-01  4.0489e+01  8.4945e-01 -3.9892e+01 -8.4235e-01
-1.1750e+00     1.3075e+01  8.7244e-02 -1.9731e+01 -1.0563e-01  4.0611e+01  8.5022e-01 -4.0051e+01 -8.4323e-01
-1.1667e+00     1.5652e+01  1.0089e-01 -1.4041e+01 -8.6863e-02  4.0731e+01  8.5100e-01 -4.0191e+01 -8.4403e-01
-1.1583e+00     1.7352e+01  9.9517e-02 -1.4631e+01 -9.2713e-02  4.0868e+01  8.5184e-01 -4.0311e+01 -8.4478e-01
-1.1500e+00     1.8225e+01  1.0507e-01 -2.3948e+01 -1.2204e-01  4.1016e+01  8.5269e-01 -4.0471e+01 -8.4568e-01
-1.1417e+00     1.5012e+01  8.7890e-02 -1.8224e+01 -1.0212e-01  4.1154e+01  8.5349e-01 -4.0647e+01 -8.4661e-01
-1.1333e+00     1.3376e+01  7.8922e-02 -1.5458e+01 -8.8332e-02  4.1272e+01  8.5418e-01 -4.0787e+01 -8.4740e-01
-1.1250e+00     1.2421e+01  7.5910e-02 -1.4089e+01 -8.3815e-02  4.1380e+01  8.5483e-01 -4.0910e+01 -8.4812e-01
-1.1167e+00     1.2286e+01  7.6548e-02 -1.2847e+01 -7.8892e-02  4.1482e+01  8.5546e-01 -4.1022e+01 -8.4879e-01
-1.1083e+00     1.2881e+01  8.0134e-02 -1.2685e+01 -7.8195e-02  4.1587e+01  8.5611e-01 -4.1128e+01 -8.4945e-01
-1.1000e+00     1.3802e+01  8.5082e-02 -1.2745e+01 -7.8770e-02  4.1698e+01  8.5680e-01 -4.1234e+01 -8.5010e-01
-1.0917e+00     1.4945e+01  9.0431e-02 -1.3882e+01 -8.5746e-02  4.1818e+01  8.5753e-01 -4.1344e+01 -8.5078e-01
-1.0833e+00     1.7702e+01  1.0975e-01 -1.5107e+01 -9.3007e-02  4.1953e+01  8.5836e-01 -4.1465e+01 -8.5153e-01
-1.0750e+00     1.9616e+01  1.2747e-01 -1.6306e+01 -9.8528e-02  4.2109e+01  8.5935e-01 -4.1596e+01 -8.5232e-01
-1.0667e+00     1.8986e+01  1.2453e-01 -2.1895e+01 -1.5317e-01  4.2269e+01  8.6040e-01 -4.1755e+01 -8.5337e-01
-1.0583e+00     1.7481e+01  1.0889e-01 -2.1281e+01 -1.5147e-01  4.2421e+01  8.6137e-01 -4.1934e+01 -8.5464e-01
-1.0500e+00     1.7144e+01  1.0194e-01 -1.8775e+01 -1.2450e-01  4.2565e+01  8.6225e-01 -4.2101e+01 -8.5579e-01
-1.0417e+00     1.8445e+01  1.0888e-01 -1.7833e+01 -1.1274e-01  4.2713e+01  8.6312e-01 -4.2253e+01 -8.5677e-01
-1.0333e+00     2.2644e+01  1.3118e-01 -1.8919e+01 -1.1489e-01  4.2884e+01  8.6412e-01 -4.2406e+01 -8.5772e-01
-1.0250e+00     2.4282e+01  1.4040e-01 -2.3335e+01 -1.3164e-01  4.3079e+01  8.6525e-01 -4.2582e+01 -8.5875e-01
-1.0167e+00     2.2173e+01  1.2968e-01 -2.1928e+01 -1.1944e-01  4.3272e+01  8.6638e-01 -4.2770e+01 -8.5979e-01
-1.0083e+00     2.2027e+01  1.3156e-01 -2.1559e+01 -1.1705e-01  4.3456e+01  8.6746e-01 -4.2951e+01 -8.6077e-01
-1.0000e+00     2.4408e+01  1.4602e-01 -2.1790e+01 -1.2189e-01  4.3649e+01  8.6862e-01 -4.3131e+01 -8.6177e-01
-9.9167e-01     2.2928e+01  1.3195e-01 -2.2876e+01 -1.2625e-01  4.3846e+01  8.6977e-01 -4.3317e+01 -8.6280e-01
-9.8333e-01     1.9698e+01  1.0994e-01 -2.3386e+01 -1.2550e-01  4.4024e+01  8.7078e-01 -4.3509e+01 -8.6385e-01
-9.7500e-01     1.8542e+01  9.6723e-02 -2.0497e+01 -1.0867e-01  4.4183e+01  8.7164e-01 -4.3692e+01 -8.6482e-01
-9.6667e-01     1.8419e+01  9.3906e-02 -1.8584e+01 -9.0365e-02  4.4336e+01  8.7243e-01 -4.3855e+01 -8.6565e-01
-9.5833e-01     1.8538e+01  9.1722e-02 -1.8742e+01 -8.9444e-02  4.4490e+01  8.7320e-01 -4.4010e+01 -8.6640e-01
-9.5000e-01     1.9413e+01  8.9251e-02 -1.8023e+01 -8.2370e-02  4.4648e+01  8.7396e-01 -4.4163e+01 -8.6711e-01
-9.4167e-01     1.9725e+01  8.9577e-02 -2.1075e+01 -9.2380e-02  4.4811e+01  8.7470e-01 -4.4325e+01 -8.6784e-01
-9.3333e-01     1.7634e+01  7.9679e-02 -2.2770e+01 -9.9280e-02  4.4966e+01  8.7540e-01 -4.4508e+01 -8.6864e-01
-9.2500e-01     1.8185e+01  7.9639e-02 -1.9636e+01 -8.3487e-02  4.5115e+01  8.7607e-01 -4.4684e+01 -8.6940e-01
-9.1667e-01     1.9136e+01  8.1444e-02 -2.0766e+01 -8.2680e-02  4.5270e+01  8.7674e-01 -4.4852e+01 -8.7009e-01
-9.0833e-01     2.0831e+01  8.8078e-02 -2.3630e+01 -9.0893e-02  4.5437e+01  8.7744e-01 -4.5037e+01 -8.7081e-01
-9.0000e-01     2.1811e+01  9.5309e-02 -2.2640e+01 -8.8518e-02  4.5614e+01  8.7821e-01 -4.5229e+01 -8.7156e-01
-8.9167e-01     2.0828e+01  8.6310e-02 -2.3030e+01 -9.5324e-02  4.5791e+01  8.7896e-01 -4.5419e+01 -8.7232e-01
-8.8333e-01     2.2753e+01  9.3500e-02 -1.9901e+01 -8.2654e-02  4.5973e+01  8.7971e-01 -4.5598e+01 -8.7306e-01
-8.7500e-01     2.4577e+01  9.4321e-02 -1.8192e+01 -7.5810e-02  4.6170e+01  8.8049e-01 -4.5756e+01 -8.7372e-01
-8.6667e-01     2.1458e+01  8.7456e-02 -1.9281e+01 -8.0503e-02  4.6361e+01  8.8125e-01 -4.5912e+01 -8.7437e-01
-8.5833e-01     2.2877e+01  9.4132e-02 -1.9043e+01 -8.1561e-02  4.6546e+01  8.8200e-01 -4.6072e+01 -8.7504e-01
-8.5000e-01     2.2261e+01  9.3498e-02 -1.9701e+01 -8.7473e-02  4.6733e+01  8.8278e-01 -4.6233e+01 -8.7575e-01
-8.4167e-01     2.0605e+01  9.0568e-02 -1.9225e+01 -8.5487e-02  4.6912e+01  8.8355e-01 -4.6395e+01 -8.7647e-01
-8.3333e-01     1.8887e+01  8.8192e-02 -1.8261e+01 -8.1836e-02  4.7076e+01  8.8429e-01 -4.6551e+01 -8.7716e-01
-8.2500e-01     1.7000e+01  8.4063e-02 -1.7749e+01 -8.1122e-02  4.7225e+01  8.8501e-01 -4.6700e+01 -8.7784e-01
-8.1667e-01     1.6971e+01  8.6977e-02 -1.7078e+01 -8.0988e-02  4.7366e+01  8.8572e-01 -4.6845e+01 -8.7851e-01
-8.0833e-01     1.8364e+01  9.5747e-02 -1.6509e+01 -8.3126e-02  4.7513e+01  8.8648e-01 -4.6985e+01 -8.7920e-01
-8.0000e-01     2.1329e+01  1.1184e-01 -1.7385e+01 -9.1894e-02  4.7679e+01  8.8734e-01 -4.7126e+01 -8.7993e-01
-7.9167e-01     2.0372e+01  1.0645e-01 -2.1371e+01 -1.1618e-01  4.7852e+01  8.8825e-01 -4.7287e+01 -8.8079e-01
-7.8333e-01     1.9718e+01  1.0317e-01 -2.2001e+01 -1.2093e-01  4.8019e+01  8.8912e-01 -4.7468e+01 -8.8178e-01
-7.7500e-01     1.7820e+01  9.4934e-02 -2.0872e+01 -1.1595e-01  4.8175e+01  8.8995e-01 -4.7646e+01 -8.8276e-01
-7.6667e-01     1.5524e+01  8.8481e-02 -1.9000e+01 -1.0696e-01  4.8314e+01  8.9071e-01 -4.7812e+01 -8.8369e-01
-7.5833e-01     1.5810e+01  9.6354e-02 -1.7283e+01 -9.9132e-02  4.8444e+01  8.9148e-01 -4.7963e+01 -8.8455e-01
-7.5000e-01     1.8287e+01  1.1699e-01 -1.6470e+01 -9.7417e-02  4.8586e+01  8.9237e-01 -4.8103e+01 -8.8537e-01
-7.4167e-01     2.1419e+01  1.3921e-01 -1.7522e+01 -1.0828e-01  4.8751e+01  8.9343e-01 -4.8245e+01 -8.8622e-01
-7.3333e-01     2.2631e+01  1.4861e-01 -1.9527e+01 -1.2336e-01  4.8934e+01  8.9463e-01 -4.8399e+01 -8.8718e-01
-7.2500e-01     2.2476e+01  1.5002e-01 -2.0820e+01 -1.3081e-01  4.9122e+01  8.9587e-01 -4.8567e+01 -8.8824e-01
-7.1667e-01     1.9412e+01  1.2972e-01 -2.2154e+01 -1.4085e-01  4.9296e+01  8.9703e-01 -4.8745e+01 -8.8937e-01
-7.0833e-01     1.7511e+01  1.2233e-01 -2.0890e+01 -1.3561e-01  4.9450e+01  8.9808e-01 -4.8924e+01 -8.9052e-01
-7.0000e-01     2.0470e+01  1.4942e-01 -1.6560e+01 -1.1402e-01  4.9608e+01  8.9921e-01 -4.9080e+01 -8.9156e-01
-6.9167e-01     2.0023e+01  1.4695e-01 -1.7220e+01 -1.2279e-01  4.9776e+01  9.0045e-01 -4.9221e+01 -8.9255e-01
-6.8333e-01     1.9688e+01  1.4345e-01 -2.0124e+01 -1.4689e-01  4.9941e+01  9.0165e-01 -4.9376e+01 -8.9367e-01
-6.7500e-01     2.1552e+01  1.5315e-01 -2.0055e+01 -1.4907e-01  5.0113e+01  9.0289e-01 -4.9543e+01 -8.9490e-01
-6.6667e-01     2.5525e+01  1.8001e-01 -1.9997e+01 -1.4222e-01  5.0309e+01  9.0427e-01 -4.9710e+01 -8.9611e-01
-6.5833e-01     2.2816e+01  1.6927e-01 -2.2206e+01 -1.4887e-01  5.0510e+01  9.0573e-01 -4.9885e+01 -8.9732e-01
-6.5000e-01     2.4138e+01  1.7325e-01 -2.4970e+01 -1.7478e-01  5.0705e+01  9.0715e-01 -5.0082e+01 -8.9867e-01
-6.4167e-01     2.3748e+01  1.6897e-01 -2.1524e+01 -1.4851e-01  5.0904e+01  9.0858e-01 -5.0275e+01 -9.0001e-01
-6.3333e-01     2.2737e+01  1.6406e-01 -2.2777e+01 -1.6173e-01  5.1098e+01  9.0996e-01 -5.0459e+01 -9.0130e-01
-6.2500e-01     2.2717e+01  1.6422e-01 -2.3111e+01 -1.6548e-01  5.1287e+01  9.1133e-01 -5.0650e+01 -9.0266e-01
-6.1667e-01     2.1091e+01  1.5147e-01 -2.1609e+01 -1.5248e-01  5.1469e+01  9.1264e-01 -5.0836e+01 -9.0399e-01
-6.0833e-01     2.2367e+01  1.7216e-01 -2.0942e+01 -1.5146e-01  5.1650e+01  9.1399e-01 -5.1013e+01 -9.0525e-01
-6.0000e-01     1.8198e+01  1.3788e-01 -2.1197e+01 -1.5702e-01  5.1818e+01  9.1528e-01 -5.1188e+01 -9.0653e-01
-5.9167e-01     2.0115e+01  1.5455e-01 -2.0742e+01 -1.5282e-01  5.1978e+01  9.1649e-01 -5.1363e+01 -9.0782e-01
-5.8333e-01     2.2945e+01  1.6691e-01 -1.9703e+01 -1.4299e-01  5.2157e+01  9.1783e-01 -5.1531e+01 -9.0905e-01
-5.7500e-01     2.3994e+01  1.6895e-01 -2.0064e+01 -1.4670e-01  5.2352e+01  9.1923e-01 -5.1697e+01 -9.1026e-01
-5.6667e-01     2.3614e+01  1.6631e-01 -2.2316e+01 -1.6638e-01  5.2550e+01  9.2062e-01 -5.1873e+01 -9.1156e-01
-5.5833e-01     2.2285e+01  1.5699e-01 -2.4005e+01 -1.7608e-01  5.2741e+01  9.2197e-01 -5.2066e+01 -9.1298e-01
-5.5000e-01     2.0169e+01  1.4152e-01 -2.5486e+01 -1.8285e-01  5.2918e+01  9.2321e-01 -5.2271e+01 -9.1448e-01
-5.4167e-01     1.9259e+01  1.3496e-01 -2.4835e+01 -1.8203e-01  5.3082e+01  9.2436e-01 -5.2481e+01 -9.1600e-01
-5.3333e-01     2.3811e+01  1.7050e-01 -2.2046e+01 -1.6402e-01  5.3261e+01  9.2563e-01 -5.2676e+01 -9.1743e-01
-5.2500e-01     2.4945e+01  1.7802e-01 -2.3019e+01 -1.7091e-01  5.3464e+01  9.2708e-01 -5.2863e+01 -9.1883e-01
-5.1667e-01     2.6670e+01  1.8760e-01 -2.6460e+01 -1.9313e-01  5.3678e+01  9.2860e-01 -5.3069e+01 -9.2034e-01
-5.0833e-01     2.3422e+01  1.7755e-01 -2.6360e+01 -1.9263e-01  5.3887e+01  9.3012e-01 -5.3289e+01 -9.2195e-01
-5.0000e-01     2.2258e+01  1.7904e-01 -2.6716e+01 -1.9442e-01  5.4077e+01  9.3160e-01 -5.3509e+01 -9.2356e-01
-4.9167e-01     2.3823e+01  2.0447e-01 -2.2012e+01 -1.7348e-01  5.4269e+01  9.3320e-01 -5.3712e+01 -9.2509e-01
-4.8333e-01     2.4129e+01  2.0211e-01 -2.3456e+01 -1.9732e-01  5.4468e+01  9.3489e-01 -5.3901e+01 -9.2663e-01
-4.7500e-01     2.5082e+01  2.0488e-01 -2.4549e+01 -2.1013e-01  5.4673e+01  9.3658e-01 -5.4101e+01 -9.2832e-01
-4.6667e-01     2.3076e+01  1.8507e-01 -2.4011e+01 -1.9988e-01  5.4873e+01  9.3820e-01 -5.4303e+01 -9.3003e-01
-4.5833e-01     2.3884e+01  1.9308e-01 -2.2171e+01 -1.8242e-01  5.5068e+01  9.3978e-01 -5.4495e+01 -9.3162e-01
-4.5000e-01     2.4817e+01  2.2112e-01 -2.2710e+01 -1.9470e-01  5.5271e+01  9.4150e-01 -5.4682e+01 -9.3319e-01
-4.4167e-01     2.8791e+01  2.7969e-01 -2.4361e+01 -2.3335e-01  5.5494e+01  9.4358e-01 -5.4878e+01 -9.3497e-01
-4.3333e-01     2.4964e+01  2.3841e-01 -2.8028e+01 -2.9150e-01  5.5718e+01  9.4574e-01 -5.5096e+01 -9.3715e-01
-4.2500e-01     2.3975e+01  2.1902e-01 -2.5381e+01 -2.5115e-01  5.5921e+01  9.4764e-01 -5.5318e+01 -9.3941e-01
-4.1667e-01     2.3980e+01  2.2406e-01 -2.4564e+01 -2.3090e-01  5.6121e+01  9.4948e-01 -5.5525e+01 -9.4142e-01
-4.0833e-01     2.6683e+01  2.5391e-01 -2.1380e+01 -1.9237e-01  5.6331e+01  9.5147e-01 -5.5717e+01 -9.4318e-01
-4.0000e-01     2.2992e+01  2.1710e-01 -2.5621e+01 -2.2354e-01  5.6538e+01  9.5343e-01 -5.5912e+01 -9.4491e-01
-3.9167e-01     2.0116e+01  1.7669e-01 -2.8377e+01 -2.3456e-01  5.6717e+01  9.5507e-01 -5.6137e+01 -9.4681e-01
-3.8333e-01     2.0783e+01  1.7775e-01 -2.1462e+01 -1.8153e-01  5.6887e+01  9.5654e-01 -5.6344e+01 -9.4854e-01
-3.7500e-01     2.2491e+01  2.0903e-01 -2.0529e+01 -1.7588e-01  5.7067e+01  9.5815e-01 -5.6519e+01 -9.5003e-01
-3.6667e-01     2.1542e+01  1.9776e-01 -2.3061e+01 -2.2225e-01  5.7251e+01  9.5984e-01 -5.6700e+01 -9.5169e-01
-3.5833e-01     2.5942e+01  2.3261e-01 -2.2145e+01 -2.1522e-01  5.7448e+01  9.6163e-01 -5.6888e+01 -9.5351e-01
-3.5000e-01     2.7546e+01  2.7582e-01 -2.3958e+01 -2.2841e-01  5.7671e+01  9.6375e-01 -5.7080e+01 -9.5535e-01
-3.4167e-01     2.5133e+01  2.6193e-01 -2.3280e+01 -2.0725e-01  5.7890e+01  9.6599e-01 -5.7276e+01 -9.5716e-01
-3.3333e-01     2.2208e+01  2.3306e-01 -2.5462e+01 -2.5926e-01  5.8087e+01  9.6804e-01 -5.7479e+01 -9.5910e-01
-3.2500e-01     2.2946e+01  2.3396e-01 -2.2944e+01 -2.3854e-01  5.8275e+01  9.6999e-01 -5.7680e+01 -9.6117e-01
-3.1667e-01     2.5530e+01  2.6402e-01 -2.3281e+01 -2.3481e-01  5.8476e+01  9.7206e-01 -5.7873e+01 -9.6314e-01
-3.0833e-01     2.1333e+01  2.0863e-01 -2.3740e+01 -2.3696e-01  5.8671e+01  9.7402e-01 -5.8068e+01 -9.6511e-01
-3.0000e-01     2.1833e+01  2.0745e-01 -2.1985e+01 -2.1116e-01  5.8851e+01  9.7576e-01 -5.8259e+01 -9.6697e-01
-2.9167e-01     2.7098e+01  2.5552e-01 -1.7372e+01 -1.7509e-01  5.9054e+01  9.7768e-01 -5.8422e+01 -9.6858e-01
-2.8333e-01     3.3037e+01  3.1138e-01 -2.6892e+01 -2.5845e-01  5.9304e+01  9.8004e-01 -5.8606e+01 -9.7038e-01
-2.7500e-01     2.5047e+01  2.2288e-01 -2.5295e+01 -2.3588e-01  5.9546e+01  9.8226e-01 -5.8823e+01 -9.7244e-01
-2.6667e-01     1.8125e+01  1.4679e-01 -2.5457e+01 -2.2134e-01  5.9726e+01  9.8380e-01 -5.9035e+01 -9.7434e-01
-2.5833e-01     2.3347e+01  2.0919e-01 -2.3403e+01 -1.9222e-01  5.9898e+01  9.8528e-01 -5.9238e+01 -9.7606e-01
-2.5000e-01     2.7308e+01  2.6737e-01 -2.0343e+01 -1.6800e-01  6.0109e+01  9.8726e-01 -5.9420e+01 -9.7756e-01
-2.4167e-01     2.9456e+01  2.9766e-01 -2.6211e+01 -2.5381e-01  6.0345e+01  9.8961e-01 -5.9613e+01 -9.7931e-01
-2.3333e-01     2.9063e+01  2.8960e-01 -3.2861e+01 -3.4219e-01  6.0588e+01  9.9206e-01 -5.9859e+01 -9.8179e-01
-2.2500e-01     2.4497e+01  2.1930e-01 -2.8966e+01 -2.8664e-01  6.0811e+01  9.9417e-01 -6.0116e+01 -9.8441e-01
-2.1667e-01     2.3646e+01  2.0420e-01 -2.3582e+01 -2.1129e-01  6.1011e+01  9.9593e-01 -6.0335e+01 -9.8648e-01
-2.0833e-01     2.6457e+01  2.3171e-01 -2.4979e+01 -2.2096e-01  6.1220e+01  9.9775e-01 -6.0537e+01 -9.8828e-01
-2.0000e-01     3.1350e+01  2.7577e-01 -2.4543e+01 -2.2070e-01  6.1460e+01  9.9986e-01 -6.0743e+01 -9.9011e-01
-1.9167e-01     3.2666e+01  2.6891e-01 -2.5657e+01 -2.3377e-01  6.1727e+01  1.0021e+00 -6.0952e+01 -9.9200e-01
-1.8333e-01     2.4673e+01  1.9696e-01 -2.7998e+01 -2.4545e-01  6.1965e+01  1.0041e+00 -6.1175e+01 -9.9400e-01
-1.7500e-01     2.5194e+01  2.0347e-01 -2.8290e+01 -2.3736e-01  6.2172e+01  1.0057e+00 -6.1409e+01 -9.9601e-01
-1.6667e-01     2.5204e+01  2.2022e-01 -2.7673e+01 -2.1853e-01  6.2382e+01  1.0075e+00 -6.1642e+01 -9.9790e-01
-1.5833e-01     2.4807e+01  2.2569e-01 -2.7779e+01 -2.2962e-01  6.2590e+01  1.0093e+00 -6.1873e+01 -9.9977e-01
-1.5000e-01     2.4035e+01  2.2282e-01 -2.8333e+01 -2.5233e-01  6.2793e+01  1.0112e+00 -6.2106e+01 -1.0018e+00
-1.4167e-01     2.5843e+01  2.3333e-01 -2.6854e+01 -2.4816e-01  6.3001e+01  1.0131e+00 -6.2335e+01 -1.0039e+00
-1.3333e-01     2.9657e+01  2.3345e-01 -2.5834e+01 -2.3699e-01  6.3232e+01  1.0150e+00 -6.2555e+01 -1.0059e+00
-1.2500e-01     1.9799e+01  1.6224e-01 -2.5640e+01 -2.3599e-01  6.3437e+01  1.0167e+00 -6.2769e+01 -1.0078e+00
-1.1667e-01     2.1424e+01  1.8193e-01 -2.1824e+01 -2.0318e-01  6.3609e+01  1.0181e+00 -6.2966e+01 -1.0097e+00
-1.0833e-01     2.2025e+01  1.9145e-01 -2.0705e+01 -1.9051e-01  6.3790e+01  1.0197e+00 -6.3143e+01 -1.0113e+00
-1.0000e-01     2.3907e+01  2.0913e-01 -2.1451e+01 -1.9783e-01  6.3981e+01  1.0213e+00 -6.3318e+01 -1.0129e+00
-9.1667e-02     2.3235e+01  2.0323e-01 -2.3813e+01 -2.2222e-01  6.4177e+01  1.0231e+00 -6.3507e+01 -1.0147e+00
-8.3333e-02     2.2369e+01  1.9270e-01 -2.5084e+01 -2.3129e-01  6.4366e+01  1.0247e+00 -6.3710e+01 -1.0166e+00
-7.5000e-02     2.7185e+01  2.3285e-01 -2.3726e+01 -2.1338e-01  6.4573e+01  1.0265e+00 -6.3913e+01 -1.0184e+00
-6.6667e-02     2.6850e+01  2.2538e-01 -2.6626e+01 -2.4276e-01  6.4797e+01  1.0284e+00 -6.4123e+01 -1.0203e+00
-5.8333e-02     2.4710e+01  2.1130e-01 -2.7788e+01 -2.4592e-01  6.5012e+01  1.0302e+00 -6.4349e+01 -1.0223e+00
-5.0000e-02     2.5156e+01  2.2186e-01 -2.5850e+01 -2.3948e-01  6.5219e+01  1.0320e+00 -6.4572e+01 -1.0244e+00
-4.1667e-02     2.1934e+01  1.9274e-01 -2.4030e+01 -2.2364e-01  6.5415e+01  1.0337e+00 -6.4780e+01 -1.0263e+00
-3.3333e-02     2.1440e+01  1.8966e-01 -2.2770e+01 -2.1148e-01  6.5596e+01  1.0353e+00 -6.4974e+01 -1.0281e+00
-2.5000e-02     2.3166e+01  2.1568e-01 -2.1303e+01 -2.0381e-01  6.5781e+01  1.0370e+00 -6.5158e+01 -1.0298e+00
-1.6667e-02     2.3811e+01  2.3909e-01 -2.3641e+01 -2.4462e-01  6.5977e+01  1.0389e+00 -6.5345e+01 -1.0317e+00
-8.3333e-03     2.3765e+01  2.3871e-01 -2.4236e+01 -2.5776e-01  6.6174e+01  1.0409e+00 -6.5544e+01 -1.0338e+00
