-5.0000e+00     1.8727e+01  1.9751e-01 -1.8728e+01 -1.9753e-01  0.0000e+00  0.0000e+00 -0.0000e+00 -0.0000e+00
-4.9917e+00     2.3913e+01  2.5127e-01 -2.3914e+01 -2.5128e-01  1.7737e-01  1.8668e-03 -1.7738e-01 -1.8670e-03
-4.9833e+00     2.1751e+01  2.2522e-01 -2.1750e+01 -2.2521e-01  3.6732e-01  3.8489e-03 -3.6733e-01 -3.8491e-03
-4.9750e+00     1.7932e+01  1.8301e-01 -1.7931e+01 -1.8300e-01  5.3239e-01  5.5471e-03 -5.3240e-01 -5.5471e-03
-4.9667e+00     2.1259e+01  2.6574e-01 -2.1259e+01 -2.6573e-01  6.9541e-01  7.4137e-03 -6.9541e-01 -7.4137e-03
-4.9583e+00     1.9855e+01  2.2812e-01 -1.9854e+01 -2.2812e-01  8.6643e-01  9.4681e-03 -8.6643e-01 -9.4680e-03
-4.9500e+00     1.6683e+01  2.0171e-01 -1.6682e+01 -2.0170e-01  1.0184e+00  1.1256e-02 -1.0184e+00 -1.1256e-02
-4.9417e+00     1.7687e+01  2.4179e-01 -1.7689e+01 -2.4184e-01  1.1614e+00  1.3101e-02 -1.1614e+00 -1.3101e-02
-4.9333e+00     2.9569e+01  4.9247e-01 -2.9583e+01 -4.9274e-01  1.3580e+00  1.6155e-02 -1.3580e+00 -1.6157e-02
-4.9250e+00     1.6722e+01  2.4067e-01 -1.6720e+01 -2.4064e-01  1.5505e+00  1.9205e-02 -1.5506e+00 -1.9207e-02
-4.9167e+00     1.5375e+01  2.0247e-01 -1.5377e+01 -2.0249e-01  1.6840e+00  2.1048e-02 -1.6842e+00 -2.1051e-02
-4.9083e+00     2.1015e+01  2.5494e-01 -2.1017e+01 -2.5495e-01  1.8354e+00  2.2951e-02 -1.8355e+00 -2.2953e-02
-4.9000e+00     1.5950e+01  1.8970e-01 -1.5949e+01 -1.8969e-01  1.9892e+00  2.4801e-02 -1.9893e+00 -2.4803e-02
-4.8917e+00     2.0750e+01  2.4108e-01 -2.0751e+01 -2.4109e-01  2.1418e+00  2.6593e-02 -2.1420e+00 -2.6595e-02
-4.8833e+00     2.4347e+01  2.8759e-01 -2.4349e+01 -2.8762e-01  2.3294e+00  2.8792e-02 -2.3296e+00 -2.8794e-02
-4.8750e+00     3.0666e+01  4.0838e-01 -3.0668e+01 -4.0842e-01  2.5583e+00  3.1687e-02 -2.5584e+00 -3.1690e-02
-4.8667e+00     2.0012e+01  2.6373e-01 -2.0000e+01 -2.6356e-01  2.7691e+00  3.4483e-02 -2.7692e+00 -3.4485e-02
-4.8583e+00     8.8681e+00  1.1486e-01 -8.8688e+00 -1.1488e-01  2.8892e+00  3.6057e-02 -2.8893e+00 -3.6059e-02
-4.8500e+00     2.5762e+01  3.4107e-01 -2.5755e+01 -3.4098e-01  3.0332e+00  3.7954e-02 -3.0333e+00 -3.7955e-02
-4.8417e+00     2.8271e+01  3.1606e-01 -2.8271e+01 -3.1606e-01  3.2580e+00  4.0687e-02 -3.2580e+00 -4.0688e-02
-4.8333e+00     2.9645e+01  3.2035e-01 -2.9645e+01 -3.2035e-01  3.4989e+00  4.3335e-02 -3.4990e+00 -4.3336e-02
-4.8250e+00     2.3026e+01  2.6561e-01 -2.3024e+01 -2.6560e-01  3.7180e+00  4.5772e-02 -3.7180e+00 -4.5773e-02
-4.8167e+00     1.9798e+01  2.3093e-01 -1.9798e+01 -2.3093e-01  3.8962e+00  4.7838e-02 -3.8962e+00 -4.7839e-02
-4.8083e+00     1.9357e+01  2.2479e-01 -1.9357e+01 -2.2479e-01  4.0590e+00  4.9733e-02 -4.0590e+00 -4.9734e-02
-4.8000e+00     2.0461e+01  2.4057e-01 -2.0462e+01 -2.4057e-01  4.2247e+00  5.1669e-02 -4.2247e+00 -5.1670e-02
-4.7917e+00     2.9248e+01  3.2461e-01 -2.9247e+01 -3.2461e-01  4.4314e+00  5.4020e-02 -4.4315e+00 -5.4021e-02
-4.7833e+00     2.3163e+01  2.7561e-01 -2.3162e+01 -2.7559e-01  4.6495e+00  5.6517e-02 -4.6495e+00 -5.6518e-02
-4.7750e+00     2.2155e+01  2.4790e-01 -2.2155e+01 -2.4791e-01  4.8380e+00  5.8695e-02 -4.8380e+00 -5.8695e-02
-4.7667e+00     2.3151e+01  2.5871e-01 -2.3152e+01 -2.5871e-01  5.0264e+00  6.0802e-02 -5.0264e+00 -6.0803e-02
-4.7583e+00     2.4025e+01  2.6134e-01 -2.4025e+01 -2.6134e-01  5.2227e+00  6.2965e-02 -5.2227e+00 -6.2966e-02
-4.7500e+00     2.7121e+01  2.9495e-01 -2.7122e+01 -2.9496e-01  5.4354e+00  6.5279e-02 -5.4354e+00 -6.5280e-02
-4.7417e+00     2.6686e+01  3.0772e-01 -2.6686e+01 -3.0772e-01  5.6593e+00  6.7786e-02 -5.6593e+00 -6.7787e-02
-4.7333e+00     1.8860e+01  2.1409e-01 -1.8859e+01 -2.1409e-01  5.8487e+00  6.9957e-02 -5.8487e+00 -6.9958e-02
-4.7250e+00     2.4172e+01  2.4199e-01 -2.4174e+01 -2.4200e-01  6.0277e+00  7.1854e-02 -6.0277e+00 -7.1855e-02
-4.7167e+00     2.1164e+01  2.1669e-01 -2.1164e+01 -2.1668e-01  6.2163e+00  7.3762e-02 -6.2163e+00 -7.3763e-02
-4.7083e+00     2.6300e+01  3.4283e-01 -2.6305e+01 -3.4291e-01  6.4137e+00  7.6089e-02 -6.4138e+00 -7.6091e-02
-4.7000e+00     2.7197e+01  3.1560e-01 -2.7196e+01 -3.1559e-01  6.6363e+00  7.8828e-02 -6.6363e+00 -7.8830e-02
-4.6917e+00     1.9716e+01  2.2198e-01 -1.9714e+01 -2.2197e-01  6.8314e+00  8.1064e-02 -6.8314e+00 -8.1066e-02
-4.6833e+00     2.2674e+01  2.4806e-01 -2.2676e+01 -2.4808e-01  7.0077e+00  8.3020e-02 -7.0078e+00 -8.3021e-02
-4.6750e+00     2.8095e+01  3.2023e-01 -2.8096e+01 -3.2024e-01  7.2189e+00  8.5384e-02 -7.2190e+00 -8.5385e-02
-4.6667e+00     2.4320e+01  2.8171e-01 -2.4317e+01 -2.8169e-01  7.4370e+00  8.7888e-02 -7.4370e+00 -8.7889e-02
-4.6583e+00     1.9633e+01  2.3203e-01 -1.9632e+01 -2.3201e-01  7.6198e+00  9.0025e-02 -7.6198e+00 -9.0026e-02
-4.6500e+00     1.6982e+01  1.9438e-01 -1.6981e+01 -1.9438e-01  7.7721e+00  9.1798e-02 -7.7721e+00 -9.1800e-02
-4.6417e+00     1.9414e+01  2.2779e-01 -1.9415e+01 -2.2780e-01  7.9235e+00  9.3554e-02 -7.9235e+00 -9.3556e-02
-4.6333e+00     2.1952e+01  2.8520e-01 -2.1951e+01 -2.8520e-01  8.0956e+00  9.5688e-02 -8.0956e+00 -9.5690e-02
-4.6250e+00     1.4974e+01  1.9517e-01 -1.4973e+01 -1.9517e-01  8.2492e+00  9.7687e-02 -8.2492e+00 -9.7688e-02
-4.6167e+00     1.4731e+01  1.9928e-01 -1.4731e+01 -1.9929e-01  8.3727e+00  9.9327e-02 -8.3728e+00 -9.9329e-02
-4.6083e+00     1.9057e+01  2.7339e-01 -1.9058e+01 -2.7341e-01  8.5133e+00  1.0129e-01 -8.5133e+00 -1.0130e-01
-4.6000e+00     2.2833e+01  3.1828e-01 -2.2832e+01 -3.1826e-01  8.6875e+00  1.0375e-01 -8.6876e+00 -1.0376e-01
-4.5917e+00     2.1097e+01  2.6594e-01 -2.1097e+01 -2.6594e-01  8.8703e+00  1.0618e-01 -8.8703e+00 -1.0619e-01
-4.5833e+00     3.5139e+01  4.7995e-01 -3.5127e+01 -4.7977e-01  9.1042e+00  1.0929e-01 -9.1042e+00 -1.0929e-01
-4.5750e+00     2.5889e+01  3.6216e-01 -2.5889e+01 -3.6216e-01  9.3581e+00  1.1279e-01 -9.3580e+00 -1.1279e-01
-4.5667e+00     2.4690e+01  3.5862e-01 -2.4690e+01 -3.5862e-01  9.5684e+00  1.1579e-01 -9.5684e+00 -1.1579e-01
-4.5583e+00     1.8981e+01  2.9500e-01 -1.8981e+01 -2.9499e-01  9.7501e+00  1.1851e-01 -9.7500e+00 -1.1851e-01
-4.5500e+00     2.0814e+01  3.2655e-01 -2.0815e+01 -3.2657e-01  9.9156e+00  1.2109e-01 -9.9156e+00 -1.2109e-01
-4.5417e+00     2.1898e+01  3.4150e-01 -2.1897e+01 -3.4149e-01  1.0093e+01  1.2387e-01 -1.0093e+01 -1.2387e-01
-4.5333e+00     2.2261e+01  3.6492e-01 -2.2261e+01 -3.6493e-01  1.0277e+01  1.2681e-01 -1.0277e+01 -1.2681e-01
-4.5250e+00     2.1605e+01  3.6344e-01 -2.1606e+01 -3.6345e-01  1.0459e+01  1.2984e-01 -1.0459e+01 -1.2984e-01
-4.5167e+00     2.2464e+01  4.0048e-01 -2.2465e+01 -4.0049e-01  1.0643e+01  1.3302e-01 -1.0643e+01 -1.3302e-01
-4.5083e+00     1.5164e+01  2.9365e-01 -1.5164e+01 -2.9366e-01  1.0799e+01  1.3591e-01 -1.0799e+01 -1.3591e-01
-4.5000e+00     2.1004e+01  4.1747e-01 -2.1007e+01 -4.1752e-01  1.0950e+01  1.3886e-01 -1.0950e+01 -1.3886e-01
-4.4917e+00     1.9669e+01  3.9808e-01 -1.9668e+01 -3.9807e-01  1.1119e+01  1.4226e-01 -1.1119e+01 -1.4226e-01
-4.4833e+00     1.5503e+01  3.9621e-01 -1.5503e+01 -3.9621e-01  1.1265e+01  1.4556e-01 -1.1265e+01 -1.4556e-01
-4.4750e+00     2.6379e+01  5.5960e-01 -2.6388e+01 -5.5975e-01  1.1439e+01  1.4954e-01 -1.1439e+01 -1.4954e-01
-4.4667e+00     1.4224e+01  3.2708e-01 -1.4224e+01 -3.2707e-01  1.1608e+01  1.5322e-01 -1.1608e+01 -1.5323e-01
-4.4583e+00     1.3317e+01  2.7785e-01 -1.3317e+01 -2.7784e-01  1.1723e+01  1.5574e-01 -1.1723e+01 -1.5574e-01
-4.4500e+00     1.4410e+01  2.7595e-01 -1.4410e+01 -2.7595e-01  1.1838e+01  1.5804e-01 -1.1838e+01 -1.5805e-01
-4.4417e+00     1.5164e+01  2.9199e-01 -1.5164e+01 -2.9199e-01  1.1961e+01  1.6041e-01 -1.1961e+01 -1.6041e-01
-4.4333e+00     2.1902e+01  3.9995e-01 -2.1905e+01 -3.9999e-01  1.2115e+01  1.6329e-01 -1.2116e+01 -1.6329e-01
-4.4250e+00     1.9392e+01  3.6613e-01 -1.9393e+01 -3.6613e-01  1.2287e+01  1.6647e-01 -1.2287e+01 -1.6647e-01
-4.4167e+00     1.9465e+01  3.6452e-01 -1.9464e+01 -3.6453e-01  1.2449e+01  1.6951e-01 -1.2449e+01 -1.6951e-01
-4.4083e+00     1.7904e+01  3.5228e-01 -1.7904e+01 -3.5228e-01  1.2604e+01  1.7249e-01 -1.2604e+01 -1.7249e-01
-4.4000e+00     1.6746e+01  3.4049e-01 -1.6746e+01 -3.4049e-01  1.2748e+01  1.7537e-01 -1.2749e+01 -1.7538e-01
-4.3917e+00     1.7039e+01  3.3553e-01 -1.7039e+01 -3.3553e-01  1.2889e+01  1.7819e-01 -1.2889e+01 -1.7819e-01
-4.3833e+00     1.5832e+01  3.2756e-01 -1.5831e+01 -3.2754e-01  1.3026e+01  1.8094e-01 -1.3026e+01 -1.8095e-01
-4.3750e+00     1.6895e+01  3.5308e-01 -1.6895e+01 -3.5308e-01  1.3162e+01  1.8378e-01 -1.3162e+01 -1.8378e-01
-4.3667e+00     1.7041e+01  3.6786e-01 -1.7043e+01 -3.6788e-01  1.3303e+01  1.8678e-01 -1.3303e+01 -1.8678e-01
-4.3583e+00     1.8913e+01  3.9058e-01 -1.8911e+01 -3.9055e-01  1.3453e+01  1.8993e-01 -1.3453e+01 -1.8993e-01
-4.3500e+00     1.5604e+01  3.1458e-01 -1.5603e+01 -3.1455e-01  1.3596e+01  1.9286e-01 -1.3596e+01 -1.9287e-01
-4.3417e+00     1.4265e+01  2.8288e-01 -1.4264e+01 -2.8288e-01  1.3720e+01  1.9535e-01 -1.3720e+01 -1.9535e-01
-4.3333e+00     1.3479e+01  2.8047e-01 -1.3478e+01 -2.8045e-01  1.3836e+01  1.9769e-01 -1.3836e+01 -1.9769e-01
-4.3250e+00     1.1471e+01  2.3930e-01 -1.1471e+01 -2.3929e-01  1.3940e+01  1.9985e-01 -1.3940e+01 -1.9986e-01
-4.3167e+00     9.2130e+00  1.7634e-01 -9.2128e+00 -1.7633e-01  1.4026e+01  2.0158e-01 -1.4026e+01 -2.0158e-01
-4.3083e+00     1.0664e+01  1.9116e-01 -1.0666e+01 -1.9120e-01  1.4108e+01  2.0311e-01 -1.4108e+01 -2.0311e-01
-4.3000e+00     1.5220e+01  2.7563e-01 -1.5222e+01 -2.7565e-01  1.4216e+01  2.0505e-01 -1.4216e+01 -2.0506e-01
-4.2917e+00     1.9863e+01  3.4818e-01 -1.9864e+01 -3.4819e-01  1.4362e+01  2.0765e-01 -1.4362e+01 -2.0765e-01
-4.2833e+00     1.1150e+01  2.5297e-01 -1.1150e+01 -2.5298e-01  1.4491e+01  2.1015e-01 -1.4491e+01 -2.1015e-01
-4.2750e+00     1.2987e+01  2.6894e-01 -1.2990e+01 -2.6897e-01  1.4591e+01  2.1232e-01 -1.4591e+01 -2.1232e-01
-4.2667e+00     1.3370e+01  2.5225e-01 -1.3370e+01 -2.5224e-01  1.4701e+01  2.1449e-01 -1.4701e+01 -2.1449e-01
-4.2583e+00     1.3767e+01  2.3395e-01 -1.3767e+01 -2.3393e-01  1.4814e+01  2.1651e-01 -1.4814e+01 -2.1651e-01
-4.2500e+00     1.9273e+01  2.8571e-01 -1.9268e+01 -2.8565e-01  1.4951e+01  2.1867e-01 -1.4951e+01 -2.1867e-01
-4.2417e+00     1.8468e+01  2.7680e-01 -1.8468e+01 -2.7680e-01  1.5108e+01  2.2101e-01 -1.5108e+01 -2.2101e-01
-4.2333e+00     1.5655e+01  2.6321e-01 -1.5655e+01 -2.6322e-01  1.5250e+01  2.2326e-01 -1.5250e+01 -2.2326e-01
-4.2250e+00     1.6626e+01  2.8973e-01 -1.6623e+01 -2.8970e-01  1.5385e+01  2.2556e-01 -1.5385e+01 -2.2556e-01
-4.2167e+00     1.4376e+01  2.5717e-01 -1.4377e+01 -2.5716e-01  1.5514e+01  2.2783e-01 -1.5514e+01 -2.2783e-01
-4.2083e+00     1.5647e+01  2.5862e-01 -1.5647e+01 -2.5861e-01  1.5638e+01  2.2998e-01 -1.5638e+01 -2.2998e-01
-4.2000e+00     1.8110e+01  2.4988e-01 -1.8116e+01 -2.4996e-01  1.5779e+01  2.3209e-01 -1.5779e+01 -2.3210e-01
-4.1917e+00     3.1127e+01  4.0877e-01 -3.1120e+01 -4.0866e-01  1.5984e+01  2.3483e-01 -1.5984e+01 -2.3484e-01
-4.1833e+00     2.1840e+01  2.5878e-01 -2.1838e+01 -2.5877e-01  1.6204e+01  2.3761e-01 -1.6204e+01 -2.3761e-01
-4.1750e+00     1.8214e+01  2.2713e-01 -1.8211e+01 -2.2712e-01  1.6371e+01  2.3963e-01 -1.6371e+01 -2.3963e-01
-4.1667e+00     1.5291e+01  2.2438e-01 -1.5289e+01 -2.2438e-01  1.6510e+01  2.4151e-01 -1.6510e+01 -2.4151e-01
-4.1583e+00     1.9940e+01  3.8513e-01 -1.9943e+01 -3.8521e-01  1.6656e+01  2.4405e-01 -1.6656e+01 -2.4405e-01
-4.1500e+00     2.9962e+01  6.7706e-01 -2.9964e+01 -6.7710e-01  1.6864e+01  2.4846e-01 -1.6864e+01 -2.4847e-01
-4.1417e+00     2.4881e+01  4.8732e-01 -2.4883e+01 -4.8731e-01  1.7092e+01  2.5331e-01 -1.7092e+01 -2.5331e-01
-4.1333e+00     1.7324e+01  3.5889e-01 -1.7313e+01 -3.5874e-01  1.7268e+01  2.5683e-01 -1.7268e+01 -2.5683e-01
-4.1250e+00     9.2709e+00  2.2236e-01 -9.2686e+00 -2.2231e-01  1.7378e+01  2.5925e-01 -1.7378e+01 -2.5925e-01
-4.1167e+00     1.3441e+01  3.0970e-01 -1.3441e+01 -3.0966e-01  1.7473e+01  2.6146e-01 -1.7473e+01 -2.6146e-01
-4.1083e+00     1.2687e+01  2.2801e-01 -1.2679e+01 -2.2785e-01  1.7582e+01  2.6370e-01 -1.7581e+01 -2.6369e-01
-4.1000e+00     1.0327e+01  1.7289e-01 -1.0327e+01 -1.7288e-01  1.7677e+01  2.6536e-01 -1.7677e+01 -2.6536e-01
-4.0917e+00     1.0506e+01  1.8106e-01 -1.0507e+01 -1.8106e-01  1.7764e+01  2.6684e-01 -1.7764e+01 -2.6683e-01
-4.0833e+00     1.0987e+01  1.9520e-01 -1.0988e+01 -1.9520e-01  1.7853e+01  2.6840e-01 -1.7853e+01 -2.6840e-01
-4.0750e+00     1.3678e+01  2.7670e-01 -1.3685e+01 -2.7688e-01  1.7956e+01  2.7036e-01 -1.7956e+01 -2.7036e-01
-4.0667e+00     1.2459e+01  2.2127e-01 -1.2460e+01 -2.2125e-01  1.8065e+01  2.7243e-01 -1.8065e+01 -2.7243e-01
-4.0583e+00     9.7879e+00  1.6552e-01 -9.7844e+00 -1.6543e-01  1.8157e+01  2.7404e-01 -1.8157e+01 -2.7404e-01
-4.0500e+00     5.8065e+00  8.8468e-02 -5.8046e+00 -8.8421e-02  1.8222e+01  2.7510e-01 -1.8222e+01 -2.7510e-01
-4.0417e+00     1.1661e+01  1.6800e-01 -1.1685e+01 -1.6833e-01  1.8295e+01  2.7617e-01 -1.8295e+01 -2.7617e-01
-4.0333e+00     1.1785e+01  1.4890e-01 -1.1786e+01 -1.4890e-01  1.8392e+01  2.7749e-01 -1.8392e+01 -2.7749e-01
-4.0250e+00     2.2878e+01  3.0689e-01 -2.2936e+01 -3.0761e-01  1.8536e+01  2.7938e-01 -1.8537e+01 -2.7939e-01
-4.0167e+00     2.6190e+01  3.9984e-01 -2.6218e+01 -4.0036e-01  1.8741e+01  2.8232e-01 -1.8741e+01 -2.8233e-01
-4.0083e+00     2.5776e+01  3.9281e-01 -2.5745e+01 -3.9238e-01  1.8957e+01  2.8562e-01 -1.8957e+01 -2.8563e-01
-4.0000e+00     1.7550e+01  2.7881e-01 -1.7543e+01 -2.7864e-01  1.9137e+01  2.8841e-01 -1.9137e+01 -2.8842e-01
-3.9917e+00     1.2241e+01  1.9051e-01 -1.2230e+01 -1.9030e-01  1.9261e+01  2.9036e-01 -1.9261e+01 -2.9037e-01
-3.9833e+00     6.9748e+00  1.1523e-01 -6.9654e+00 -1.1509e-01  1.9341e+01  2.9164e-01 -1.9341e+01 -2.9164e-01
-3.9750e+00     7.5320e+00  1.1631e-01 -7.5242e+00 -1.1630e-01  1.9401e+01  2.9260e-01 -1.9401e+01 -2.9260e-01
-3.9667e+00     1.0024e+01  1.7899e-01 -1.0071e+01 -1.7959e-01  1.9474e+01  2.9383e-01 -1.9475e+01 -2.9383e-01
-3.9583e+00     3.0448e+01  5.9065e-01 -3.0297e+01 -5.8855e-01  1.9643e+01  2.9703e-01 -1.9643e+01 -2.9703e-01
-3.9500e+00     1.5305e+01  3.6981e-01 -1.5295e+01 -3.6964e-01  1.9833e+01  3.0102e-01 -1.9832e+01 -3.0101e-01
-3.9417e+00     1.1686e+01  2.6252e-01 -1.1684e+01 -2.6251e-01  1.9945e+01  3.0365e-01 -1.9944e+01 -3.0364e-01
-3.9333e+00     1.1590e+01  2.6170e-01 -1.1589e+01 -2.6171e-01  2.0042e+01  3.0584e-01 -2.0041e+01 -3.0582e-01
-3.9250e+00     1.3389e+01  3.0115e-01 -1.3391e+01 -3.0123e-01  2.0146e+01  3.0818e-01 -2.0145e+01 -3.0817e-01
-3.9167e+00     1.9729e+01  4.6887e-01 -1.9711e+01 -4.6839e-01  2.0284e+01  3.1138e-01 -2.0283e+01 -3.1137e-01
-3.9083e+00     1.1575e+01  2.4778e-01 -1.1577e+01 -2.4782e-01  2.0414e+01  3.1436e-01 -2.0413e+01 -3.1435e-01
-3.9000e+00     1.4412e+01  2.6785e-01 -1.4407e+01 -2.6777e-01  2.0522e+01  3.1651e-01 -2.0521e+01 -3.1649e-01
-3.8917e+00     1.1664e+01  1.9583e-01 -1.1662e+01 -1.9577e-01  2.0630e+01  3.1843e-01 -2.0630e+01 -3.1842e-01
-3.8833e+00     1.1061e+01  1.7571e-01 -1.1060e+01 -1.7568e-01  2.0725e+01  3.1998e-01 -2.0724e+01 -3.1997e-01
-3.8750e+00     1.3880e+01  2.1465e-01 -1.3884e+01 -2.1469e-01  2.0829e+01  3.2160e-01 -2.0828e+01 -3.2159e-01
-3.8667e+00     2.0557e+01  3.1127e-01 -2.0569e+01 -3.1141e-01  2.0972e+01  3.2379e-01 -2.0971e+01 -3.2378e-01
-3.8583e+00     4.5083e+01  5.7819e-01 -4.5109e+01 -5.7834e-01  2.1245e+01  3.2749e-01 -2.1244e+01 -3.2748e-01
-3.8500e+00     2.3979e+01  3.4144e-01 -2.3973e+01 -3.4137e-01  2.1532e+01  3.3132e-01 -2.1532e+01 -3.3130e-01
-3.8417e+00     1.1289e+01  1.5998e-01 -1.1280e+01 -1.5988e-01  2.1679e+01  3.3340e-01 -2.1678e+01 -3.3339e-01
-3.8333e+00     7.4921e+00  1.0992e-01 -7.4923e+00 -1.0992e-01  2.1757e+01  3.3453e-01 -2.1756e+01 -3.3451e-01
-3.8250e+00     7.8946e+00  1.1843e-01 -7.8960e+00 -1.1845e-01  2.1821e+01  3.3548e-01 -2.1820e+01 -3.3546e-01
-3.8167e+00     9.7639e+00  1.5894e-01 -9.7660e+00 -1.5897e-01  2.1895e+01  3.3663e-01 -2.1894e+01 -3.3662e-01
-3.8083e+00     1.0836e+01  1.8463e-01 -1.0834e+01 -1.8458e-01  2.1980e+01  3.3806e-01 -2.1980e+01 -3.3804e-01
-3.8000e+00     8.3772e+00  1.5018e-01 -8.3775e+00 -1.5018e-01  2.2060e+01  3.3945e-01 -2.2060e+01 -3.3944e-01
-3.7917e+00     9.2690e+00  1.7692e-01 -9.2706e+00 -1.7693e-01  2.2134e+01  3.4081e-01 -2.2133e+01 -3.4080e-01
-3.7833e+00     1.0934e+01  2.2046e-01 -1.0936e+01 -2.2047e-01  2.2218e+01  3.4246e-01 -2.2217e+01 -3.4245e-01
-3.7750e+00     9.3939e+00  2.1672e-01 -9.3941e+00 -2.1675e-01  2.2302e+01  3.4428e-01 -2.2302e+01 -3.4427e-01
-3.7667e+00     1.2510e+01  2.6733e-01 -1.2516e+01 -2.6736e-01  2.2393e+01  3.4630e-01 -2.2393e+01 -3.4628e-01
-3.7583e+00     1.4572e+01  2.6334e-01 -1.4567e+01 -2.6313e-01  2.2506e+01  3.4850e-01 -2.2505e+01 -3.4849e-01
-3.7500e+00     1.2931e+01  2.1517e-01 -1.2935e+01 -2.1528e-01  2.2620e+01  3.5049e-01 -2.2620e+01 -3.5048e-01
-3.7417e+00     1.7208e+01  3.7615e-01 -1.7211e+01 -3.7634e-01  2.2746e+01  3.5295e-01 -2.2745e+01 -3.5294e-01
-3.7333e+00     1.7428e+01  4.5072e-01 -1.7432e+01 -4.5096e-01  2.2890e+01  3.5639e-01 -2.2889e+01 -3.5638e-01
-3.7250e+00     2.3415e+01  5.2856e-01 -2.3380e+01 -5.2770e-01  2.3060e+01  3.6047e-01 -2.3059e+01 -3.6045e-01
-3.7167e+00     1.5701e+01  3.5461e-01 -1.5699e+01 -3.5458e-01  2.3222e+01  3.6414e-01 -2.3222e+01 -3.6412e-01
-3.7083e+00     9.6450e+00  2.2857e-01 -9.6420e+00 -2.2851e-01  2.3328e+01  3.6657e-01 -2.3327e+01 -3.6655e-01
-3.7000e+00     6.0219e+00  1.3743e-01 -6.0195e+00 -1.3739e-01  2.3393e+01  3.6809e-01 -2.3392e+01 -3.6807e-01
-3.6917e+00     3.3521e+00  7.6864e-02 -3.3498e+00 -7.6833e-02  2.3432e+01  3.6898e-01 -2.3431e+01 -3.6896e-01
-3.6833e+00     2.7042e+00  6.4690e-02 -2.7040e+00 -6.4695e-02  2.3457e+01  3.6957e-01 -2.3456e+01 -3.6955e-01
-3.6750e+00     3.3235e+00  6.4123e-02 -3.3207e+00 -6.4033e-02  2.3482e+01  3.7011e-01 -2.3481e+01 -3.7009e-01
-3.6667e+00     1.2808e+01  2.8919e-01 -1.2818e+01 -2.8945e-01  2.3549e+01  3.7158e-01 -2.3548e+01 -3.7156e-01
-3.6583e+00     1.5265e+01  3.6839e-01 -1.5265e+01 -3.6840e-01  2.3666e+01  3.7431e-01 -2.3665e+01 -3.7429e-01
-3.6500e+00     1.3194e+01  3.2925e-01 -1.3189e+01 -3.2914e-01  2.3785e+01  3.7721e-01 -2.3784e+01 -3.7719e-01
-3.6417e+00     1.2569e+01  3.0501e-01 -1.2573e+01 -3.0504e-01  2.3892e+01  3.7985e-01 -2.3891e+01 -3.7983e-01
-3.6333e+00     1.6591e+01  3.9051e-01 -1.6595e+01 -3.9059e-01  2.4013e+01  3.8274e-01 -2.4012e+01 -3.8273e-01
-3.6250e+00     1.8128e+01  3.8806e-01 -1.8126e+01 -3.8801e-01  2.4157e+01  3.8598e-01 -2.4157e+01 -3.8597e-01
-3.6167e+00     1.3573e+01  3.0219e-01 -1.3567e+01 -3.0219e-01  2.4289e+01  3.8885e-01 -2.4288e+01 -3.8884e-01
-3.6083e+00     1.0837e+01  2.1137e-01 -1.0833e+01 -2.1130e-01  2.4391e+01  3.9099e-01 -2.4390e+01 -3.9097e-01
-3.6000e+00     4.8477e+00  8.3776e-02 -4.8302e+00 -8.3576e-02  2.4456e+01  3.9222e-01 -2.4455e+01 -3.9220e-01
-3.5917e+00     2.1305e-01  3.2148e-03 -2.1473e-01 -3.2398e-03  2.4477e+01  3.9258e-01 -2.4476e+01 -3.9256e-01
-3.5833e+00     5.2202e+00  7.8631e-02 -5.2216e+00 -7.8651e-02  2.4500e+01  3.9292e-01 -2.4499e+01 -3.9290e-01
-3.5750e+00     8.1302e+00  1.2812e-01 -8.1321e+00 -1.2815e-01  2.4555e+01  3.9378e-01 -2.4554e+01 -3.9376e-01
-3.5667e+00     1.2083e+01  1.9481e-01 -1.2086e+01 -1.9484e-01  2.4639e+01  3.9512e-01 -2.4638e+01 -3.9510e-01
-3.5583e+00     1.4570e+01  2.7693e-01 -1.4572e+01 -2.7701e-01  2.4750e+01  3.9709e-01 -2.4749e+01 -3.9707e-01
-3.5500e+00     1.6587e+01  4.0306e-01 -1.6587e+01 -4.0310e-01  2.4880e+01  3.9991e-01 -2.4879e+01 -3.9990e-01
-3.5417e+00     1.4031e+01  4.8163e-01 -1.4026e+01 -4.8159e-01  2.5007e+01  4.0359e-01 -2.5006e+01 -4.0358e-01
-3.5333e+00     1.1947e+01  6.3202e-01 -1.1948e+01 -6.3230e-01  2.5115e+01  4.0823e-01 -2.5114e+01 -4.0821e-01
-3.5250e+00     1.3193e+01  1.2457e+00 -1.3193e+01 -1.2458e+00  2.5220e+01  4.1604e-01 -2.5219e+01 -4.1602e-01
-3.5167e+00     1.2356e+01  1.4514e+00 -1.2355e+01 -1.4514e+00  2.5326e+01  4.2726e-01 -2.5325e+01 -4.2724e-01
-3.5083e+00     2.8143e+01  5.5147e+00 -2.8070e+01 -5.5006e+00  2.5495e+01  4.5623e-01 -2.5493e+01 -4.5616e-01
-3.5000e+00     0.0000e+00  0.0000e+00 -0.0000e+00 -0.0000e+00  2.5612e+01  4.7917e-01 -2.5610e+01 -4.7904e-01
-3.4917e+00     3.9750e+00  1.2616e+00 -3.9752e+00 -1.2616e+00  2.5628e+01  4.8442e-01 -2.5627e+01 -4.8429e-01
-3.4833e+00     5.5696e+00  1.7378e+00 -5.5698e+00 -1.7379e+00  2.5668e+01  4.9690e-01 -2.5666e+01 -4.9677e-01
-3.4750e+00     6.4869e+00  1.9917e+00 -6.4869e+00 -1.9918e+00  2.5718e+01  5.1241e-01 -2.5716e+01 -5.1228e-01
-3.4667e+00     6.3665e+00  1.8709e+00 -6.3667e+00 -1.8710e+00  2.5771e+01  5.2848e-01 -2.5770e+01 -5.2835e-01
-3.4583e+00     6.8592e+00  1.8872e+00 -6.8596e+00 -1.8874e+00  2.5826e+01  5.4411e-01 -2.5825e+01 -5.4398e-01
-3.4500e+00     8.0464e+00  2.0975e+00 -8.0469e+00 -2.0976e+00  2.5888e+01  5.6069e-01 -2.5887e+01 -5.6056e-01
-3.4417e+00     9.1912e+00  2.2778e+00 -9.1917e+00 -2.2779e+00  2.5960e+01  5.7889e-01 -2.5959e+01 -5.7876e-01
-3.4333e+00     1.3358e+01  3.1601e+00 -1.3363e+01 -3.1611e+00  2.6054e+01  6.0151e-01 -2.6052e+01 -6.0138e-01
-3.4250e+00     4.9170e+01  1.0747e+01 -4.9298e+01 -1.0771e+01  2.6314e+01  6.5936e-01 -2.6313e+01 -6.5934e-01
-3.4167e+00     1.3168e+01  3.0107e+00 -1.3164e+01 -3.0095e+00  2.6573e+01  7.1659e-01 -2.6573e+01 -7.1666e-01
-3.4083e+00     7.3120e+00  1.6524e+00 -7.3062e+00 -1.6506e+00  2.6659e+01  7.3598e-01 -2.6658e+01 -7.3604e-01
-3.4000e+00     2.4274e+00  4.6317e-01 -2.4225e+00 -4.6185e-01  2.6699e+01  7.4478e-01 -2.6699e+01 -7.4483e-01
-3.3917e+00     4.5464e-01  5.0074e-02 -4.5454e-01 -5.0064e-02  2.6711e+01  7.4692e-01 -2.6710e+01 -7.4696e-01
-3.3833e+00     2.6454e-02  2.4300e-03 -2.7143e-02 -2.4952e-03  2.6713e+01  7.4714e-01 -2.6712e+01 -7.4718e-01
-3.3750e+00     1.2214e+00  1.1071e-01 -1.2242e+00 -1.1105e-01  2.6718e+01  7.4761e-01 -2.6718e+01 -7.4765e-01
-3.3667e+00     2.7423e+00  2.4308e-01 -2.7465e+00 -2.4359e-01  2.6735e+01  7.4908e-01 -2.6734e+01 -7.4913e-01
-3.3583e+00     4.0815e+00  3.1794e-01 -4.0853e+00 -3.1841e-01  2.6763e+01  7.5141e-01 -2.6763e+01 -7.5146e-01
-3.3500e+00     5.0286e+00  3.6143e-01 -5.0318e+00 -3.6187e-01  2.6801e+01  7.5424e-01 -2.6801e+01 -7.5429e-01
-3.3417e+00     5.6846e+00  3.7622e-01 -5.6877e+00 -3.7653e-01  2.6846e+01  7.5731e-01 -2.6845e+01 -7.5736e-01
-3.3333e+00     6.2739e+00  3.5463e-01 -6.2754e+00 -3.5484e-01  2.6895e+01  7.6035e-01 -2.6895e+01 -7.6041e-01
-3.3250e+00     6.2756e+00  3.1306e-01 -6.2754e+00 -3.1321e-01  2.6948e+01  7.6313e-01 -2.6947e+01 -7.6319e-01
-3.3167e+00     6.0307e+00  2.6930e-01 -6.0295e+00 -2.6936e-01  2.6999e+01  7.6555e-01 -2.6998e+01 -7.6561e-01
-3.3083e+00     5.4931e+00  2.1068e-01 -5.4908e+00 -2.1064e-01  2.7047e+01  7.6755e-01 -2.7046e+01 -7.6761e-01
-3.3000e+00     4.6775e+00  1.3630e-01 -4.6748e+00 -1.3616e-01  2.7089e+01  7.6899e-01 -2.7088e+01 -7.6905e-01
-3.2917e+00     4.0833e+00  6.9861e-02 -4.0810e+00 -6.9706e-02  2.7125e+01  7.6985e-01 -2.7125e+01 -7.6991e-01
-3.2833e+00     4.0584e+00  4.7244e-02 -4.0582e+00 -4.7266e-02  2.7159e+01  7.7033e-01 -2.7159e+01 -7.7039e-01
-3.2750e+00     4.2329e+00  4.8188e-02 -4.2323e+00 -4.8206e-02  2.7194e+01  7.7073e-01 -2.7193e+01 -7.7079e-01
-3.2667e+00     4.2859e+00  4.7663e-02 -4.2851e+00 -4.7677e-02  2.7229e+01  7.7113e-01 -2.7229e+01 -7.7119e-01
-3.2583e+00     4.2174e+00  4.5670e-02 -4.2164e+00 -4.5680e-02  2.7265e+01  7.7152e-01 -2.7264e+01 -7.7158e-01
-3.2500e+00     4.0275e+00  4.2209e-02 -4.0263e+00 -4.2215e-02  2.7299e+01  7.7188e-01 -2.7298e+01 -7.7194e-01
-3.2417e+00     3.7160e+00  3.7279e-02 -3.7148e+00 -3.7282e-02  2.7331e+01  7.7221e-01 -2.7331e+01 -7.7227e-01
-3.2333e+00     4.5412e+00  3.0305e-02 -4.5406e+00 -3.0302e-02  2.7365e+01  7.7249e-01 -2.7365e+01 -7.7255e-01
-3.2250e+00     5.4574e+00  2.3260e-02 -5.4570e+00 -2.3256e-02  2.7407e+01  7.7272e-01 -2.7406e+01 -7.7278e-01
-3.2167e+00     7.5501e+00  2.0745e-02 -7.5507e+00 -2.0740e-02  2.7461e+01  7.7290e-01 -2.7461e+01 -7.7296e-01
-3.2083e+00     8.5800e+00  2.4242e-02 -8.5766e+00 -2.4233e-02  2.7528e+01  7.7309e-01 -2.7528e+01 -7.7315e-01
-3.2000e+00     8.5267e+00  2.4675e-02 -8.5232e+00 -2.4665e-02  2.7599e+01  7.7329e-01 -2.7599e+01 -7.7335e-01
-3.1917e+00     7.4879e+00  2.1915e-02 -7.4857e+00 -2.1908e-02  2.7666e+01  7.7348e-01 -2.7665e+01 -7.7354e-01
-3.1833e+00     1.2331e+00  4.3195e-03 -1.2410e+00 -4.3455e-03  2.7702e+01  7.7359e-01 -2.7702e+01 -7.7365e-01
-3.1750e+00     0.0000e+00  0.0000e+00 -0.0000e+00 -0.0000e+00  2.7707e+01  7.7361e-01 -2.7707e+01 -7.7367e-01
-3.1667e+00     0.0000e+00  0.0000e+00 -0.0000e+00 -0.0000e+00  2.7707e+01  7.7361e-01 -2.7707e+01 -7.7367e-01
-3.1583e+00     0.0000e+00  0.0000e+00 -0.0000e+00 -0.0000e+00  2.7707e+01  7.7361e-01 -2.7707e+01 -7.7367e-01
-3.1500e+00     0.0000e+00  0.0000e+00 -0.0000e+00 -0.0000e+00  2.7707e+01  7.7361e-01 -2.7707e+01 -7.7367e-01
-3.1417e+00     0.0000e+00  0.0000e+00 -0.0000e+00 -0.0000e+00  2.7707e+01  7.7361e-01 -2.7707e+01 -7.7367e-01
-3.1333e+00     0.0000e+00  0.0000e+00 -0.0000e+00 -0.0000e+00  2.7707e+01  7.7361e-01 -2.7707e+01 -7.7367e-01
-3.1250e+00     0.0000e+00  0.0000e+00 -0.0000e+00 -0.0000e+00  2.7707e+01  7.7361e-01 -2.7707e+01 -7.7367e-01
-3.1167e+00     0.0000e+00  0.0000e+00 -0.0000e+00 -0.0000e+00  2.7707e+01  7.7361e-01 -2.7707e+01 -7.7367e-01
-3.1083e+00     0.0000e+00  0.0000e+00 -0.0000e+00 -0.0000e+00  2.7707e+01  7.7361e-01 -2.7707e+01 -7.7367e-01
-3.1000e+00     0.0000e+00  0.0000e+00 -0.0000e+00 -0.0000e+00  2.7707e+01  7.7361e-01 -2.7707e+01 -7.7367e-01
-3.0917e+00     0.0000e+00  0.0000e+00 -0.0000e+00 -0.0000e+00  2.7707e+01  7.7361e-01 -2.7707e+01 -7.7367e-01
-3.0833e+00     0.0000e+00  0.0000e+00 -0.0000e+00 -0.0000e+00  2.7707e+01  7.7361e-01 -2.7707e+01 -7.7367e-01
-3.0750e+00     0.0000e+00  0.0000e+00 -0.0000e+00 -0.0000e+00  2.7707e+01  7.7361e-01 -2.7707e+01 -7.7367e-01
-3.0667e+00     0.0000e+00  0.0000e+00 -0.0000e+00 -0.0000e+00  2.7707e+01  7.7361e-01 -2.7707e+01 -7.7367e-01
-3.0583e+00     0.0000e+00  0.0000e+00 -0.0000e+00 -0.0000e+00  2.7707e+01  7.7361e-01 -2.7707e+01 -7.7367e-01
-3.0500e+00     0.0000e+00  0.0000e+00 -0.0000e+00 -0.0000e+00  2.7707e+01  7.7361e-01 -2.7707e+01 -7.7367e-01
-3.0417e+00     3.1989e-02  4.1881e-04 -3.1511e-02 -4.1259e-04  2.7708e+01  7.7361e-01 -2.7707e+01 -7.7367e-01
-3.0333e+00     2.8815e+00  3.8516e-02 -2.8802e+00 -3.8500e-02  2.7720e+01  7.7378e-01 -2.7719e+01 -7.7383e-01
-3.0250e+00     6.2793e+00  8.4500e-02 -6.2790e+00 -8.4500e-02  2.7758e+01  7.7429e-01 -2.7757e+01 -7.7435e-01
-3.0167e+00     7.8386e+00  1.0356e-01 -7.8392e+00 -1.0357e-01  2.7817e+01  7.7507e-01 -2.7816e+01 -7.7513e-01
-3.0083e+00     1.0054e+01  1.4752e-01 -1.0056e+01 -1.4754e-01  2.7891e+01  7.7611e-01 -2.7890e+01 -7.7617e-01
-3.0000e+00     1.3841e+01  2.0785e-01 -1.3842e+01 -2.0788e-01  2.7990e+01  7.7759e-01 -2.7990e+01 -7.7765e-01
-2.9917e+00     1.4089e+01  2.4696e-01 -1.4090e+01 -2.4699e-01  2.8107e+01  7.7948e-01 -2.8106e+01 -7.7954e-01
-2.9833e+00     1.4508e+01  3.0859e-01 -1.4513e+01 -3.0875e-01  2.8225e+01  7.8180e-01 -2.8225e+01 -7.8186e-01
-2.9750e+00     2.8634e+01  8.1093e-01 -2.8643e+01 -8.1123e-01  2.8405e+01  7.8645e-01 -2.8404e+01 -7.8651e-01
-2.9667e+00     2.7923e+01  7.2953e-01 -2.7875e+01 -7.2796e-01  2.8640e+01  7.9286e-01 -2.8640e+01 -7.9292e-01
-2.9583e+00     0.0000e+00  0.0000e+00 -0.0000e+00 -0.0000e+00  2.8756e+01  7.9589e-01 -2.8756e+01 -7.9594e-01
-2.9500e+00     2.6153e-01  8.1944e-04 -2.6233e-01 -8.2215e-04  2.8757e+01  7.9590e-01 -2.8757e+01 -7.9595e-01
-2.9417e+00     8.8438e-01  2.7795e-03 -8.8522e-01 -2.7828e-03  2.8762e+01  7.9591e-01 -2.8761e+01 -7.9596e-01
-2.9333e+00     1.6091e+00  5.0603e-03 -1.6099e+00 -5.0641e-03  2.8773e+01  7.9595e-01 -2.8772e+01 -7.9600e-01
-2.9250e+00     3.0597e+00  1.2445e-02 -3.0610e+00 -1.2453e-02  2.8792e+01  7.9602e-01 -2.8791e+01 -7.9607e-01
-2.9167e+00     1.1911e+01  6.3801e-02 -1.1910e+01 -6.3813e-02  2.8854e+01  7.9634e-01 -2.8853e+01 -7.9639e-01
-2.9083e+00     1.6368e+01  1.0193e-01 -1.6368e+01 -1.0194e-01  2.8972e+01  7.9702e-01 -2.8971e+01 -7.9708e-01
-2.9000e+00     1.3632e+01  8.0343e-02 -1.3631e+01 -8.0341e-02  2.9097e+01  7.9778e-01 -2.9096e+01 -7.9783e-01
-2.8917e+00     1.1879e+01  6.6194e-02 -1.1879e+01 -6.6199e-02  2.9203e+01  7.9839e-01 -2.9202e+01 -7.9844e-01
-2.8833e+00     1.3018e+01  6.8569e-02 -1.3023e+01 -6.8601e-02  2.9306e+01  7.9895e-01 -2.9306e+01 -7.9900e-01
-2.8750e+00     1.0677e+01  5.5416e-02 -1.0674e+01 -5.5405e-02  2.9405e+01  7.9947e-01 -2.9404e+01 -7.9952e-01
-2.8667e+00     1.0677e+01  4.7676e-02 -1.0675e+01 -4.7672e-02  2.9494e+01  7.9990e-01 -2.9493e+01 -7.9995e-01
-2.8583e+00     6.6617e+00  2.3944e-02 -6.6606e+00 -2.3943e-02  2.9566e+01  8.0020e-01 -2.9565e+01 -8.0025e-01
-2.8500e+00     7.9506e+00  2.3019e-02 -7.9468e+00 -2.3014e-02  2.9627e+01  8.0039e-01 -2.9626e+01 -8.0044e-01
-2.8417e+00     6.1351e+00  1.4930e-02 -6.1374e+00 -1.4936e-02  2.9685e+01  8.0055e-01 -2.9684e+01 -8.0060e-01
-2.8333e+00     2.7789e-02  8.1520e-05 -2.8857e-02 -8.4615e-05  2.9711e+01  8.0061e-01 -2.9710e+01 -8.0066e-01
-2.8250e+00     0.0000e+00  0.0000e+00 -0.0000e+00 -0.0000e+00  2.9711e+01  8.0061e-01 -2.9710e+01 -8.0066e-01
-2.8167e+00     0.0000e+00  0.0000e+00 -0.0000e+00 -0.0000e+00  2.9711e+01  8.0061e-01 -2.9710e+01 -8.0066e-01
-2.8083e+00     0.0000e+00  0.0000e+00 -0.0000e+00 -0.0000e+00  2.9711e+01  8.0061e-01 -2.9710e+01 -8.0066e-01
-2.8000e+00     0.0000e+00  0.0000e+00 -0.0000e+00 -0.0000e+00  2.9711e+01  8.0061e-01 -2.9710e+01 -8.0066e-01
-2.7917e+00     0.0000e+00  0.0000e+00 -0.0000e+00 -0.0000e+00  2.9711e+01  8.0061e-01 -2.9710e+01 -8.0066e-01
-2.7833e+00     0.0000e+00  0.0000e+00 -0.0000e+00 -0.0000e+00  2.9711e+01  8.0061e-01 -2.9710e+01 -8.0066e-01
-2.7750e+00     0.0000e+00  0.0000e+00 -0.0000e+00 -0.0000e+00  2.9711e+01  8.0061e-01 -2.9710e+01 -8.0066e-01
-2.7667e+00     0.0000e+00  0.0000e+00 -0.0000e+00 -0.0000e+00  2.9711e+01  8.0061e-01 -2.9710e+01 -8.0066e-01
-2.7583e+00     0.0000e+00  0.0000e+00 -0.0000e+00 -0.0000e+00  2.9711e+01  8.0061e-01 -2.9710e+01 -8.0066e-01
-2.7500e+00     0.0000e+00  0.0000e+00 -0.0000e+00 -0.0000e+00  2.9711e+01  8.0061e-01 -2.9710e+01 -8.0066e-01
-2.7417e+00     0.0000e+00  0.0000e+00 -0.0000e+00 -0.0000e+00  2.9711e+01  8.0061e-01 -2.9710e+01 -8.0066e-01
-2.7333e+00     0.0000e+00  0.0000e+00 -0.0000e+00 -0.0000e+00  2.9711e+01  8.0061e-01 -2.9710e+01 -8.0066e-01
-2.7250e+00     0.0000e+00  0.0000e+00 -0.0000e+00 -0.0000e+00  2.9711e+01  8.0061e-01 -2.9710e+01 -8.0066e-01
-2.7167e+00     0.0000e+00  0.0000e+00 -0.0000e+00 -0.0000e+00  2.9711e+01  8.0061e-01 -2.9710e+01 -8.0066e-01
-2.7083e+00     0.0000e+00  0.0000e+00 -0.0000e+00 -0.0000e+00  2.9711e+01  8.0061e-01 -2.9710e+01 -8.0066e-01
-2.7000e+00     0.0000e+00  0.0000e+00 -0.0000e+00 -0.0000e+00  2.9711e+01  8.0061e-01 -2.9710e+01 -8.0066e-01
-2.6917e+00     9.7685e-02  8.3001e-05 -6.3151e-02 -5.5203e-05  2.9711e+01  8.0061e-01 -2.9710e+01 -8.0066e-01
-2.6833e+00     3.3001e+01  3.5057e-02 -3.2140e+01 -3.4097e-02  2.9849e+01  8.0076e-01 -2.9844e+01 -8.0080e-01
-2.6750e+00     4.1075e+01  4.7458e-02 -4.1376e+01 -4.7815e-02  3.0157e+01  8.0110e-01 -3.0150e+01 -8.0115e-01
-2.6667e+00     2.7975e+01  3.1898e-02 -2.8147e+01 -3.2155e-02  3.0444e+01  8.0143e-01 -3.0439e+01 -8.0148e-01
-2.6583e+00     1.7706e+01  1.1470e-02 -1.9903e+01 -1.3752e-02  3.0634e+01  8.0161e-01 -3.0639e+01 -8.0167e-01
-2.6500e+00     9.6680e-01  3.7317e-04 -1.1592e+00 -4.4720e-04  3.0712e+01  8.0166e-01 -3.0727e+01 -8.0173e-01
-2.6417e+00     0.0000e+00  0.0000e+00 -0.0000e+00 -0.0000e+00  3.0716e+01  8.0166e-01 -3.0732e+01 -8.0173e-01
-2.6333e+00     0.0000e+00  0.0000e+00 -0.0000e+00 -0.0000e+00  3.0716e+01  8.0166e-01 -3.0732e+01 -8.0173e-01
-2.6250e+00     0.0000e+00  0.0000e+00 -0.0000e+00 -0.0000e+00  3.0716e+01  8.0166e-01 -3.0732e+01 -8.0173e-01
-2.6167e+00     0.0000e+00  0.0000e+00 -0.0000e+00 -0.0000e+00  3.0716e+01  8.0166e-01 -3.0732e+01 -8.0173e-01
-2.6083e+00     0.0000e+00  0.0000e+00 -0.0000e+00 -0.0000e+00  3.0716e+01  8.0166e-01 -3.0732e+01 -8.0173e-01
-2.6000e+00     0.0000e+00  0.0000e+00 -0.0000e+00 -0.0000e+00  3.0716e+01  8.0166e-01 -3.0732e+01 -8.0173e-01
-2.5917e+00     0.0000e+00  0.0000e+00 -0.0000e+00 -0.0000e+00  3.0716e+01  8.0166e-01 -3.0732e+01 -8.0173e-01
-2.5833e+00     0.0000e+00  0.0000e+00 -0.0000e+00 -0.0000e+00  3.0716e+01  8.0166e-01 -3.0732e+01 -8.0173e-01
-2.5750e+00     0.0000e+00  0.0000e+00 -0.0000e+00 -0.0000e+00  3.0716e+01  8.0166e-01 -3.0732e+01 -8.0173e-01
-2.5667e+00     0.0000e+00  0.0000e+00 -0.0000e+00 -0.0000e+00  3.0716e+01  8.0166e-01 -3.0732e+01 -8.0173e-01
-2.5583e+00     0.0000e+00  0.0000e+00 -0.0000e+00 -0.0000e+00  3.0716e+01  8.0166e-01 -3.0732e+01 -8.0173e-01
-2.5500e+00     0.0000e+00  0.0000e+00 -0.0000e+00 -0.0000e+00  3.0716e+01  8.0166e-01 -3.0732e+01 -8.0173e-01
-2.5417e+00     0.0000e+00  0.0000e+00 -0.0000e+00 -0.0000e+00  3.0716e+01  8.0166e-01 -3.0732e+01 -8.0173e-01
-2.5333e+00     0.0000e+00  0.0000e+00 -0.0000e+00 -0.0000e+00  3.0716e+01  8.0166e-01 -3.0732e+01 -8.0173e-01
-2.5250e+00     0.0000e+00  0.0000e+00 -0.0000e+00 -0.0000e+00  3.0716e+01  8.0166e-01 -3.0732e+01 -8.0173e-01
-2.5167e+00     5.1868e-02  1.1965e-04 -3.3399e-02 -7.7303e-05  3.0716e+01  8.0166e-01 -3.0732e+01 -8.0173e-01
-2.5083e+00     1.3069e+00  3.0149e-03 -1.2153e+00 -2.8129e-03  3.0722e+01  8.0168e-01 -3.0737e+01 -8.0174e-01
-2.5000e+00     1.6230e+01  5.3258e-02 -1.6041e+01 -5.1669e-02  3.0795e+01  8.0191e-01 -3.0809e+01 -8.0197e-01
-2.4917e+00     1.8092e+01  6.9500e-02 -1.8427e+01 -7.1095e-02  3.0938e+01  8.0242e-01 -3.0952e+01 -8.0248e-01
-2.4833e+00     1.2744e+01  5.4102e-02 -1.2963e+01 -5.4827e-02  3.1066e+01  8.0294e-01 -3.1083e+01 -8.0300e-01
-2.4750e+00     1.1286e+01  6.4265e-02 -1.1383e+01 -6.4578e-02  3.1166e+01  8.0343e-01 -3.1184e+01 -8.0350e-01
-2.4667e+00     1.1321e+01  7.0831e-02 -1.1388e+01 -7.1331e-02  3.1260e+01  8.0399e-01 -3.1279e+01 -8.0407e-01
-2.4583e+00     1.0942e+01  7.2380e-02 -1.0996e+01 -7.2869e-02  3.1353e+01  8.0459e-01 -3.1372e+01 -8.0467e-01
-2.4500e+00     1.3473e+01  8.6474e-02 -1.3477e+01 -8.6734e-02  3.1454e+01  8.0525e-01 -3.1474e+01 -8.0533e-01
-2.4417e+00     1.5025e+01  1.1162e-01 -1.5057e+01 -1.1199e-01  3.1573e+01  8.0607e-01 -3.1592e+01 -8.0616e-01
-2.4333e+00     9.7029e+00  9.4856e-02 -9.7085e+00 -9.4981e-02  3.1676e+01  8.0693e-01 -3.1695e+01 -8.0702e-01
-2.4250e+00     4.2661e-01  4.1165e-03 -4.2495e-01 -4.1051e-03  3.1718e+01  8.0734e-01 -3.1738e+01 -8.0743e-01
-2.4167e+00     8.0171e+00  8.2567e-02 -7.9769e+00 -8.2050e-02  3.1753e+01  8.0770e-01 -3.1772e+01 -8.0779e-01
-2.4083e+00     1.5136e+01  1.5300e-01 -1.5128e+01 -1.5279e-01  3.1849e+01  8.0868e-01 -3.1869e+01 -8.0876e-01
-2.4000e+00     2.4228e+01  2.3598e-01 -2.4209e+01 -2.3549e-01  3.2013e+01  8.1030e-01 -3.2032e+01 -8.1038e-01
-2.3917e+00     3.0658e+01  3.2795e-01 -3.0598e+01 -3.2682e-01  3.2241e+01  8.1265e-01 -3.2260e+01 -8.1272e-01
-2.3833e+00     2.9290e+01  3.2106e-01 -2.9377e+01 -3.2181e-01  3.2491e+01  8.1534e-01 -3.2510e+01 -8.1542e-01
-2.3750e+00     1.2088e+01  1.4188e-01 -1.2134e+01 -1.4227e-01  3.2663e+01  8.1727e-01 -3.2682e+01 -8.1735e-01
-2.3667e+00     8.5643e-01  1.0582e-02 -8.6485e-01 -1.0671e-02  3.2717e+01  8.1790e-01 -3.2736e+01 -8.1798e-01
-2.3583e+00     0.0000e+00  0.0000e+00 -0.0000e+00 -0.0000e+00  3.2720e+01  8.1795e-01 -3.2740e+01 -8.1803e-01
-2.3500e+00     4.3098e+00  4.4349e-02 -4.3126e+00 -4.4358e-02  3.2738e+01  8.1813e-01 -3.2758e+01 -8.1821e-01
-2.3417e+00     1.0563e+01  7.0878e-02 -1.0572e+01 -7.0908e-02  3.2800e+01  8.1861e-01 -3.2820e+01 -8.1869e-01
-2.3333e+00     1.3717e+01  7.2563e-02 -1.3731e+01 -7.2599e-02  3.2901e+01  8.1921e-01 -3.2921e+01 -8.1929e-01
-2.3250e+00     9.5189e+00  4.6673e-02 -9.5111e+00 -4.6639e-02  3.2998e+01  8.1971e-01 -3.3018e+01 -8.1978e-01
-2.3167e+00     5.7676e+00  2.8294e-02 -5.7656e+00 -2.8283e-02  3.3061e+01  8.2002e-01 -3.3081e+01 -8.2010e-01
-2.3083e+00     4.6065e+00  2.3199e-02 -4.6052e+00 -2.3193e-02  3.3104e+01  8.2023e-01 -3.3124e+01 -8.2031e-01
-2.3000e+00     4.0244e+00  2.2479e-02 -4.0239e+00 -2.2478e-02  3.3140e+01  8.2042e-01 -3.3160e+01 -8.2050e-01
-2.2917e+00     3.9648e+00  2.4626e-02 -3.9643e+00 -2.4624e-02  3.3173e+01  8.2062e-01 -3.3193e+01 -8.2070e-01
-2.2833e+00     3.9313e+00  2.6951e-02 -3.9308e+00 -2.6948e-02  3.3206e+01  8.2083e-01 -3.3226e+01 -8.2091e-01
-2.2750e+00     3.9238e+00  2.9453e-02 -3.9234e+00 -2.9450e-02  3.3239e+01  8.2107e-01 -3.3259e+01 -8.2115e-01
-2.2667e+00     3.9425e+00  3.2134e-02 -3.9421e+00 -3.2129e-02  3.3272e+01  8.2132e-01 -3.3292e+01 -8.2140e-01
-2.2583e+00     4.0761e+00  3.6151e-02 -4.0760e+00 -3.6147e-02  3.3305e+01  8.2161e-01 -3.3325e+01 -8.2169e-01
-2.2500e+00     4.6024e+00  4.4465e-02 -4.6022e+00 -4.4458e-02  3.3341e+01  8.2194e-01 -3.3361e+01 -8.2202e-01
-2.2417e+00     5.2438e+00  5.4170e-02 -5.2436e+00 -5.4160e-02  3.3382e+01  8.2235e-01 -3.3402e+01 -8.2243e-01
-2.2333e+00     5.8714e+00  6.4242e-02 -5.8713e+00 -6.4231e-02  3.3428e+01  8.2284e-01 -3.3448e+01 -8.2292e-01
-2.2250e+00     7.8250e+00  9.0168e-02 -7.8267e+00 -9.0169e-02  3.3485e+01  8.2349e-01 -3.3505e+01 -8.2357e-01
-2.2167e+00     1.9951e+01  2.8578e-01 -1.9982e+01 -2.8627e-01  3.3601e+01  8.2505e-01 -3.3621e+01 -8.2513e-01
-2.2083e+00     3.8810e+00  3.8926e-02 -3.8699e+00 -3.8807e-02  3.3700e+01  8.2640e-01 -3.3720e+01 -8.2648e-01
-2.2000e+00     5.7458e-01  5.6256e-03 -5.7156e-01 -5.5957e-03  3.3719e+01  8.2659e-01 -3.3739e+01 -8.2667e-01
-2.1917e+00     3.1478e+00  3.8743e-02 -3.1561e+00 -3.8833e-02  3.3734e+01  8.2677e-01 -3.3754e+01 -8.2685e-01
-2.1833e+00     1.1063e+01  1.3245e-01 -1.1067e+01 -1.3247e-01  3.3793e+01  8.2748e-01 -3.3813e+01 -8.2757e-01
-2.1750e+00     1.5138e+01  1.6702e-01 -1.5133e+01 -1.6695e-01  3.3902e+01  8.2873e-01 -3.3922e+01 -8.2881e-01
-2.1667e+00     1.6454e+01  1.6603e-01 -1.6450e+01 -1.6597e-01  3.4034e+01  8.3011e-01 -3.4054e+01 -8.3020e-01
-2.1583e+00     1.5526e+01  1.2957e-01 -1.5521e+01 -1.2951e-01  3.4167e+01  8.3134e-01 -3.4187e+01 -8.3143e-01
-2.1500e+00     1.4376e+01  1.0412e-01 -1.4383e+01 -1.0415e-01  3.4291e+01  8.3232e-01 -3.4311e+01 -8.3240e-01
-2.1417e+00     1.3855e+01  1.0695e-01 -1.3865e+01 -1.0699e-01  3.4408e+01  8.3319e-01 -3.4429e+01 -8.3328e-01
-2.1333e+00     1.6351e+01  8.8871e-02 -1.6322e+01 -8.8561e-02  3.4534e+01  8.3401e-01 -3.4554e+01 -8.3409e-01
-2.1250e+00     7.9679e+00  2.1091e-02 -7.9651e+00 -2.1069e-02  3.4635e+01  8.3447e-01 -3.4655e+01 -8.3455e-01
-2.1167e+00     9.8333e+00  3.4634e-02 -9.8192e+00 -3.4587e-02  3.4709e+01  8.3470e-01 -3.4729e+01 -8.3478e-01
-2.1083e+00     1.0486e+01  4.2904e-02 -1.0489e+01 -4.2921e-02  3.4794e+01  8.3502e-01 -3.4814e+01 -8.3510e-01
-2.1000e+00     1.3817e+01  6.4600e-02 -1.3853e+01 -6.4809e-02  3.4895e+01  8.3547e-01 -3.4915e+01 -8.3555e-01
-2.0917e+00     1.8572e+01  9.4228e-02 -1.8609e+01 -9.4425e-02  3.5030e+01  8.3613e-01 -3.5050e+01 -8.3621e-01
-2.0833e+00     1.9202e+01  8.8790e-02 -1.9207e+01 -8.8846e-02  3.5187e+01  8.3689e-01 -3.5207e+01 -8.3697e-01
-2.0750e+00     1.9970e+01  8.5205e-02 -1.9990e+01 -8.5152e-02  3.5350e+01  8.3761e-01 -3.5370e+01 -8.3770e-01
-2.0667e+00     2.0954e+01  8.4738e-02 -2.0895e+01 -8.4478e-02  3.5520e+01  8.3832e-01 -3.5540e+01 -8.3840e-01
-2.0583e+00     1.0963e+01  4.3273e-02 -1.0931e+01 -4.3181e-02  3.5653e+01  8.3885e-01 -3.5673e+01 -8.3893e-01
-2.0500e+00     3.7576e+00  1.9398e-02 -3.7554e+00 -1.9378e-02  3.5714e+01  8.3911e-01 -3.5734e+01 -8.3919e-01
-2.0417e+00     1.8780e+00  1.0349e-02 -1.8761e+00 -1.0335e-02  3.5737e+01  8.3924e-01 -3.5757e+01 -8.3932e-01
-2.0333e+00     3.8100e-01  2.4125e-03 -3.8043e-01 -2.4094e-03  3.5747e+01  8.3929e-01 -3.5767e+01 -8.3937e-01
-2.0250e+00     1.1663e+01  1.1294e-01 -1.1681e+01 -1.1311e-01  3.5797e+01  8.3977e-01 -3.5817e+01 -8.3985e-01
-2.0167e+00     2.6526e+01  2.2726e-01 -2.6534e+01 -2.2733e-01  3.5956e+01  8.4119e-01 -3.5976e+01 -8.4127e-01
-2.0083e+00     1.6587e+01  1.5023e-01 -1.6575e+01 -1.5016e-01  3.6135e+01  8.4276e-01 -3.6155e+01 -8.4284e-01
-2.0000e+00     1.1529e+01  1.0376e-01 -1.1530e+01 -1.0377e-01  3.6252e+01  8.4381e-01 -3.6272e+01 -8.4389e-01
-1.9917e+00     9.9767e+00  8.7487e-02 -9.9754e+00 -8.7479e-02  3.6341e+01  8.4461e-01 -3.6362e+01 -8.4469e-01
-1.9833e+00     8.7422e+00  7.5596e-02 -8.7421e+00 -7.5598e-02  3.6419e+01  8.4529e-01 -3.6439e+01 -8.4537e-01
-1.9750e+00     7.9901e+00  6.8448e-02 -7.9903e+00 -6.8454e-02  3.6489e+01  8.4589e-01 -3.6509e+01 -8.4597e-01
-1.9667e+00     1.2656e+01  1.3413e-01 -1.2670e+01 -1.3432e-01  3.6575e+01  8.4673e-01 -3.6595e+01 -8.4681e-01
-1.9583e+00     1.7512e+01  2.0436e-01 -1.7509e+01 -2.0434e-01  3.6700e+01  8.4814e-01 -3.6720e+01 -8.4822e-01
-1.9500e+00     1.4500e+01  1.6593e-01 -1.4493e+01 -1.6586e-01  3.6833e+01  8.4968e-01 -3.6854e+01 -8.4976e-01
-1.9417e+00     8.5355e+00  1.0524e-01 -8.5287e+00 -1.0518e-01  3.6929e+01  8.5080e-01 -3.6949e+01 -8.5089e-01
-1.9333e+00     8.7362e+00  9.8062e-02 -8.7405e+00 -9.8113e-02  3.7001e+01  8.5165e-01 -3.7021e+01 -8.5173e-01
-1.9250e+00     1.0519e+01  1.1005e-01 -1.0517e+01 -1.1003e-01  3.7081e+01  8.5252e-01 -3.7101e+01 -8.5260e-01
-1.9167e+00     9.5220e+00  9.4427e-02 -9.5209e+00 -9.4415e-02  3.7165e+01  8.5337e-01 -3.7185e+01 -8.5345e-01
-1.9083e+00     8.8552e+00  7.5106e-02 -8.8537e+00 -7.5093e-02  3.7241e+01  8.5407e-01 -3.7261e+01 -8.5415e-01
-1.9000e+00     8.2588e+00  6.2033e-02 -8.2584e+00 -6.2027e-02  3.7312e+01  8.5464e-01 -3.7332e+01 -8.5472e-01
-1.8917e+00     8.6285e+00  5.8535e-02 -8.6287e+00 -5.8537e-02  3.7382e+01  8.5514e-01 -3.7402e+01 -8.5522e-01
-1.8833e+00     9.9268e+00  6.6237e-02 -9.9279e+00 -6.6246e-02  3.7460e+01  8.5566e-01 -3.7480e+01 -8.5574e-01
-1.8750e+00     1.0911e+01  6.8614e-02 -1.0909e+01 -6.8596e-02  3.7546e+01  8.5622e-01 -3.7566e+01 -8.5630e-01
-1.8667e+00     9.3386e+00  4.5935e-02 -9.3436e+00 -4.5951e-02  3.7631e+01  8.5670e-01 -3.7651e+01 -8.5678e-01
-1.8583e+00     1.0745e+01  3.8965e-02 -1.0619e+01 -3.8468e-02  3.7714e+01  8.5705e-01 -3.7734e+01 -8.5713e-01
-1.8500e+00     0.0000e+00  0.0000e+00 -0.0000e+00 -0.0000e+00  3.7759e+01  8.5722e-01 -3.7778e+01 -8.5729e-01
-1.8417e+00     0.0000e+00  0.0000e+00 -0.0000e+00 -0.0000e+00  3.7759e+01  8.5722e-01 -3.7778e+01 -8.5729e-01
-1.8333e+00     0.0000e+00  0.0000e+00 -0.0000e+00 -0.0000e+00  3.7759e+01  8.5722e-01 -3.7778e+01 -8.5729e-01
-1.8250e+00     0.0000e+00  0.0000e+00 -0.0000e+00 -0.0000e+00  3.7759e+01  8.5722e-01 -3.7778e+01 -8.5729e-01
-1.8167e+00     0.0000e+00  0.0000e+00 -0.0000e+00 -0.0000e+00  3.7759e+01  8.5722e-01 -3.7778e+01 -8.5729e-01
-1.8083e+00     0.0000e+00  0.0000e+00 -0.0000e+00 -0.0000e+00  3.7759e+01  8.5722e-01 -3.7778e+01 -8.5729e-01
-1.8000e+00     0.0000e+00  0.0000e+00 -0.0000e+00 -0.0000e+00  3.7759e+01  8.5722e-01 -3.7778e+01 -8.5729e-01
-1.7917e+00     0.0000e+00  0.0000e+00 -0.0000e+00 -0.0000e+00  3.7759e+01  8.5722e-01 -3.7778e+01 -8.5729e-01
-1.7833e+00     0.0000e+00  0.0000e+00 -0.0000e+00 -0.0000e+00  3.7759e+01  8.5722e-01 -3.7778e+01 -8.5729e-01
-1.7750e+00     0.0000e+00  0.0000e+00 -0.0000e+00 -0.0000e+00  3.7759e+01  8.5722e-01 -3.7778e+01 -8.5729e-01
-1.7667e+00     0.0000e+00  0.0000e+00 -0.0000e+00 -0.0000e+00  3.7759e+01  8.5722e-01 -3.7778e+01 -8.5729e-01
-1.7583e+00     0.0000e+00  0.0000e+00 -0.0000e+00 -0.0000e+00  3.7759e+01  8.5722e-01 -3.7778e+01 -8.5729e-01
-1.7500e+00     0.0000e+00  0.0000e+00 -0.0000e+00 -0.0000e+00  3.7759e+01  8.5722e-01 -3.7778e+01 -8.5729e-01
-1.7417e+00     0.0000e+00  0.0000e+00 -0.0000e+00 -0.0000e+00  3.7759e+01  8.5722e-01 -3.7778e+01 -8.5729e-01
-1.7333e+00     1.5534e+00  1.2888e-03 -1.5582e+00 -1.2925e-03  3.7765e+01  8.5722e-01 -3.7784e+01 -8.5730e-01
-1.7250e+00     7.4467e+00  6.0782e-03 -7.4493e+00 -6.0789e-03  3.7803e+01  8.5725e-01 -3.7822e+01 -8.5733e-01
-1.7167e+00     9.3657e+00  7.0976e-03 -9.3686e+00 -7.0973e-03  3.7873e+01  8.5731e-01 -3.7892e+01 -8.5738e-01
-1.7083e+00     1.1790e+01  1.2773e-02 -1.1795e+01 -1.2782e-02  3.7961e+01  8.5739e-01 -3.7980e+01 -8.5747e-01
-1.7000e+00     2.0712e+01  4.9595e-02 -2.0723e+01 -4.9632e-02  3.8096e+01  8.5765e-01 -3.8115e+01 -8.5773e-01
-1.6917e+00     5.5732e+01  1.4803e-01 -5.5747e+01 -1.4808e-01  3.8414e+01  8.5847e-01 -3.8433e+01 -8.5855e-01
-1.6833e+00     1.4570e+01  4.1152e-02 -1.4562e+01 -4.1121e-02  3.8706e+01  8.5926e-01 -3.8726e+01 -8.5933e-01
-1.6750e+00     7.6408e+00  1.1685e-02 -7.6369e+00 -1.1675e-02  3.8799e+01  8.5948e-01 -3.8818e+01 -8.5955e-01
-1.6667e+00     0.0000e+00  0.0000e+00 -0.0000e+00 -0.0000e+00  3.8830e+01  8.5953e-01 -3.8850e+01 -8.5960e-01
-1.6583e+00     2.2000e-01  4.2914e-03 -2.2040e-01 -4.2991e-03  3.8831e+01  8.5954e-01 -3.8851e+01 -8.5962e-01
-1.6500e+00     1.5404e+00  3.1894e-02 -1.5410e+00 -3.1907e-02  3.8839e+01  8.5969e-01 -3.8858e+01 -8.5977e-01
-1.6417e+00     3.1060e+00  6.7346e-02 -3.1070e+00 -6.7366e-02  3.8858e+01  8.6011e-01 -3.8877e+01 -8.6018e-01
-1.6333e+00     4.6348e+00  1.0611e-01 -4.6355e+00 -1.0613e-01  3.8890e+01  8.6083e-01 -3.8909e+01 -8.6091e-01
-1.6250e+00     6.0460e+00  1.3322e-01 -6.0484e+00 -1.3325e-01  3.8935e+01  8.6182e-01 -3.8954e+01 -8.6190e-01
-1.6167e+00     1.4122e+01  2.5146e-01 -1.4133e+01 -2.5162e-01  3.9018e+01  8.6342e-01 -3.9038e+01 -8.6350e-01
-1.6083e+00     1.1638e+01  2.0133e-01 -1.1637e+01 -2.0131e-01  3.9126e+01  8.6531e-01 -3.9145e+01 -8.6539e-01
-1.6000e+00     1.0059e+01  1.8101e-01 -1.0058e+01 -1.8099e-01  3.9216e+01  8.6690e-01 -3.9235e+01 -8.6698e-01
-1.5917e+00     8.1625e+00  1.6580e-01 -8.1616e+00 -1.6579e-01  3.9292e+01  8.6834e-01 -3.9311e+01 -8.6842e-01
-1.5833e+00     7.6207e+00  1.7149e-01 -7.6203e+00 -1.7149e-01  3.9357e+01  8.6974e-01 -3.9377e+01 -8.6982e-01
-1.5750e+00     7.4668e+00  1.5573e-01 -7.4666e+00 -1.5572e-01  3.9420e+01  8.7110e-01 -3.9440e+01 -8.7118e-01
-1.5667e+00     7.6436e+00  1.4794e-01 -7.6437e+00 -1.4793e-01  3.9483e+01  8.7237e-01 -3.9502e+01 -8.7245e-01
-1.5583e+00     8.1221e+00  1.5300e-01 -8.1224e+00 -1.5300e-01  3.9549e+01  8.7362e-01 -3.9568e+01 -8.7370e-01
-1.5500e+00     9.1146e+00  1.6469e-01 -9.1153e+00 -1.6469e-01  3.9620e+01  8.7494e-01 -3.9640e+01 -8.7502e-01
-1.5417e+00     9.2870e+00  1.6765e-01 -9.2867e+00 -1.6765e-01  3.9697e+01  8.7632e-01 -3.9716e+01 -8.7640e-01
-1.5333e+00     9.4264e+00  1.7474e-01 -9.4267e+00 -1.7474e-01  3.9775e+01  8.7775e-01 -3.9794e+01 -8.7783e-01
-1.5250e+00     9.2907e+00  1.7177e-01 -9.2899e+00 -1.7175e-01  3.9852e+01  8.7919e-01 -3.9872e+01 -8.7927e-01
-1.5167e+00     9.1246e+00  1.6856e-01 -9.1262e+00 -1.6859e-01  3.9929e+01  8.8061e-01 -3.9949e+01 -8.8068e-01
-1.5083e+00     1.5102e+01  2.7125e-01 -1.5093e+01 -2.7108e-01  4.0030e+01  8.8243e-01 -4.0049e+01 -8.8251e-01
-1.5000e+00     6.0279e+00  9.9991e-02 -6.0272e+00 -9.9979e-02  4.0118e+01  8.8398e-01 -4.0137e+01 -8.8406e-01
-1.4917e+00     5.3259e+00  8.3426e-02 -5.3264e+00 -8.3437e-02  4.0165e+01  8.8474e-01 -4.0184e+01 -8.8482e-01
-1.4833e+00     7.3750e+00  1.1836e-01 -7.3764e+00 -1.1839e-01  4.0218e+01  8.8558e-01 -4.0237e+01 -8.8566e-01
-1.4750e+00     1.0626e+01  1.6730e-01 -1.0628e+01 -1.6733e-01  4.0293e+01  8.8677e-01 -4.0312e+01 -8.8685e-01
-1.4667e+00     1.1300e+01  1.6728e-01 -1.1298e+01 -1.6726e-01  4.0384e+01  8.8816e-01 -4.0403e+01 -8.8824e-01
-1.4583e+00     9.2199e+00  1.2558e-01 -9.2193e+00 -1.2557e-01  4.0469e+01  8.8938e-01 -4.0489e+01 -8.8946e-01
-1.4500e+00     8.3381e+00  1.0096e-01 -8.3385e+00 -1.0097e-01  4.0542e+01  8.9032e-01 -4.0562e+01 -8.9040e-01
-1.4417e+00     1.1236e+01  1.1607e-01 -1.1239e+01 -1.1608e-01  4.0624e+01  8.9122e-01 -4.0643e+01 -8.9130e-01
-1.4333e+00     1.5105e+01  1.3666e-01 -1.5105e+01 -1.3665e-01  4.0733e+01  8.9228e-01 -4.0753e+01 -8.9235e-01
-1.4250e+00     6.2983e+00  7.5304e-02 -6.2984e+00 -7.5304e-02  4.0822e+01  8.9316e-01 -4.0842e+01 -8.9324e-01
-1.4167e+00     7.1359e+00  8.1452e-02 -7.1367e+00 -8.1458e-02  4.0878e+01  8.9381e-01 -4.0898e+01 -8.9389e-01
-1.4083e+00     8.6753e+00  9.5619e-02 -8.6766e+00 -9.5631e-02  4.0944e+01  8.9455e-01 -4.0963e+01 -8.9462e-01
-1.4000e+00     1.2543e+01  1.3167e-01 -1.2546e+01 -1.3169e-01  4.1032e+01  8.9549e-01 -4.1052e+01 -8.9557e-01
-1.3917e+00     2.1516e+01  2.4296e-01 -2.1519e+01 -2.4303e-01  4.1174e+01  8.9705e-01 -4.1193e+01 -8.9713e-01
-1.3833e+00     2.5193e+01  3.4268e-01 -2.5196e+01 -3.4275e-01  4.1368e+01  8.9949e-01 -4.1388e+01 -8.9956e-01
-1.3750e+00     2.1651e+01  3.1437e-01 -2.1645e+01 -3.1429e-01  4.1563e+01  9.0222e-01 -4.1583e+01 -9.0230e-01
-1.3667e+00     1.4669e+01  2.1246e-01 -1.4670e+01 -2.1246e-01  4.1714e+01  9.0441e-01 -4.1734e+01 -9.0449e-01
-1.3583e+00     1.1923e+01  1.8070e-01 -1.1924e+01 -1.8072e-01  4.1825e+01  9.0605e-01 -4.1844e+01 -9.0612e-01
-1.3500e+00     1.5511e+01  2.2435e-01 -1.5511e+01 -2.2436e-01  4.1939e+01  9.0773e-01 -4.1958e+01 -9.0781e-01
-1.3417e+00     1.8751e+01  2.5753e-01 -1.8750e+01 -2.5752e-01  4.2081e+01  9.0974e-01 -4.2101e+01 -9.0981e-01
-1.3333e+00     1.1126e+01  1.7677e-01 -1.1122e+01 -1.7673e-01  4.2206e+01  9.1154e-01 -4.2225e+01 -9.1162e-01
-1.3250e+00     8.8998e+00  1.4786e-01 -8.9001e+00 -1.4787e-01  4.2289e+01  9.1289e-01 -4.2308e+01 -9.1297e-01
-1.3167e+00     1.0150e+01  1.7021e-01 -1.0151e+01 -1.7022e-01  4.2368e+01  9.1422e-01 -4.2388e+01 -9.1429e-01
-1.3083e+00     1.0859e+01  1.8789e-01 -1.0859e+01 -1.8790e-01  4.2456e+01  9.1571e-01 -4.2475e+01 -9.1578e-01
-1.3000e+00     8.4302e+00  1.6394e-01 -8.4258e+00 -1.6387e-01  4.2536e+01  9.1717e-01 -4.2555e+01 -9.1725e-01
-1.2917e+00     9.2688e+00  1.7673e-01 -9.2690e+00 -1.7674e-01  4.2609e+01  9.1859e-01 -4.2629e+01 -9.1866e-01
-1.2833e+00     1.1196e+01  2.3453e-01 -1.1196e+01 -2.3454e-01  4.2695e+01  9.2030e-01 -4.2714e+01 -9.2037e-01
-1.2750e+00     1.3652e+01  3.0671e-01 -1.3652e+01 -3.0671e-01  4.2798e+01  9.2255e-01 -4.2817e+01 -9.2263e-01
-1.2667e+00     1.3003e+01  2.9885e-01 -1.3003e+01 -2.9884e-01  4.2909e+01  9.2507e-01 -4.2928e+01 -9.2515e-01
-1.2583e+00     1.1169e+01  2.6225e-01 -1.1168e+01 -2.6224e-01  4.3009e+01  9.2740e-01 -4.3029e+01 -9.2748e-01
-1.2500e+00     8.1406e+00  1.6931e-01 -8.1399e+00 -1.6930e-01  4.3090e+01  9.2920e-01 -4.3109e+01 -9.2927e-01
-1.2417e+00     7.3279e+00  1.4414e-01 -7.3281e+00 -1.4414e-01  4.3154e+01  9.3050e-01 -4.3173e+01 -9.3058e-01
-1.2333e+00     8.0284e+00  1.4919e-01 -8.0287e+00 -1.4919e-01  4.3218e+01  9.3172e-01 -4.3237e+01 -9.3180e-01
-1.2250e+00     8.9089e+00  1.5349e-01 -8.9092e+00 -1.5349e-01  4.3288e+01  9.3298e-01 -4.3308e+01 -9.3306e-01
-1.2167e+00     1.0003e+01  1.5749e-01 -1.0003e+01 -1.5749e-01  4.3367e+01  9.3427e-01 -4.3386e+01 -9.3435e-01
-1.2083e+00     1.3504e+01  2.1975e-01 -1.3505e+01 -2.1978e-01  4.3465e+01  9.3584e-01 -4.3484e+01 -9.3592e-01
-1.2000e+00     1.7657e+01  2.9189e-01 -1.7658e+01 -2.9190e-01  4.3594e+01  9.3797e-01 -4.3614e+01 -9.3805e-01
-1.1917e+00     1.9253e+01  3.0778e-01 -1.9253e+01 -3.0778e-01  4.3748e+01  9.4046e-01 -4.3767e+01 -9.4054e-01
-1.1833e+00     1.2633e+01  1.8606e-01 -1.2632e+01 -1.8606e-01  4.3881e+01  9.4252e-01 -4.3900e+01 -9.4260e-01
-1.1750e+00     1.2368e+01  1.7377e-01 -1.2368e+01 -1.7377e-01  4.3985e+01  9.4402e-01 -4.4004e+01 -9.4409e-01
-1.1667e+00     1.2363e+01  1.6652e-01 -1.2363e+01 -1.6653e-01  4.4088e+01  9.4543e-01 -4.4107e+01 -9.4551e-01
-1.1583e+00     1.2945e+01  1.7585e-01 -1.2945e+01 -1.7586e-01  4.4193e+01  9.4686e-01 -4.4212e+01 -9.4693e-01
-1.1500e+00     1.3704e+01  1.8935e-01 -1.3705e+01 -1.8936e-01  4.4304e+01  9.4837e-01 -4.4323e+01 -9.4845e-01
-1.1417e+00     1.5418e+01  2.1003e-01 -1.5418e+01 -2.1003e-01  4.4425e+01  9.5004e-01 -4.4444e+01 -9.5011e-01
-1.1333e+00     1.4418e+01  1.9091e-01 -1.4418e+01 -1.9091e-01  4.4549e+01  9.5170e-01 -4.4568e+01 -9.5178e-01
-1.1250e+00     1.4348e+01  1.7433e-01 -1.4348e+01 -1.7432e-01  4.4669e+01  9.5322e-01 -4.4688e+01 -9.5330e-01
-1.1167e+00     1.3408e+01  1.5991e-01 -1.3408e+01 -1.5990e-01  4.4784e+01  9.5461e-01 -4.4803e+01 -9.5469e-01
-1.1083e+00     1.2612e+01  1.5017e-01 -1.2611e+01 -1.5016e-01  4.4892e+01  9.5590e-01 -4.4912e+01 -9.5598e-01
-1.1000e+00     1.2325e+01  1.4514e-01 -1.2325e+01 -1.4514e-01  4.4996e+01  9.5713e-01 -4.5015e+01 -9.5721e-01
-1.0917e+00     1.4029e+01  1.6373e-01 -1.4030e+01 -1.6373e-01  4.5106e+01  9.5842e-01 -4.5125e+01 -9.5849e-01
-1.0833e+00     1.8597e+01  2.1697e-01 -1.8599e+01 -2.1699e-01  4.5241e+01  9.6000e-01 -4.5261e+01 -9.6008e-01
-1.0750e+00     1.7550e+01  2.3153e-01 -1.7550e+01 -2.3154e-01  4.5392e+01  9.6187e-01 -4.5411e+01 -9.6194e-01
-1.0667e+00     1.6809e+01  2.3451e-01 -1.6808e+01 -2.3450e-01  4.5535e+01  9.6380e-01 -4.5554e+01 -9.6388e-01
-1.0583e+00     1.5401e+01  2.0436e-01 -1.5401e+01 -2.0436e-01  4.5669e+01  9.6563e-01 -4.5688e+01 -9.6571e-01
-1.0500e+00     1.5306e+01  1.9929e-01 -1.5307e+01 -1.9929e-01  4.5796e+01  9.6731e-01 -4.5816e+01 -9.6739e-01
-1.0417e+00     1.6302e+01  2.0647e-01 -1.6304e+01 -2.0649e-01  4.5928e+01  9.6900e-01 -4.5947e+01 -9.6908e-01
-1.0333e+00     1.7604e+01  2.2505e-01 -1.7604e+01 -2.2505e-01  4.6069e+01  9.7079e-01 -4.6088e+01 -9.7087e-01
-1.0250e+00     1.6458e+01  2.1334e-01 -1.6457e+01 -2.1333e-01  4.6211e+01  9.7262e-01 -4.6230e+01 -9.7269e-01
-1.0167e+00     1.4806e+01  1.9464e-01 -1.4806e+01 -1.9464e-01  4.6341e+01  9.7431e-01 -4.6360e+01 -9.7439e-01
-1.0083e+00     1.4570e+01  2.1051e-01 -1.4570e+01 -2.1052e-01  4.6463e+01  9.7600e-01 -4.6482e+01 -9.7608e-01
-1.0000e+00     1.5969e+01  2.5535e-01 -1.5970e+01 -2.5537e-01  4.6590e+01  9.7794e-01 -4.6609e+01 -9.7801e-01
-9.9167e-01     2.0978e+01  3.7423e-01 -2.0981e+01 -3.7430e-01  4.6744e+01  9.8055e-01 -4.6763e+01 -9.8063e-01
-9.8333e-01     1.8525e+01  3.3953e-01 -1.8523e+01 -3.3949e-01  4.6908e+01  9.8352e-01 -4.6927e+01 -9.8360e-01
-9.7500e-01     1.5643e+01  2.6381e-01 -1.5642e+01 -2.6378e-01  4.7050e+01  9.8603e-01 -4.7069e+01 -9.8611e-01
-9.6667e-01     1.3713e+01  2.2133e-01 -1.3712e+01 -2.2132e-01  4.7172e+01  9.8805e-01 -4.7191e+01 -9.8813e-01
-9.5833e-01     1.2950e+01  1.9888e-01 -1.2950e+01 -1.9887e-01  4.7283e+01  9.8980e-01 -4.7302e+01 -9.8988e-01
-9.5000e-01     1.3417e+01  1.9627e-01 -1.3417e+01 -1.9627e-01  4.7393e+01  9.9144e-01 -4.7412e+01 -9.9152e-01
-9.4167e-01     1.4377e+01  2.0817e-01 -1.4377e+01 -2.0818e-01  4.7508e+01  9.9313e-01 -4.7528e+01 -9.9320e-01
-9.3333e-01     1.5226e+01  2.1968e-01 -1.5226e+01 -2.1968e-01  4.7631e+01  9.9491e-01 -4.7651e+01 -9.9498e-01
-9.2500e-01     1.6202e+01  2.3703e-01 -1.6203e+01 -2.3705e-01  4.7762e+01  9.9681e-01 -4.7782e+01 -9.9688e-01
-9.1667e-01     1.7311e+01  2.4615e-01 -1.7311e+01 -2.4613e-01  4.7902e+01  9.9882e-01 -4.7921e+01 -9.9889e-01
-9.0833e-01     1.7795e+01  2.3968e-01 -1.7796e+01 -2.3969e-01  4.8048e+01  1.0008e+00 -4.8067e+01 -1.0009e+00
-9.0000e-01     1.8426e+01  2.4671e-01 -1.8425e+01 -2.4669e-01  4.8198e+01  1.0029e+00 -4.8218e+01 -1.0029e+00
-8.9167e-01     1.6024e+01  2.2167e-01 -1.6022e+01 -2.2163e-01  4.8342e+01  1.0048e+00 -4.8361e+01 -1.0049e+00
-8.8333e-01     1.5878e+01  2.0084e-01 -1.5881e+01 -2.0087e-01  4.8474e+01  1.0066e+00 -4.8494e+01 -1.0066e+00
-8.7500e-01     1.6718e+01  2.1249e-01 -1.6717e+01 -2.1248e-01  4.8610e+01  1.0083e+00 -4.8629e+01 -1.0084e+00
-8.6667e-01     2.0873e+01  2.6400e-01 -2.0867e+01 -2.6393e-01  4.8766e+01  1.0103e+00 -4.8786e+01 -1.0103e+00
-8.5833e-01     2.0766e+01  2.5720e-01 -2.0766e+01 -2.5719e-01  4.8939e+01  1.0124e+00 -4.8959e+01 -1.0125e+00
-8.5000e-01     2.0807e+01  2.6234e-01 -2.0807e+01 -2.6234e-01  4.9112e+01  1.0146e+00 -4.9132e+01 -1.0147e+00
-8.4167e-01     2.1647e+01  2.8246e-01 -2.1647e+01 -2.8247e-01  4.9289e+01  1.0169e+00 -4.9308e+01 -1.0169e+00
-8.3333e-01     2.3998e+01  2.9100e-01 -2.3999e+01 -2.9099e-01  4.9479e+01  1.0192e+00 -4.9498e+01 -1.0193e+00
-8.2500e-01     1.5138e+01  1.9571e-01 -1.5137e+01 -1.9569e-01  4.9642e+01  1.0213e+00 -4.9661e+01 -1.0213e+00
-8.1667e-01     1.2568e+01  1.6459e-01 -1.2568e+01 -1.6459e-01  4.9757e+01  1.0228e+00 -4.9776e+01 -1.0228e+00
-8.0833e-01     1.3023e+01  1.7441e-01 -1.3023e+01 -1.7442e-01  4.9863e+01  1.0242e+00 -4.9883e+01 -1.0243e+00
-8.0000e-01     1.7485e+01  2.3771e-01 -1.7489e+01 -2.3776e-01  4.9990e+01  1.0259e+00 -5.0010e+01 -1.0260e+00
-7.9167e-01     1.4913e+01  1.9592e-01 -1.4913e+01 -1.9591e-01  5.0125e+01  1.0277e+00 -5.0144e+01 -1.0278e+00
-7.8333e-01     1.4309e+01  1.8313e-01 -1.4308e+01 -1.8312e-01  5.0247e+01  1.0293e+00 -5.0266e+01 -1.0294e+00
-7.7500e-01     1.4558e+01  1.8793e-01 -1.4559e+01 -1.8796e-01  5.0367e+01  1.0308e+00 -5.0386e+01 -1.0309e+00
-7.6667e-01     2.0399e+01  3.0335e-01 -2.0401e+01 -3.0339e-01  5.0512e+01  1.0329e+00 -5.0531e+01 -1.0329e+00
-7.5833e-01     2.2692e+01  3.5163e-01 -2.2692e+01 -3.5163e-01  5.0691e+01  1.0356e+00 -5.0711e+01 -1.0357e+00
-7.5000e-01     2.2891e+01  3.2704e-01 -2.2891e+01 -3.2703e-01  5.0881e+01  1.0384e+00 -5.0900e+01 -1.0385e+00
-7.4167e-01     2.5483e+01  3.2682e-01 -2.5491e+01 -3.2691e-01  5.1082e+01  1.0411e+00 -5.1102e+01 -1.0412e+00
-7.3333e-01     1.5919e+01  2.0469e-01 -1.5919e+01 -2.0468e-01  5.1254e+01  1.0433e+00 -5.1274e+01 -1.0434e+00
-7.2500e-01     1.5827e+01  2.0343e-01 -1.5827e+01 -2.0344e-01  5.1386e+01  1.0450e+00 -5.1406e+01 -1.0451e+00
-7.1667e-01     1.7778e+01  2.2772e-01 -1.7779e+01 -2.2773e-01  5.1526e+01  1.0468e+00 -5.1546e+01 -1.0469e+00
-7.0833e-01     1.8144e+01  2.4188e-01 -1.8144e+01 -2.4189e-01  5.1676e+01  1.0488e+00 -5.1695e+01 -1.0489e+00
-7.0000e-01     1.6263e+01  2.3206e-01 -1.6263e+01 -2.3206e-01  5.1819e+01  1.0508e+00 -5.1838e+01 -1.0508e+00
-6.9167e-01     1.6883e+01  2.6563e-01 -1.6884e+01 -2.6565e-01  5.1957e+01  1.0528e+00 -5.1976e+01 -1.0529e+00
-6.8333e-01     1.6294e+01  2.6073e-01 -1.6291e+01 -2.6066e-01  5.2095e+01  1.0550e+00 -5.2114e+01 -1.0551e+00
-6.7500e-01     1.5417e+01  2.5497e-01 -1.5417e+01 -2.5498e-01  5.2227e+01  1.0572e+00 -5.2246e+01 -1.0572e+00
-6.6667e-01     1.5921e+01  2.6667e-01 -1.5921e+01 -2.6668e-01  5.2357e+01  1.0593e+00 -5.2376e+01 -1.0594e+00
-6.5833e-01     1.6828e+01  2.7935e-01 -1.6829e+01 -2.7935e-01  5.2493e+01  1.0616e+00 -5.2513e+01 -1.0617e+00
-6.5000e-01     1.8633e+01  2.9291e-01 -1.8634e+01 -2.9291e-01  5.2641e+01  1.0640e+00 -5.2660e+01 -1.0641e+00
-6.4167e-01     2.0474e+01  3.1012e-01 -2.0476e+01 -3.1014e-01  5.2803e+01  1.0665e+00 -5.2823e+01 -1.0666e+00
-6.3333e-01     2.0794e+01  3.4278e-01 -2.0794e+01 -3.4278e-01  5.2975e+01  1.0692e+00 -5.2994e+01 -1.0693e+00
-6.2500e-01     1.9039e+01  2.8624e-01 -1.9039e+01 -2.8621e-01  5.3141e+01  1.0718e+00 -5.3160e+01 -1.0719e+00
-6.1667e-01     1.8133e+01  2.4416e-01 -1.8133e+01 -2.4416e-01  5.3295e+01  1.0740e+00 -5.3315e+01 -1.0741e+00
-6.0833e-01     1.8535e+01  2.4570e-01 -1.8535e+01 -2.4569e-01  5.3448e+01  1.0761e+00 -5.3467e+01 -1.0761e+00
-6.0000e-01     1.9522e+01  2.6267e-01 -1.9523e+01 -2.6269e-01  5.3606e+01  1.0782e+00 -5.3626e+01 -1.0783e+00
-5.9167e-01     2.1389e+01  3.0412e-01 -2.1389e+01 -3.0412e-01  5.3776e+01  1.0805e+00 -5.3796e+01 -1.0806e+00
-5.8333e-01     2.1546e+01  3.1542e-01 -2.1545e+01 -3.1539e-01  5.3955e+01  1.0831e+00 -5.3974e+01 -1.0832e+00
-5.7500e-01     1.6265e+01  2.1799e-01 -1.6264e+01 -2.1797e-01  5.4112e+01  1.0853e+00 -5.4132e+01 -1.0854e+00
-5.6667e-01     1.6391e+01  2.0991e-01 -1.6391e+01 -2.0991e-01  5.4248e+01  1.0871e+00 -5.4268e+01 -1.0872e+00
-5.5833e-01     1.6996e+01  2.0225e-01 -1.6996e+01 -2.0224e-01  5.4387e+01  1.0888e+00 -5.4406e+01 -1.0889e+00
-5.5000e-01     1.7191e+01  2.0054e-01 -1.7191e+01 -2.0054e-01  5.4529e+01  1.0905e+00 -5.4549e+01 -1.0906e+00
-5.4167e-01     1.8915e+01  2.1852e-01 -1.8916e+01 -2.1852e-01  5.4679e+01  1.0923e+00 -5.4699e+01 -1.0923e+00
-5.3333e-01     2.1651e+01  2.3747e-01 -2.1653e+01 -2.3746e-01  5.4848e+01  1.0941e+00 -5.4868e+01 -1.0942e+00
-5.2500e-01     2.5026e+01  2.5427e-01 -2.5021e+01 -2.5424e-01  5.5042e+01  1.0962e+00 -5.5062e+01 -1.0963e+00
-5.1667e-01     2.0817e+01  2.8766e-01 -2.0816e+01 -2.8766e-01  5.5233e+01  1.0984e+00 -5.5252e+01 -1.0985e+00
-5.0833e-01     1.8919e+01  2.1770e-01 -1.8921e+01 -2.1770e-01  5.5398e+01  1.1005e+00 -5.5418e+01 -1.1006e+00
-5.0000e-01     2.5615e+01  2.2464e-01 -2.5606e+01 -2.2459e-01  5.5583e+01  1.1024e+00 -5.5603e+01 -1.1025e+00
-4.9167e-01     1.8491e+01  1.8498e-01 -1.8490e+01 -1.8498e-01  5.5767e+01  1.1041e+00 -5.5786e+01 -1.1042e+00
-4.8333e-01     1.7701e+01  1.8734e-01 -1.7701e+01 -1.8734e-01  5.5917e+01  1.1056e+00 -5.5937e+01 -1.1057e+00
-4.7500e-01     1.8574e+01  1.9519e-01 -1.8574e+01 -1.9519e-01  5.6068e+01  1.1072e+00 -5.6088e+01 -1.1073e+00
-4.6667e-01     1.8264e+01  1.9412e-01 -1.8263e+01 -1.9412e-01  5.6222e+01  1.1089e+00 -5.6241e+01 -1.1089e+00
-4.5833e-01     2.0740e+01  2.1944e-01 -2.0739e+01 -2.1943e-01  5.6384e+01  1.1106e+00 -5.6403e+01 -1.1107e+00
-4.5000e-01     1.8329e+01  2.0141e-01 -1.8328e+01 -2.0141e-01  5.6546e+01  1.1123e+00 -5.6566e+01 -1.1124e+00
-4.4167e-01     1.7659e+01  1.9467e-01 -1.7659e+01 -1.9467e-01  5.6696e+01  1.1140e+00 -5.6715e+01 -1.1140e+00
-4.3333e-01     1.9286e+01  1.9740e-01 -1.9286e+01 -1.9740e-01  5.6850e+01  1.1156e+00 -5.6869e+01 -1.1157e+00
-4.2500e-01     2.9304e+01  3.1104e-01 -2.9302e+01 -3.1103e-01  5.7052e+01  1.1177e+00 -5.7071e+01 -1.1178e+00
-4.1667e-01     2.2616e+01  2.3611e-01 -2.2614e+01 -2.3610e-01  5.7268e+01  1.1200e+00 -5.7287e+01 -1.1201e+00
-4.0833e-01     1.9773e+01  2.0923e-01 -1.9773e+01 -2.0922e-01  5.7444e+01  1.1218e+00 -5.7464e+01 -1.1219e+00
-4.0000e-01     1.8806e+01  1.9329e-01 -1.8806e+01 -1.9329e-01  5.7605e+01  1.1235e+00 -5.7624e+01 -1.1236e+00
-3.9167e-01     2.0088e+01  2.0718e-01 -2.0089e+01 -2.0719e-01  5.7766e+01  1.1252e+00 -5.7786e+01 -1.1253e+00
-3.8333e-01     2.2076e+01  2.1723e-01 -2.2076e+01 -2.1723e-01  5.7942e+01  1.1270e+00 -5.7961e+01 -1.1270e+00
-3.7500e-01     3.5645e+01  3.0353e-01 -3.5650e+01 -3.0355e-01  5.8182e+01  1.1291e+00 -5.8201e+01 -1.1292e+00
-3.6667e-01     2.6573e+01  2.3971e-01 -2.6570e+01 -2.3969e-01  5.8441e+01  1.1314e+00 -5.8460e+01 -1.1315e+00
-3.5833e-01     2.3988e+01  2.1699e-01 -2.3987e+01 -2.1698e-01  5.8651e+01  1.1333e+00 -5.8670e+01 -1.1334e+00
-3.5000e-01     2.0073e+01  1.8905e-01 -2.0072e+01 -1.8905e-01  5.8834e+01  1.1350e+00 -5.8854e+01 -1.1350e+00
-3.4167e-01     1.8083e+01  1.7099e-01 -1.8083e+01 -1.7098e-01  5.8993e+01  1.1365e+00 -5.9012e+01 -1.1365e+00
-3.3333e-01     1.6421e+01  1.5360e-01 -1.6421e+01 -1.5361e-01  5.9137e+01  1.1378e+00 -5.9156e+01 -1.1379e+00
-3.2500e-01     1.7498e+01  1.6892e-01 -1.7498e+01 -1.6893e-01  5.9278e+01  1.1392e+00 -5.9297e+01 -1.1392e+00
-3.1667e-01     1.9067e+01  1.9146e-01 -1.9067e+01 -1.9147e-01  5.9430e+01  1.1407e+00 -5.9449e+01 -1.1407e+00
-3.0833e-01     2.2118e+01  2.4132e-01 -2.2119e+01 -2.4133e-01  5.9601e+01  1.1425e+00 -5.9620e+01 -1.1425e+00
-3.0000e-01     2.3229e+01  2.6224e-01 -2.3230e+01 -2.6225e-01  5.9790e+01  1.1445e+00 -5.9809e+01 -1.1446e+00
-2.9167e-01     2.5009e+01  2.6501e-01 -2.5009e+01 -2.6501e-01  5.9990e+01  1.1467e+00 -6.0010e+01 -1.1468e+00
-2.8333e-01     2.2222e+01  2.2492e-01 -2.2222e+01 -2.2491e-01  6.0187e+01  1.1488e+00 -6.0206e+01 -1.1489e+00
-2.7500e-01     2.1038e+01  2.0249e-01 -2.1038e+01 -2.0248e-01  6.0367e+01  1.1506e+00 -6.0386e+01 -1.1506e+00
-2.6667e-01     2.2318e+01  1.9801e-01 -2.2317e+01 -1.9800e-01  6.0547e+01  1.1522e+00 -6.0567e+01 -1.1523e+00
-2.5833e-01     1.8710e+01  1.5550e-01 -1.8710e+01 -1.5549e-01  6.0718e+01  1.1537e+00 -6.0737e+01 -1.1538e+00
-2.5000e-01     1.7033e+01  1.3529e-01 -1.7033e+01 -1.3529e-01  6.0867e+01  1.1549e+00 -6.0886e+01 -1.1550e+00
-2.4167e-01     1.6821e+01  1.2926e-01 -1.6821e+01 -1.2925e-01  6.1007e+01  1.1560e+00 -6.1027e+01 -1.1561e+00
-2.3333e-01     2.3668e+01  1.9216e-01 -2.3670e+01 -1.9218e-01  6.1176e+01  1.1573e+00 -6.1195e+01 -1.1574e+00
-2.2500e-01     2.4181e+01  1.7476e-01 -2.4180e+01 -1.7476e-01  6.1375e+01  1.1589e+00 -6.1394e+01 -1.1589e+00
-2.1667e-01     2.0965e+01  1.5343e-01 -2.0964e+01 -1.5342e-01  6.1563e+01  1.1602e+00 -6.1582e+01 -1.1603e+00
-2.0833e-01     1.8533e+01  1.4342e-01 -1.8533e+01 -1.4342e-01  6.1727e+01  1.1615e+00 -6.1746e+01 -1.1615e+00
-2.0000e-01     1.6730e+01  1.3135e-01 -1.6729e+01 -1.3134e-01  6.1874e+01  1.1626e+00 -6.1893e+01 -1.1627e+00
-1.9167e-01     1.6043e+01  1.1931e-01 -1.6043e+01 -1.1930e-01  6.2010e+01  1.1637e+00 -6.2029e+01 -1.1637e+00
-1.8333e-01     1.8684e+01  1.3135e-01 -1.8684e+01 -1.3136e-01  6.2154e+01  1.1647e+00 -6.2174e+01 -1.1648e+00
-1.7500e-01     2.3571e+01  1.6435e-01 -2.3572e+01 -1.6435e-01  6.2330e+01  1.1659e+00 -6.2349e+01 -1.1660e+00
-1.6667e-01     1.4675e+01  1.0524e-01 -1.4674e+01 -1.0523e-01  6.2489e+01  1.1670e+00 -6.2509e+01 -1.1671e+00
-1.5833e-01     1.1389e+01  8.0590e-02 -1.1388e+01 -8.0586e-02  6.2598e+01  1.1678e+00 -6.2617e+01 -1.1679e+00
-1.5000e-01     8.1248e+00  5.7062e-02 -8.1241e+00 -5.7057e-02  6.2679e+01  1.1684e+00 -6.2698e+01 -1.1685e+00
-1.4167e-01     6.2790e+00  4.7790e-02 -6.2790e+00 -4.7790e-02  6.2739e+01  1.1688e+00 -6.2758e+01 -1.1689e+00
-1.3333e-01     5.9744e+00  4.7554e-02 -5.9744e+00 -4.7554e-02  6.2790e+01  1.1692e+00 -6.2809e+01 -1.1693e+00
-1.2500e-01     5.3102e+00  4.4027e-02 -5.3099e+00 -4.4025e-02  6.2837e+01  1.1696e+00 -6.2856e+01 -1.1697e+00
-1.1667e-01     3.5285e+00  3.2300e-02 -3.5281e+00 -3.2297e-02  6.2873e+01  1.1699e+00 -6.2893e+01 -1.1700e+00
-1.0833e-01     1.2959e+00  1.4647e-02 -1.2955e+00 -1.4643e-02  6.2893e+01  1.1701e+00 -6.2913e+01 -1.1702e+00
-1.0000e-01     1.8923e-01  2.4486e-03 -1.8916e-01 -2.4476e-03  6.2900e+01  1.1702e+00 -6.2919e+01 -1.1703e+00
-9.1667e-02     0.0000e+00  0.0000e+00 -0.0000e+00 -0.0000e+00  6.2900e+01  1.1702e+00 -6.2920e+01 -1.1703e+00
-8.3333e-02     0.0000e+00  0.0000e+00 -0.0000e+00 -0.0000e+00  6.2900e+01  1.1702e+00 -6.2920e+01 -1.1703e+00
-7.5000e-02     0.0000e+00  0.0000e+00 -0.0000e+00 -0.0000e+00  6.2900e+01  1.1702e+00 -6.2920e+01 -1.1703e+00
-6.6667e-02     0.0000e+00  0.0000e+00 -0.0000e+00 -0.0000e+00  6.2900e+01  1.1702e+00 -6.2920e+01 -1.1703e+00
-5.8333e-02     0.0000e+00  0.0000e+00 -0.0000e+00 -0.0000e+00  6.2900e+01  1.1702e+00 -6.2920e+01 -1.1703e+00
-5.0000e-02     0.0000e+00  0.0000e+00 -0.0000e+00 -0.0000e+00  6.2900e+01  1.1702e+00 -6.2920e+01 -1.1703e+00
-4.1667e-02     0.0000e+00  0.0000e+00 -0.0000e+00 -0.0000e+00  6.2900e+01  1.1702e+00 -6.2920e+01 -1.1703e+00
-3.3333e-02     0.0000e+00  0.0000e+00 -0.0000e+00 -0.0000e+00  6.2900e+01  1.1702e+00 -6.2920e+01 -1.1703e+00
-2.5000e-02     0.0000e+00  0.0000e+00 -0.0000e+00 -0.0000e+00  6.2900e+01  1.1702e+00 -6.2920e+01 -1.1703e+00
-1.6667e-02     0.0000e+00  0.0000e+00 -0.0000e+00 -0.0000e+00  6.2900e+01  1.1702e+00 -6.2920e+01 -1.1703e+00
-8.3333e-03     0.0000e+00  0.0000e+00 -0.0000e+00 -0.0000e+00  6.2900e+01  1.1702e+00 -6.2920e+01 -1.1703e+00
