-5.0000e+00     1.7646e+01  1.6693e-01 -1.2673e+01 -1.1878e-01  0.0000e+00  0.0000e+00 -0.0000e+00 -0.0000e+00
-4.9917e+00     1.3898e+01  1.3019e-01 -1.0990e+01 -9.8350e-02  1.3121e-01  1.2359e-03 -9.8432e-02 -9.0322e-04
-4.9833e+00     1.3249e+01  1.1583e-01 -1.3661e+01 -1.2399e-01  2.4414e-01  2.2593e-03 -2.0097e-01 -1.8281e-03
-4.9750e+00     1.2273e+01  1.0343e-01 -2.0892e+01 -2.0964e-01  3.5030e-01  3.1714e-03 -3.4470e-01 -3.2159e-03
-4.9667e+00     1.8587e+01  1.6480e-01 -2.1785e+01 -2.0243e-01  4.7867e-01  4.2872e-03 -5.2222e-01 -4.9301e-03
-4.9583e+00     2.1820e+01  1.9278e-01 -2.7294e+01 -2.2649e-01  6.4676e-01  5.7746e-03 -7.2638e-01 -6.7142e-03
-4.9500e+00     2.2155e+01  1.8379e-01 -1.7881e+01 -1.2660e-01  8.2968e-01  7.3410e-03 -9.1430e-01 -8.1830e-03
-4.9417e+00     1.6225e+01  1.1371e-01 -2.1747e+01 -1.5557e-01  9.8933e-01  8.5785e-03 -1.0791e+00 -9.3568e-03
-4.9333e+00     1.8575e+01  1.2362e-01 -2.6485e+01 -1.9357e-01  1.1341e+00  9.5657e-03 -1.2798e+00 -1.0809e-02
-4.9250e+00     2.1487e+01  1.5285e-01 -1.8698e+01 -1.6667e-01  1.3007e+00  1.0716e-02 -1.4677e+00 -1.2308e-02
-4.9167e+00     1.8885e+01  1.6459e-01 -3.4453e+01 -3.2310e-01  1.4687e+00  1.2036e-02 -1.6888e+00 -1.4345e-02
-4.9083e+00     2.1183e+01  2.0202e-01 -1.9685e+01 -1.8902e-01  1.6353e+00  1.3561e-02 -1.9140e+00 -1.6475e-02
-4.9000e+00     4.0811e+01  3.8337e-01 -1.3042e+01 -1.1626e-01  1.8932e+00  1.5996e-02 -2.0502e+00 -1.7745e-02
-4.8917e+00     1.3719e+01  1.2034e-01 -1.6050e+01 -1.4124e-01  2.1201e+00  1.8092e-02 -2.1712e+00 -1.8816e-02
-4.8833e+00     1.5112e+01  1.3157e-01 -1.4643e+01 -1.2300e-01  2.2400e+00  1.9139e-02 -2.2988e+00 -1.9915e-02
-4.8750e+00     1.4791e+01  1.2753e-01 -1.7270e+01 -1.5680e-01  2.3644e+00  2.0217e-02 -2.4316e+00 -2.1079e-02
-4.8667e+00     1.7391e+01  1.4237e-01 -1.5025e+01 -1.4126e-01  2.4982e+00  2.1340e-02 -2.5659e+00 -2.2319e-02
-4.8583e+00     1.9007e+01  1.7271e-01 -1.4355e+01 -1.4530e-01  2.6496e+00  2.2651e-02 -2.6881e+00 -2.3511e-02
-4.8500e+00     7.7390e+00  8.3115e-02 -1.8889e+01 -1.9723e-01  2.7609e+00  2.3715e-02 -2.8264e+00 -2.4936e-02
-4.8417e+00     1.0379e+01  9.7700e-02 -2.0996e+01 -2.3563e-01  2.8363e+00  2.4467e-02 -2.9923e+00 -2.6737e-02
-4.8333e+00     2.4454e+01  2.0998e-01 -1.7574e+01 -1.8807e-01  2.9812e+00  2.5747e-02 -3.1528e+00 -2.8499e-02
-4.8250e+00     2.0652e+01  2.1089e-01 -9.4493e+00 -1.1304e-01  3.1688e+00  2.7498e-02 -3.2652e+00 -2.9751e-02
-4.8167e+00     1.9383e+01  1.9502e-01 -9.0695e+00 -1.0702e-01  3.3353e+00  2.9186e-02 -3.3422e+00 -3.0667e-02
-4.8083e+00     9.7406e+00  9.8175e-02 -9.9095e+00 -1.1213e-01  3.4565e+00  3.0406e-02 -3.4212e+00 -3.1578e-02
-4.8000e+00     9.7864e+00  9.3559e-02 -1.1306e+01 -1.2428e-01  3.5377e+00  3.1203e-02 -3.5094e+00 -3.2562e-02
-4.7917e+00     1.1345e+01  1.0309e-01 -2.3992e+01 -3.2799e-01  3.6256e+00  3.2021e-02 -3.6563e+00 -3.4443e-02
-4.7833e+00     2.2341e+01  2.3305e-01 -3.1391e+01 -3.8317e-01  3.7657e+00  3.3419e-02 -3.8866e+00 -3.7401e-02
-4.7750e+00     2.9381e+01  3.4233e-01 -2.2029e+01 -3.1316e-01  3.9809e+00  3.5813e-02 -4.1088e+00 -4.0298e-02
-4.7667e+00     2.3686e+01  3.0718e-01 -2.1346e+01 -3.0509e-01  4.2016e+00  3.8515e-02 -4.2893e+00 -4.2870e-02
-4.7583e+00     2.1044e+01  2.8706e-01 -2.1569e+01 -2.8451e-01  4.3877e+00  4.0987e-02 -4.4678e+00 -4.5322e-02
-4.7500e+00     2.1612e+01  2.6274e-01 -1.8053e+01 -2.4595e-01  4.5651e+00  4.3274e-02 -4.6326e+00 -4.7529e-02
-4.7417e+00     1.9297e+01  2.3650e-01 -2.3109e+01 -3.2205e-01  4.7353e+00  4.5350e-02 -4.8038e+00 -4.9892e-02
-4.7333e+00     1.5000e+01  1.9178e-01 -2.0943e+01 -3.1062e-01  4.8780e+00  4.7132e-02 -4.9871e+00 -5.2523e-02
-4.7250e+00     2.7730e+01  3.5219e-01 -2.0245e+01 -3.4974e-01  5.0557e+00  4.9395e-02 -5.1584e+00 -5.5270e-02
-4.7167e+00     2.9977e+01  3.9750e-01 -1.7770e+01 -2.1065e-01  5.2958e+00  5.2513e-02 -5.3165e+00 -5.7601e-02
-4.7083e+00     1.5019e+01  1.4671e-01 -1.4315e+01 -1.4058e-01  5.4829e+00  5.4777e-02 -5.4500e+00 -5.9062e-02
-4.7000e+00     1.2905e+01  1.0390e-01 -2.0048e+01 -1.6985e-01  5.5991e+00  5.5819e-02 -5.5929e+00 -6.0354e-02
-4.6917e+00     2.2818e+01  1.7819e-01 -2.5340e+01 -2.1513e-01  5.7477e+00  5.6993e-02 -5.7818e+00 -6.1955e-02
-4.6833e+00     3.7179e+01  2.9742e-01 -3.1682e+01 -2.6471e-01  5.9973e+00  5.8971e-02 -6.0189e+00 -6.3951e-02
-4.6750e+00     3.3515e+01  2.5297e-01 -2.7818e+01 -2.2482e-01  6.2913e+00  6.1261e-02 -6.2665e+00 -6.5987e-02
-4.6667e+00     1.9035e+01  1.5299e-01 -1.5059e+01 -1.2440e-01  6.5099e+00  6.2949e-02 -6.4448e+00 -6.7440e-02
-4.6583e+00     1.5266e+01  1.1178e-01 -1.4026e+01 -1.0579e-01  6.6526e+00  6.4051e-02 -6.5658e+00 -6.8398e-02
-4.6500e+00     1.5747e+01  8.1719e-02 -1.7471e+01 -1.0983e-01  6.7816e+00  6.4856e-02 -6.6968e+00 -6.9294e-02
-4.6417e+00     1.9720e+01  9.0875e-02 -3.3084e+01 -1.4432e-01  6.9291e+00  6.5574e-02 -6.9071e+00 -7.0352e-02
-4.6333e+00     2.8939e+01  1.5192e-01 -3.1783e+01 -1.4984e-01  7.1315e+00  6.6584e-02 -7.1769e+00 -7.1575e-02
-4.6250e+00     2.4335e+01  1.3976e-01 -1.5098e+01 -8.4621e-02  7.3532e+00  6.7797e-02 -7.3719e+00 -7.2551e-02
-4.6167e+00     1.3188e+01  8.3449e-02 -1.7124e+01 -1.1054e-01  7.5092e+00  6.8725e-02 -7.5060e+00 -7.3362e-02
-4.6083e+00     1.4331e+01  9.5830e-02 -2.3261e+01 -1.6805e-01  7.6237e+00  6.9471e-02 -7.6740e+00 -7.4521e-02
-4.6000e+00     2.1764e+01  1.5318e-01 -2.6112e+01 -1.8964e-01  7.7739e+00  7.0507e-02 -7.8794e+00 -7.6009e-02
-4.5917e+00     2.3886e+01  1.6226e-01 -3.6081e+01 -2.5093e-01  7.9637e+00  7.1819e-02 -8.1381e+00 -7.7842e-02
-4.5833e+00     3.7090e+01  2.3684e-01 -1.8466e+01 -1.3086e-01  8.2174e+00  7.3479e-02 -8.3650e+00 -7.9430e-02
-4.5750e+00     1.8398e+01  1.3101e-01 -1.7201e+01 -1.2814e-01  8.4482e+00  7.5009e-02 -8.5133e+00 -8.0507e-02
-4.5667e+00     1.6310e+01  1.1923e-01 -1.7173e+01 -1.4525e-01  8.5926e+00  7.6050e-02 -8.6563e+00 -8.1645e-02
-4.5583e+00     1.4355e+01  1.1446e-01 -2.8068e+01 -2.8223e-01  8.7201e+00  7.7022e-02 -8.8445e+00 -8.3423e-02
-4.5500e+00     2.1117e+01  2.0127e-01 -2.6361e+01 -2.4650e-01  8.8677e+00  7.8336e-02 -9.0709e+00 -8.5622e-02
-4.5417e+00     3.0450e+01  3.0634e-01 -1.6802e+01 -1.4518e-01  9.0822e+00  8.0447e-02 -9.2505e+00 -8.7251e-02
-4.5333e+00     2.0056e+01  1.8443e-01 -1.4173e+01 -1.2049e-01  9.2923e+00  8.2489e-02 -9.3793e+00 -8.8357e-02
-4.5250e+00     1.4946e+01  1.3001e-01 -1.5354e+01 -1.3573e-01  9.4379e+00  8.3797e-02 -9.5021e+00 -8.9422e-02
-4.5167e+00     1.3397e+01  1.1524e-01 -2.0093e+01 -1.8706e-01  9.5558e+00  8.4817e-02 -9.6496e+00 -9.0765e-02
-4.5083e+00     1.6320e+01  1.4299e-01 -2.5201e+01 -2.6531e-01  9.6794e+00  8.5891e-02 -9.8380e+00 -9.2647e-02
-4.5000e+00     1.9088e+01  1.7080e-01 -1.6657e+01 -1.4708e-01  9.8267e+00  8.7196e-02 -1.0012e+01 -9.4362e-02
-4.4917e+00     2.3382e+01  2.4996e-01 -1.4345e+01 -1.2571e-01  1.0003e+01  8.8947e-02 -1.0141e+01 -9.5497e-02
-4.4833e+00     1.5607e+01  1.2880e-01 -1.2978e+01 -1.1514e-01  1.0166e+01  9.0522e-02 -1.0255e+01 -9.6499e-02
-4.4750e+00     1.4147e+01  1.1612e-01 -1.3342e+01 -1.1642e-01  1.0289e+01  9.1541e-02 -1.0364e+01 -9.7462e-02
-4.4667e+00     1.2813e+01  1.0439e-01 -2.4986e+01 -2.0698e-01  1.0401e+01  9.2458e-02 -1.0524e+01 -9.8807e-02
-4.4583e+00     1.3857e+01  1.0600e-01 -2.5256e+01 -2.2735e-01  1.0512e+01  9.3333e-02 -1.0733e+01 -1.0061e-01
-4.4500e+00     2.5508e+01  1.8483e-01 -2.1343e+01 -1.7638e-01  1.0676e+01  9.4543e-02 -1.0926e+01 -1.0229e-01
-4.4417e+00     2.5461e+01  1.9745e-01 -1.8328e+01 -1.4758e-01  1.0888e+01  9.6133e-02 -1.1092e+01 -1.0364e-01
-4.4333e+00     2.1341e+01  1.5398e-01 -1.8187e+01 -1.5014e-01  1.1083e+01  9.7595e-02 -1.1243e+01 -1.0488e-01
-4.4250e+00     1.7124e+01  1.2311e-01 -2.3245e+01 -2.0478e-01  1.1243e+01  9.8748e-02 -1.1416e+01 -1.0636e-01
-4.4167e+00     1.7635e+01  1.2556e-01 -1.7797e+01 -1.5910e-01  1.1387e+01  9.9782e-02 -1.1586e+01 -1.0787e-01
-4.4083e+00     2.0539e+01  1.3667e-01 -1.3829e+01 -1.4152e-01  1.1546e+01  1.0087e-01 -1.1718e+01 -1.0912e-01
-4.4000e+00     1.7653e+01  1.3014e-01 -1.9287e+01 -1.8054e-01  1.1705e+01  1.0198e-01 -1.1856e+01 -1.1046e-01
-4.3917e+00     1.4040e+01  1.1976e-01 -1.9708e+01 -1.8887e-01  1.1837e+01  1.0302e-01 -1.2018e+01 -1.1200e-01
-4.3833e+00     1.6433e+01  1.4607e-01 -1.4673e+01 -1.6829e-01  1.1964e+01  1.0413e-01 -1.2161e+01 -1.1348e-01
-4.3750e+00     2.6716e+01  2.2669e-01 -1.5224e+01 -1.7490e-01  1.2143e+01  1.0568e-01 -1.2285e+01 -1.1491e-01
-4.3667e+00     1.5715e+01  1.5576e-01 -1.4873e+01 -1.6559e-01  1.2320e+01  1.0727e-01 -1.2411e+01 -1.1633e-01
-4.3583e+00     1.6039e+01  1.5516e-01 -1.4322e+01 -1.5508e-01  1.2452e+01  1.0856e-01 -1.2532e+01 -1.1766e-01
-4.3500e+00     1.5833e+01  1.4677e-01 -1.3059e+01 -1.5432e-01  1.2584e+01  1.0982e-01 -1.2646e+01 -1.1895e-01
-4.3417e+00     1.4187e+01  1.3019e-01 -1.4606e+01 -1.8394e-01  1.2709e+01  1.1097e-01 -1.2761e+01 -1.2035e-01
-4.3333e+00     1.3575e+01  1.3510e-01 -1.5415e+01 -2.0471e-01  1.2825e+01  1.1207e-01 -1.2886e+01 -1.2197e-01
-4.3250e+00     1.6600e+01  1.7674e-01 -1.4928e+01 -2.1487e-01  1.2950e+01  1.1337e-01 -1.3012e+01 -1.2372e-01
-4.3167e+00     1.4936e+01  1.6370e-01 -1.3590e+01 -2.1824e-01  1.3081e+01  1.1479e-01 -1.3131e+01 -1.2552e-01
-4.3083e+00     1.4288e+01  1.7395e-01 -1.2112e+01 -2.1331e-01  1.3203e+01  1.1619e-01 -1.3238e+01 -1.2731e-01
-4.3000e+00     1.2391e+01  1.7008e-01 -1.1462e+01 -2.2552e-01  1.3314e+01  1.1762e-01 -1.3336e+01 -1.2914e-01
-4.2917e+00     1.1336e+01  1.6931e-01 -1.8245e+01 -2.8322e-01  1.3413e+01  1.1904e-01 -1.3459e+01 -1.3125e-01
-4.2833e+00     1.0826e+01  1.7624e-01 -1.4910e+01 -3.7052e-01  1.3505e+01  1.2047e-01 -1.3597e+01 -1.3397e-01
-4.2750e+00     1.1134e+01  1.8652e-01 -2.1660e+01 -6.3474e-01  1.3596e+01  1.2198e-01 -1.3749e+01 -1.3816e-01
-4.2667e+00     1.1436e+01  2.1996e-01 -1.7512e+01 -5.3538e-01  1.3690e+01  1.2367e-01 -1.3912e+01 -1.4302e-01
-4.2583e+00     1.3724e+01  3.0519e-01 -1.2024e+01 -3.9739e-01  1.3795e+01  1.2586e-01 -1.4035e+01 -1.4690e-01
-4.2500e+00     2.6077e+01  6.9933e-01 -1.2385e+01 -4.1163e-01  1.3960e+01  1.3004e-01 -1.4137e+01 -1.5027e-01
-4.2417e+00     1.2354e+01  3.4687e-01 -1.4923e+01 -5.2646e-01  1.4120e+01  1.3439e-01 -1.4250e+01 -1.5417e-01
-4.2333e+00     1.1935e+01  3.3976e-01 -1.8275e+01 -6.4732e-01  1.4221e+01  1.3724e-01 -1.4388e+01 -1.5905e-01
-4.2250e+00     1.2323e+01  3.5294e-01 -1.6502e+01 -5.9915e-01  1.4322e+01  1.4012e-01 -1.4533e+01 -1.6424e-01
-4.2167e+00     1.2469e+01  3.5896e-01 -1.4570e+01 -5.4929e-01  1.4425e+01  1.4309e-01 -1.4662e+01 -1.6902e-01
-4.2083e+00     1.7640e+01  6.2410e-01 -1.7274e+01 -6.5431e-01  1.4550e+01  1.4718e-01 -1.4795e+01 -1.7402e-01
-4.2000e+00     1.7331e+01  5.7025e-01 -1.7573e+01 -7.4455e-01  1.4696e+01  1.5214e-01 -1.4940e+01 -1.7984e-01
-4.1917e+00     1.3632e+01  4.6150e-01 -1.3084e+01 -3.9423e-01  1.4825e+01  1.5644e-01 -1.5067e+01 -1.8458e-01
-4.1833e+00     1.6325e+01  5.6011e-01 -1.6802e+01 -5.1479e-01  1.4949e+01  1.6069e-01 -1.5192e+01 -1.8836e-01
-4.1750e+00     1.7839e+01  6.1114e-01 -1.4042e+01 -4.0865e-01  1.5091e+01  1.6556e-01 -1.5320e+01 -1.9220e-01
-4.1667e+00     1.4865e+01  4.4579e-01 -1.4173e+01 -3.7168e-01  1.5228e+01  1.6995e-01 -1.5437e+01 -1.9545e-01
-4.1583e+00     1.8959e+01  5.5189e-01 -1.5416e+01 -3.9019e-01  1.5368e+01  1.7410e-01 -1.5560e+01 -1.9862e-01
-4.1500e+00     1.4215e+01  4.0562e-01 -1.4191e+01 -3.4122e-01  1.5506e+01  1.7809e-01 -1.5683e+01 -2.0166e-01
-4.1417e+00     1.4581e+01  3.8771e-01 -1.2220e+01 -2.8341e-01  1.5626e+01  1.8139e-01 -1.5793e+01 -2.0426e-01
-4.1333e+00     1.4961e+01  3.9766e-01 -9.1543e+00 -2.2114e-01  1.5749e+01  1.8465e-01 -1.5882e+01 -2.0636e-01
-4.1250e+00     1.3438e+01  3.4621e-01 -8.9057e+00 -2.0403e-01  1.5867e+01  1.8775e-01 -1.5957e+01 -2.0812e-01
-4.1167e+00     1.1996e+01  3.0248e-01 -1.1256e+01 -2.2921e-01  1.5973e+01  1.9045e-01 -1.6041e+01 -2.0993e-01
-4.1083e+00     9.1649e+00  2.3066e-01 -1.2167e+01 -2.2923e-01  1.6061e+01  1.9266e-01 -1.6139e+01 -2.1183e-01
-4.1000e+00     1.1843e+01  2.3578e-01 -1.0948e+01 -2.2022e-01  1.6148e+01  1.9460e-01 -1.6235e+01 -2.1370e-01
-4.0917e+00     1.0963e+01  2.4574e-01 -1.1076e+01 -2.2365e-01  1.6243e+01  1.9661e-01 -1.6326e+01 -2.1555e-01
-4.0833e+00     1.1347e+01  2.5533e-01 -1.1044e+01 -2.2091e-01  1.6336e+01  1.9869e-01 -1.6418e+01 -2.1740e-01
-4.0750e+00     1.1648e+01  2.6166e-01 -1.0997e+01 -2.1436e-01  1.6432e+01  2.0084e-01 -1.6510e+01 -2.1921e-01
-4.0667e+00     1.1723e+01  2.5939e-01 -1.1247e+01 -2.0514e-01  1.6529e+01  2.0301e-01 -1.6603e+01 -2.2095e-01
-4.0583e+00     1.1607e+01  2.4750e-01 -1.1274e+01 -1.8944e-01  1.6626e+01  2.0512e-01 -1.6696e+01 -2.2260e-01
-4.0500e+00     1.1283e+01  2.3212e-01 -1.1777e+01 -1.8435e-01  1.6721e+01  2.0711e-01 -1.6792e+01 -2.2415e-01
-4.0417e+00     1.2001e+01  2.2095e-01 -1.2371e+01 -1.8540e-01  1.6818e+01  2.0900e-01 -1.6893e+01 -2.2569e-01
-4.0333e+00     1.2520e+01  2.1267e-01 -1.5822e+01 -2.1560e-01  1.6920e+01  2.1080e-01 -1.7010e+01 -2.2736e-01
-4.0250e+00     1.3789e+01  2.1951e-01 -1.4299e+01 -1.8236e-01  1.7029e+01  2.1260e-01 -1.7135e+01 -2.2901e-01
-4.0167e+00     1.7257e+01  2.4876e-01 -1.1462e+01 -1.3745e-01  1.7158e+01  2.1455e-01 -1.7242e+01 -2.3034e-01
-4.0083e+00     1.1589e+01  1.5132e-01 -1.2082e+01 -1.3485e-01  1.7278e+01  2.1621e-01 -1.7340e+01 -2.3147e-01
-4.0000e+00     1.2112e+01  1.4752e-01 -1.2925e+01 -1.3342e-01  1.7377e+01  2.1745e-01 -1.7444e+01 -2.3259e-01
-3.9917e+00     1.2796e+01  1.4529e-01 -1.2573e+01 -1.0661e-01  1.7481e+01  2.1867e-01 -1.7550e+01 -2.3359e-01
-3.9833e+00     1.4274e+01  1.4730e-01 -1.2622e+01 -9.1173e-02  1.7593e+01  2.1989e-01 -1.7655e+01 -2.3441e-01
-3.9750e+00     1.3612e+01  1.1528e-01 -1.3304e+01 -8.9694e-02  1.7709e+01  2.2098e-01 -1.7763e+01 -2.3516e-01
-3.9667e+00     1.3477e+01  9.7583e-02 -1.4191e+01 -8.9208e-02  1.7822e+01  2.2187e-01 -1.7877e+01 -2.3591e-01
-3.9583e+00     1.3864e+01  9.4608e-02 -1.4008e+01 -8.4262e-02  1.7936e+01  2.2267e-01 -1.7995e+01 -2.3663e-01
-3.9500e+00     1.4648e+01  9.3983e-02 -1.3177e+01 -7.6096e-02  1.8054e+01  2.2345e-01 -1.8108e+01 -2.3730e-01
-3.9417e+00     1.4226e+01  8.6935e-02 -1.4379e+01 -7.9677e-02  1.8174e+01  2.2420e-01 -1.8222e+01 -2.3794e-01
-3.9333e+00     1.4217e+01  8.2876e-02 -1.5833e+01 -8.2457e-02  1.8293e+01  2.2491e-01 -1.8348e+01 -2.3862e-01
-3.9250e+00     1.7114e+01  9.3083e-02 -1.4151e+01 -6.5287e-02  1.8423e+01  2.2564e-01 -1.8473e+01 -2.3923e-01
-3.9167e+00     1.5289e+01  7.3114e-02 -1.3698e+01 -5.9207e-02  1.8558e+01  2.2633e-01 -1.8589e+01 -2.3975e-01
-3.9083e+00     1.5148e+01  6.6799e-02 -1.3113e+01 -5.2978e-02  1.8684e+01  2.2692e-01 -1.8700e+01 -2.4022e-01
-3.9000e+00     1.4340e+01  5.9922e-02 -1.6003e+01 -5.8551e-02  1.8807e+01  2.2744e-01 -1.8821e+01 -2.4068e-01
-3.8917e+00     1.8851e+01  6.7555e-02 -1.8735e+01 -6.5271e-02  1.8945e+01  2.2797e-01 -1.8966e+01 -2.4120e-01
-3.8833e+00     2.0890e+01  6.9601e-02 -1.7912e+01 -5.7096e-02  1.9110e+01  2.2854e-01 -1.9118e+01 -2.4171e-01
-3.8750e+00     1.8903e+01  5.6481e-02 -2.1951e+01 -6.0693e-02  1.9276e+01  2.2907e-01 -1.9284e+01 -2.4220e-01
-3.8667e+00     1.7795e+01  4.6051e-02 -1.5882e+01 -4.4017e-02  1.9429e+01  2.2949e-01 -1.9441e+01 -2.4263e-01
-3.8583e+00     2.1590e+01  6.1253e-02 -2.0806e+01 -5.1509e-02  1.9592e+01  2.2994e-01 -1.9594e+01 -2.4303e-01
-3.8500e+00     1.9594e+01  4.8302e-02 -2.3181e+01 -5.0782e-02  1.9764e+01  2.3040e-01 -1.9777e+01 -2.4345e-01
-3.8417e+00     1.6171e+01  4.0812e-02 -1.4022e+01 -3.5507e-02  1.9913e+01  2.3077e-01 -1.9932e+01 -2.4381e-01
-3.8333e+00     1.3285e+01  3.5914e-02 -1.0871e+01 -2.9745e-02  2.0035e+01  2.3109e-01 -2.0035e+01 -2.4409e-01
-3.8250e+00     9.8706e+00  2.9441e-02 -9.5115e+00 -2.6730e-02  2.0131e+01  2.3136e-01 -2.0120e+01 -2.4432e-01
-3.8167e+00     8.8376e+00  2.6525e-02 -9.3806e+00 -2.7887e-02  2.0209e+01  2.3159e-01 -2.0199e+01 -2.4455e-01
-3.8083e+00     8.6980e+00  2.7066e-02 -8.9907e+00 -2.7569e-02  2.0282e+01  2.3181e-01 -2.0275e+01 -2.4478e-01
-3.8000e+00     8.5552e+00  2.7315e-02 -8.6533e+00 -2.6240e-02  2.0354e+01  2.3204e-01 -2.0349e+01 -2.4500e-01
-3.7917e+00     8.3885e+00  2.6578e-02 -8.2951e+00 -2.4784e-02  2.0424e+01  2.3226e-01 -2.0419e+01 -2.4521e-01
-3.7833e+00     8.1029e+00  2.5342e-02 -7.9158e+00 -2.3199e-02  2.0493e+01  2.3248e-01 -2.0486e+01 -2.4541e-01
-3.7750e+00     7.7973e+00  2.3952e-02 -7.5080e+00 -2.1532e-02  2.0559e+01  2.3269e-01 -2.0551e+01 -2.4560e-01
-3.7667e+00     7.4717e+00  2.2409e-02 -7.4123e+00 -2.1215e-02  2.0623e+01  2.3288e-01 -2.0613e+01 -2.4578e-01
-3.7583e+00     7.2906e+00  2.1439e-02 -8.2879e+00 -2.2499e-02  2.0684e+01  2.3306e-01 -2.0678e+01 -2.4596e-01
-3.7500e+00     7.6045e+00  2.1415e-02 -8.9773e+00 -2.3387e-02  2.0746e+01  2.3324e-01 -2.0750e+01 -2.4615e-01
-3.7417e+00     8.6353e+00  2.2938e-02 -9.3800e+00 -2.3785e-02  2.0814e+01  2.3342e-01 -2.0826e+01 -2.4635e-01
-3.7333e+00     9.2250e+00  2.3447e-02 -9.9454e+00 -2.5853e-02  2.0888e+01  2.3362e-01 -2.0907e+01 -2.4655e-01
-3.7250e+00     9.7821e+00  2.4940e-02 -1.0876e+01 -3.0094e-02  2.0967e+01  2.3382e-01 -2.0993e+01 -2.4679e-01
-3.7167e+00     1.0536e+01  2.8131e-02 -1.1385e+01 -3.3667e-02  2.1051e+01  2.3404e-01 -2.1086e+01 -2.4705e-01
-3.7083e+00     1.1446e+01  3.2729e-02 -1.2489e+01 -3.5753e-02  2.1143e+01  2.3429e-01 -2.1185e+01 -2.4734e-01
-3.7000e+00     1.2982e+01  3.6690e-02 -1.0209e+01 -2.6576e-02  2.1245e+01  2.3458e-01 -2.1280e+01 -2.4760e-01
-3.6917e+00     1.0585e+01  2.7180e-02 -7.4372e+00 -1.8582e-02  2.1343e+01  2.3485e-01 -2.1353e+01 -2.4779e-01
-3.6833e+00     7.4545e+00  1.8632e-02 -3.8032e+00 -1.0281e-02  2.1418e+01  2.3504e-01 -2.1400e+01 -2.4791e-01
-3.6750e+00     4.2689e+00  1.0856e-02 -3.5195e+00 -8.7864e-03  2.1466e+01  2.3516e-01 -2.1430e+01 -2.4799e-01
-3.6667e+00     3.5481e+00  8.5855e-03 -3.3769e+00 -7.8048e-03  2.1499e+01  2.3524e-01 -2.1459e+01 -2.4806e-01
-3.6583e+00     3.2896e+00  7.3575e-03 -3.4634e+00 -7.8495e-03  2.1527e+01  2.3531e-01 -2.1487e+01 -2.4812e-01
-3.6500e+00     3.3006e+00  7.3227e-03 -3.5639e+00 -7.9111e-03  2.1555e+01  2.3537e-01 -2.1516e+01 -2.4819e-01
-3.6417e+00     3.3514e+00  7.4430e-03 -3.4687e+00 -7.6834e-03  2.1582e+01  2.3543e-01 -2.1546e+01 -2.4825e-01
-3.6333e+00     3.3446e+00  7.3969e-03 -3.0658e+00 -6.9855e-03  2.1610e+01  2.3549e-01 -2.1573e+01 -2.4831e-01
-3.6250e+00     3.1764e+00  6.9104e-03 -2.6767e+00 -6.2872e-03  2.1637e+01  2.3555e-01 -2.1597e+01 -2.4837e-01
-3.6167e+00     2.9030e+00  6.4758e-03 -2.3014e+00 -5.5886e-03  2.1663e+01  2.3561e-01 -2.1618e+01 -2.4842e-01
-3.6083e+00     2.5613e+00  6.0101e-03 -2.1379e+00 -5.2062e-03  2.1685e+01  2.3566e-01 -2.1636e+01 -2.4846e-01
-3.6000e+00     2.2175e+00  5.5039e-03 -4.0355e+00 -1.8039e-02  2.1705e+01  2.3571e-01 -2.1662e+01 -2.4856e-01
-3.5917e+00     3.0290e+00  1.1264e-02 -1.0527e+01 -6.2782e-02  2.1727e+01  2.3578e-01 -2.1722e+01 -2.4889e-01
-3.5833e+00     9.2860e+00  5.2202e-02 -2.0930e+01 -1.2676e-01  2.1778e+01  2.3604e-01 -2.1853e+01 -2.4968e-01
-3.5750e+00     1.8192e+01  1.0588e-01 -2.3618e+01 -1.3323e-01  2.1893e+01  2.3670e-01 -2.2038e+01 -2.5076e-01
-3.5667e+00     2.6918e+01  1.5244e-01 -1.5152e+01 -8.2875e-02  2.2080e+01  2.3777e-01 -2.2200e+01 -2.5166e-01
-3.5583e+00     2.0788e+01  1.1065e-01 -1.0898e+01 -5.8509e-02  2.2279e+01  2.3887e-01 -2.2308e+01 -2.5225e-01
-3.5500e+00     1.2115e+01  5.9911e-02 -8.3808e+00 -4.4270e-02  2.2416e+01  2.3958e-01 -2.2388e+01 -2.5268e-01
-3.5417e+00     9.1361e+00  4.3298e-02 -6.7768e+00 -3.4938e-02  2.2504e+01  2.4000e-01 -2.2451e+01 -2.5301e-01
-3.5333e+00     7.3848e+00  3.3597e-02 -6.2291e+00 -3.2122e-02  2.2573e+01  2.4032e-01 -2.2505e+01 -2.5329e-01
-3.5250e+00     6.4754e+00  2.8800e-02 -5.6068e+00 -2.8865e-02  2.2630e+01  2.4058e-01 -2.2555e+01 -2.5354e-01
-3.5167e+00     5.9230e+00  2.6301e-02 -4.8984e+00 -2.5132e-02  2.2682e+01  2.4081e-01 -2.2598e+01 -2.5377e-01
-3.5083e+00     5.2917e+00  2.3404e-02 -3.9567e+00 -2.0958e-02  2.2729e+01  2.4102e-01 -2.2635e+01 -2.5396e-01
-3.5000e+00     4.5816e+00  2.0108e-02 -2.6631e+00 -1.6301e-02  2.2770e+01  2.4120e-01 -2.2663e+01 -2.5411e-01
-3.4917e+00     3.4224e+00  1.5402e-02 -2.1053e+00 -1.3455e-02  2.2803e+01  2.4135e-01 -2.2683e+01 -2.5424e-01
-3.4833e+00     2.5993e+00  1.1939e-02 -1.5752e+00 -1.0697e-02  2.2828e+01  2.4146e-01 -2.2698e+01 -2.5434e-01
-3.4750e+00     2.0563e+00  9.7088e-03 -1.2909e+00 -8.7865e-03  2.2847e+01  2.4155e-01 -2.2710e+01 -2.5442e-01
-3.4667e+00     1.5407e+00  7.5581e-03 -1.0278e+00 -6.9962e-03  2.2862e+01  2.4162e-01 -2.2719e+01 -2.5448e-01
-3.4583e+00     1.1909e+00  5.9590e-03 -7.7908e-01 -5.3034e-03  2.2874e+01  2.4168e-01 -2.2727e+01 -2.5453e-01
-3.4500e+00     9.3959e-01  4.7086e-03 -5.4468e-01 -3.7080e-03  2.2883e+01  2.4173e-01 -2.2732e+01 -2.5457e-01
-3.4417e+00     7.0201e-01  3.5238e-03 -3.2462e-01 -2.2101e-03  2.2889e+01  2.4176e-01 -2.2736e+01 -2.5460e-01
-3.4333e+00     4.7819e-01  2.4045e-03 -1.1891e-01 -8.0959e-04  2.2894e+01  2.4178e-01 -2.2738e+01 -2.5461e-01
-3.4250e+00     2.6813e-01  1.3508e-03 -0.0000e+00 -0.0000e+00  2.2897e+01  2.4180e-01 -2.2738e+01 -2.5461e-01
-3.4167e+00     7.1814e-02  3.6250e-04 -0.0000e+00 -0.0000e+00  2.2899e+01  2.4181e-01 -2.2738e+01 -2.5461e-01
-3.4083e+00     0.0000e+00  0.0000e+00 -0.0000e+00 -0.0000e+00  2.2899e+01  2.4181e-01 -2.2738e+01 -2.5461e-01
-3.4000e+00     0.0000e+00  0.0000e+00 -0.0000e+00 -0.0000e+00  2.2899e+01  2.4181e-01 -2.2738e+01 -2.5461e-01
-3.3917e+00     0.0000e+00  0.0000e+00 -0.0000e+00 -0.0000e+00  2.2899e+01  2.4181e-01 -2.2738e+01 -2.5461e-01
-3.3833e+00     0.0000e+00  0.0000e+00 -0.0000e+00 -0.0000e+00  2.2899e+01  2.4181e-01 -2.2738e+01 -2.5461e-01
-3.3750e+00     0.0000e+00  0.0000e+00 -0.0000e+00 -0.0000e+00  2.2899e+01  2.4181e-01 -2.2738e+01 -2.5461e-01
-3.3667e+00     0.0000e+00  0.0000e+00 -0.0000e+00 -0.0000e+00  2.2899e+01  2.4181e-01 -2.2738e+01 -2.5461e-01
-3.3583e+00     0.0000e+00  0.0000e+00 -0.0000e+00 -0.0000e+00  2.2899e+01  2.4181e-01 -2.2738e+01 -2.5461e-01
-3.3500e+00     0.0000e+00  0.0000e+00 -0.0000e+00 -0.0000e+00  2.2899e+01  2.4181e-01 -2.2738e+01 -2.5461e-01
-3.3417e+00     0.0000e+00  0.0000e+00 -0.0000e+00 -0.0000e+00  2.2899e+01  2.4181e-01 -2.2738e+01 -2.5461e-01
-3.3333e+00     0.0000e+00  0.0000e+00 -0.0000e+00 -0.0000e+00  2.2899e+01  2.4181e-01 -2.2738e+01 -2.5461e-01
-3.3250e+00     0.0000e+00  0.0000e+00 -0.0000e+00 -0.0000e+00  2.2899e+01  2.4181e-01 -2.2738e+01 -2.5461e-01
-3.3167e+00     0.0000e+00  0.0000e+00 -1.9666e+01 -2.9212e-01  2.2899e+01  2.4181e-01 -2.2820e+01 -2.5583e-01
-3.3083e+00     2.7496e+00  2.3139e-02 -3.2306e+01 -3.9811e-01  2.2911e+01  2.4190e-01 -2.3036e+01 -2.5870e-01
-3.3000e+00     8.7371e+00  7.6113e-02 -3.0696e+01 -3.0330e-01  2.2958e+01  2.4232e-01 -2.3298e+01 -2.6162e-01
-3.2917e+00     3.0341e+01  3.6446e-01 -1.9168e+01 -1.5726e-01  2.3121e+01  2.4415e-01 -2.3506e+01 -2.6353e-01
-3.2833e+00     3.5459e+01  4.1561e-01 -6.3966e+00 -7.8891e-02  2.3395e+01  2.4739e-01 -2.3612e+01 -2.6451e-01
-3.2750e+00     1.7373e+01  1.6691e-01 -5.2545e+00 -6.6191e-02  2.3614e+01  2.4982e-01 -2.3661e+01 -2.6512e-01
-3.2667e+00     7.4999e+00  9.0665e-02 -4.1874e+00 -5.1088e-02  2.3718e+01  2.5089e-01 -2.3700e+01 -2.6561e-01
-3.2583e+00     6.4999e+00  7.2108e-02 -2.7833e+00 -3.3413e-02  2.3776e+01  2.5157e-01 -2.3729e+01 -2.6596e-01
-3.2500e+00     5.0879e+00  5.4584e-02 -1.0266e+00 -1.2366e-02  2.3824e+01  2.5209e-01 -2.3745e+01 -2.6615e-01
-3.2417e+00     3.8041e+00  3.8229e-02 -0.0000e+00 -0.0000e+00  2.3861e+01  2.5248e-01 -2.3749e+01 -2.6620e-01
-3.2333e+00     2.0341e+00  1.9467e-02 -0.0000e+00 -0.0000e+00  2.3886e+01  2.5272e-01 -2.3749e+01 -2.6620e-01
-3.2250e+00     7.2624e-03  6.9336e-05 -0.0000e+00 -0.0000e+00  2.3894e+01  2.5280e-01 -2.3749e+01 -2.6620e-01
-3.2167e+00     9.7135e-02  2.2945e-03 -1.0630e+00 -3.1780e-02  2.3894e+01  2.5281e-01 -2.3753e+01 -2.6633e-01
-3.2083e+00     1.1374e+00  2.6919e-02 -2.6956e+00 -8.0805e-02  2.3900e+01  2.5293e-01 -2.3769e+01 -2.6680e-01
-3.2000e+00     2.1875e+00  5.1869e-02 -5.2379e+00 -1.4499e-01  2.3913e+01  2.5326e-01 -2.3802e+01 -2.6774e-01
-3.1917e+00     2.8899e+00  6.8600e-02 -7.5660e+00 -1.9826e-01  2.3935e+01  2.5376e-01 -2.3855e+01 -2.6917e-01
-3.1833e+00     3.6387e+00  8.6545e-02 -8.2632e+00 -2.0647e-01  2.3962e+01  2.5441e-01 -2.3921e+01 -2.7085e-01
-3.1750e+00     4.4338e+00  1.0570e-01 -1.1159e+01 -2.2818e-01  2.3995e+01  2.5521e-01 -2.4002e+01 -2.7266e-01
-3.1667e+00     5.7393e+00  1.3929e-01 -1.0657e+01 -2.2634e-01  2.4038e+01  2.5623e-01 -2.4093e+01 -2.7455e-01
-3.1583e+00     7.5814e+00  1.8310e-01 -1.0279e+01 -2.2911e-01  2.4093e+01  2.5757e-01 -2.4180e+01 -2.7644e-01
-3.1500e+00     9.6904e+00  2.2362e-01 -1.7368e+01 -4.0953e-01  2.4165e+01  2.5926e-01 -2.4295e+01 -2.7910e-01
-3.1417e+00     1.3027e+01  2.8834e-01 -4.0191e+01 -8.6944e-01  2.4259e+01  2.6139e-01 -2.4534e+01 -2.8442e-01
-3.1333e+00     1.8752e+01  3.6024e-01 -1.5740e+01 -3.0467e-01  2.4392e+01  2.6409e-01 -2.4767e+01 -2.8930e-01
-3.1250e+00     2.2893e+01  4.0148e-01 -2.0177e+00 -1.3437e-02  2.4565e+01  2.6725e-01 -2.4841e+01 -2.9063e-01
-3.1167e+00     3.3995e+01  8.7886e-01 -6.2120e+00 -4.4218e-02  2.4801e+01  2.7258e-01 -2.4875e+01 -2.9087e-01
-3.1083e+00     5.6125e+00  3.5932e-02 -8.8624e+00 -6.7288e-02  2.4966e+01  2.7639e-01 -2.4938e+01 -2.9133e-01
-3.1000e+00     7.8171e+00  4.8753e-02 -7.9756e+00 -1.0758e-01  2.5022e+01  2.7674e-01 -2.5008e+01 -2.9206e-01
-3.0917e+00     6.7055e+00  7.2472e-02 -9.8828e+00 -1.4297e-01  2.5082e+01  2.7724e-01 -2.5082e+01 -2.9310e-01
-3.0833e+00     8.1181e+00  9.5678e-02 -1.2588e+01 -1.8888e-01  2.5144e+01  2.7794e-01 -2.5176e+01 -2.9448e-01
-3.0750e+00     8.7131e+00  1.1540e-01 -1.8178e+01 -2.8191e-01  2.5214e+01  2.7882e-01 -2.5304e+01 -2.9644e-01
-3.0667e+00     1.4897e+01  1.8980e-01 -1.5818e+01 -3.4189e-01  2.5312e+01  2.8009e-01 -2.5445e+01 -2.9903e-01
-3.0583e+00     1.6583e+01  2.5202e-01 -9.9650e+00 -3.1741e-01  2.5443e+01  2.8193e-01 -2.5552e+01 -3.0178e-01
-3.0500e+00     1.1048e+01  2.6072e-01 -1.0051e+01 -3.3385e-01  2.5558e+01  2.8406e-01 -2.5635e+01 -3.0449e-01
-3.0417e+00     9.7182e+00  2.9700e-01 -7.9057e+00 -2.4461e-01  2.5645e+01  2.8638e-01 -2.5710e+01 -3.0689e-01
-3.0333e+00     1.0661e+01  3.4379e-01 -5.8342e+00 -1.5848e-01  2.5729e+01  2.8905e-01 -2.5767e+01 -3.0857e-01
-3.0250e+00     8.9227e+00  2.7088e-01 -3.8955e+00 -9.8686e-02  2.5811e+01  2.9160e-01 -2.5808e+01 -3.0964e-01
-3.0167e+00     6.5714e+00  1.7404e-01 -0.0000e+00 -0.0000e+00  2.5875e+01  2.9345e-01 -2.5824e+01 -3.1005e-01
-3.0083e+00     4.2816e+00  1.0137e-01 -0.0000e+00 -0.0000e+00  2.5920e+01  2.9460e-01 -2.5824e+01 -3.1005e-01
-3.0000e+00     0.0000e+00  0.0000e+00 -0.0000e+00 -0.0000e+00  2.5938e+01  2.9502e-01 -2.5824e+01 -3.1005e-01
-2.9917e+00     0.0000e+00  0.0000e+00 -0.0000e+00 -0.0000e+00  2.5938e+01  2.9502e-01 -2.5824e+01 -3.1005e-01
-2.9833e+00     0.0000e+00  0.0000e+00 -0.0000e+00 -0.0000e+00  2.5938e+01  2.9502e-01 -2.5824e+01 -3.1005e-01
-2.9750e+00     0.0000e+00  0.0000e+00 -3.8184e+00 -1.5894e-01  2.5938e+01  2.9502e-01 -2.5840e+01 -3.1071e-01
-2.9667e+00     0.0000e+00  0.0000e+00 -5.9244e+00 -2.3713e-01  2.5938e+01  2.9502e-01 -2.5880e+01 -3.1236e-01
-2.9583e+00     0.0000e+00  0.0000e+00 -9.1622e+00 -3.3859e-01  2.5938e+01  2.9502e-01 -2.5943e+01 -3.1475e-01
-2.9500e+00     0.0000e+00  0.0000e+00 -1.5208e+01 -4.9567e-01  2.5938e+01  2.9502e-01 -2.6045e+01 -3.1822e-01
-2.9417e+00     0.0000e+00  0.0000e+00 -2.0292e+01 -9.2500e-01  2.5938e+01  2.9502e-01 -2.6192e+01 -3.2413e-01
-2.9333e+00     6.7155e-01  2.3736e-02 -3.9813e+01 -1.7955e+00  2.5941e+01  2.9512e-01 -2.6442e+01 -3.3545e-01
-2.9250e+00     3.1761e+00  1.1402e-01 -1.2504e+01 -5.7548e-01  2.5957e+01  2.9569e-01 -2.6660e+01 -3.4531e-01
-2.9167e+00     5.3191e+00  1.8285e-01 -0.0000e+00 -0.0000e+00  2.5992e+01  2.9693e-01 -2.6712e+01 -3.4771e-01
-2.9083e+00     1.1156e+01  3.3003e-01 -0.0000e+00 -0.0000e+00  2.6061e+01  2.9906e-01 -2.6712e+01 -3.4771e-01
-2.9000e+00     2.9528e+01  8.2405e-01 -1.9664e+01 -5.8549e-01  2.6230e+01  3.0386e-01 -2.6794e+01 -3.5014e-01
-2.8917e+00     3.3263e+01  8.3665e-01 -1.7443e+01 -4.8040e-01  2.6491e+01  3.1077e-01 -2.6948e+01 -3.5457e-01
-2.8833e+00     1.6060e+01  4.8968e-01 -1.5527e+01 -4.2367e-01  2.6697e+01  3.1629e-01 -2.7085e+01 -3.5834e-01
-2.8750e+00     1.7639e+01  6.4258e-01 -2.1747e+01 -5.7980e-01  2.6837e+01  3.2100e-01 -2.7240e+01 -3.6251e-01
-2.8667e+00     4.1518e+00  9.5551e-02 -2.5212e+01 -6.2637e-01  2.6927e+01  3.2407e-01 -2.7436e+01 -3.6753e-01
-2.8583e+00     1.9136e+01  4.8763e-01 -1.8613e+01 -4.1547e-01  2.7024e+01  3.2649e-01 -2.7618e+01 -3.7186e-01
-2.8500e+00     4.0927e+01  1.1747e+00 -9.0480e-01 -1.8552e-02  2.7274e+01  3.3341e-01 -2.7699e+01 -3.7367e-01
-2.8417e+00     6.4258e+01  2.3977e+00 -0.0000e+00 -0.0000e+00  2.7712e+01  3.4827e-01 -2.7703e+01 -3.7374e-01
-2.8333e+00     0.0000e+00  0.0000e+00 -0.0000e+00 -0.0000e+00  2.7979e+01  3.5824e-01 -2.7703e+01 -3.7374e-01
-2.8250e+00     0.0000e+00  0.0000e+00 -0.0000e+00 -0.0000e+00  2.7979e+01  3.5824e-01 -2.7703e+01 -3.7374e-01
-2.8167e+00     0.0000e+00  0.0000e+00 -0.0000e+00 -0.0000e+00  2.7979e+01  3.5824e-01 -2.7703e+01 -3.7374e-01
-2.8083e+00     0.0000e+00  0.0000e+00 -0.0000e+00 -0.0000e+00  2.7979e+01  3.5824e-01 -2.7703e+01 -3.7374e-01
-2.8000e+00     0.0000e+00  0.0000e+00 -0.0000e+00 -0.0000e+00  2.7979e+01  3.5824e-01 -2.7703e+01 -3.7374e-01
-2.7917e+00     0.0000e+00  0.0000e+00 -0.0000e+00 -0.0000e+00  2.7979e+01  3.5824e-01 -2.7703e+01 -3.7374e-01
-2.7833e+00     0.0000e+00  0.0000e+00 -0.0000e+00 -0.0000e+00  2.7979e+01  3.5824e-01 -2.7703e+01 -3.7374e-01
-2.7750e+00     0.0000e+00  0.0000e+00 -7.9976e-01 -4.2634e-03  2.7979e+01  3.5824e-01 -2.7706e+01 -3.7376e-01
-2.7667e+00     0.0000e+00  0.0000e+00 -4.1831e+01 -2.1255e-01  2.7979e+01  3.5824e-01 -2.7883e+01 -3.7466e-01
-2.7583e+00     0.0000e+00  0.0000e+00 -2.9772e+01 -9.8287e-02  2.7979e+01  3.5824e-01 -2.8181e+01 -3.7596e-01
-2.7500e+00     0.0000e+00  0.0000e+00 -2.3100e+01 -7.4556e-02  2.7979e+01  3.5824e-01 -2.8401e+01 -3.7668e-01
-2.7417e+00     0.0000e+00  0.0000e+00 -0.0000e+00 -0.0000e+00  2.7979e+01  3.5824e-01 -2.8497e+01 -3.7699e-01
-2.7333e+00     0.0000e+00  0.0000e+00 -0.0000e+00 -0.0000e+00  2.7979e+01  3.5824e-01 -2.8497e+01 -3.7699e-01
-2.7250e+00     0.0000e+00  0.0000e+00 -0.0000e+00 -0.0000e+00  2.7979e+01  3.5824e-01 -2.8497e+01 -3.7699e-01
-2.7167e+00     0.0000e+00  0.0000e+00 -0.0000e+00 -0.0000e+00  2.7979e+01  3.5824e-01 -2.8497e+01 -3.7699e-01
-2.7083e+00     0.0000e+00  0.0000e+00 -0.0000e+00 -0.0000e+00  2.7979e+01  3.5824e-01 -2.8497e+01 -3.7699e-01
-2.7000e+00     0.0000e+00  0.0000e+00 -0.0000e+00 -0.0000e+00  2.7979e+01  3.5824e-01 -2.8497e+01 -3.7699e-01
-2.6917e+00     0.0000e+00  0.0000e+00 -0.0000e+00 -0.0000e+00  2.7979e+01  3.5824e-01 -2.8497e+01 -3.7699e-01
-2.6833e+00     0.0000e+00  0.0000e+00 -0.0000e+00 -0.0000e+00  2.7979e+01  3.5824e-01 -2.8497e+01 -3.7699e-01
-2.6750e+00     1.6206e-02  2.1007e-05 -0.0000e+00 -0.0000e+00  2.7979e+01  3.5824e-01 -2.8497e+01 -3.7699e-01
-2.6667e+00     1.5982e+01  2.1815e-02 -0.0000e+00 -0.0000e+00  2.8046e+01  3.5833e-01 -2.8497e+01 -3.7699e-01
-2.6583e+00     1.5231e+01  3.6542e-02 -0.0000e+00 -0.0000e+00  2.8175e+01  3.5858e-01 -2.8497e+01 -3.7699e-01
-2.6500e+00     2.1028e+01  6.8004e-02 -0.0000e+00 -0.0000e+00  2.8326e+01  3.5901e-01 -2.8497e+01 -3.7699e-01
-2.6417e+00     4.3684e+01  1.7547e-01 -0.0000e+00 -0.0000e+00  2.8595e+01  3.6002e-01 -2.8497e+01 -3.7699e-01
-2.6333e+00     2.6190e+01  1.0788e-01 -0.0000e+00 -0.0000e+00  2.8886e+01  3.6120e-01 -2.8497e+01 -3.7699e-01
-2.6250e+00     0.0000e+00  0.0000e+00 -0.0000e+00 -0.0000e+00  2.8995e+01  3.6165e-01 -2.8497e+01 -3.7699e-01
-2.6167e+00     0.0000e+00  0.0000e+00 -0.0000e+00 -0.0000e+00  2.8995e+01  3.6165e-01 -2.8497e+01 -3.7699e-01
-2.6083e+00     0.0000e+00  0.0000e+00 -3.0735e+01 -5.2695e+00  2.8995e+01  3.6165e-01 -2.8625e+01 -3.9890e-01
-2.6000e+00     0.0000e+00  0.0000e+00 -4.3597e+01 -6.1728e+00  2.8995e+01  3.6165e-01 -2.8934e+01 -4.4650e-01
-2.5917e+00     0.0000e+00  0.0000e+00 -2.8745e+01 -4.4440e+00  2.8995e+01  3.6165e-01 -2.9235e+01 -4.9066e-01
-2.5833e+00     0.0000e+00  0.0000e+00 -1.6862e+01 -2.3094e+00  2.8995e+01  3.6165e-01 -2.9425e+01 -5.1876e-01
-2.5750e+00     0.0000e+00  0.0000e+00 -1.2460e+01 -1.6218e+00  2.8995e+01  3.6165e-01 -2.9547e+01 -5.3511e-01
-2.5667e+00     0.0000e+00  0.0000e+00 -2.8232e+00 -3.5144e-01  2.8995e+01  3.6165e-01 -2.9611e+01 -5.4332e-01
-2.5583e+00     1.5431e+00  1.9711e-01 -0.0000e+00 -0.0000e+00  2.9001e+01  3.6247e-01 -2.9622e+01 -5.4478e-01
-2.5500e+00     1.3518e+01  1.7485e+00 -0.0000e+00 -0.0000e+00  2.9064e+01  3.7056e-01 -2.9622e+01 -5.4478e-01
-2.5417e+00     1.4341e+01  1.8712e+00 -0.0000e+00 -0.0000e+00  2.9180e+01  3.8562e-01 -2.9622e+01 -5.4478e-01
-2.5333e+00     1.8630e+01  2.4601e+00 -0.0000e+00 -0.0000e+00  2.9317e+01  4.0364e-01 -2.9622e+01 -5.4478e-01
-2.5250e+00     1.7246e+01  2.2536e+00 -0.0000e+00 -0.0000e+00  2.9466e+01  4.2325e-01 -2.9622e+01 -5.4478e-01
-2.5167e+00     1.7224e+01  2.1981e+00 -0.0000e+00 -0.0000e+00  2.9610e+01  4.4176e-01 -2.9622e+01 -5.4478e-01
-2.5083e+00     1.3786e+01  1.7888e+00 -0.0000e+00 -0.0000e+00  2.9739e+01  4.5835e-01 -2.9622e+01 -5.4478e-01
-2.5000e+00     1.0225e+01  1.3477e+00 -0.0000e+00 -0.0000e+00  2.9839e+01  4.7139e-01 -2.9622e+01 -5.4478e-01
-2.4917e+00     8.6183e+00  1.1429e+00 -0.0000e+00 -0.0000e+00  2.9917e+01  4.8176e-01 -2.9622e+01 -5.4478e-01
-2.4833e+00     5.4515e-01  7.2971e-02 -0.0000e+00 -0.0000e+00  2.9955e+01  4.8681e-01 -2.9622e+01 -5.4478e-01
-2.4750e+00     0.0000e+00  0.0000e+00 -0.0000e+00 -0.0000e+00  2.9957e+01  4.8712e-01 -2.9622e+01 -5.4478e-01
-2.4667e+00     2.7207e+00  5.2701e-03 -0.0000e+00 -0.0000e+00  2.9969e+01  4.8714e-01 -2.9622e+01 -5.4478e-01
-2.4583e+00     7.4875e+00  1.4525e-02 -0.0000e+00 -0.0000e+00  3.0011e+01  4.8722e-01 -2.9622e+01 -5.4478e-01
-2.4500e+00     8.7895e+00  1.7133e-02 -0.0000e+00 -0.0000e+00  3.0079e+01  4.8735e-01 -2.9622e+01 -5.4478e-01
-2.4417e+00     1.0831e+01  2.1170e-02 -0.0000e+00 -0.0000e+00  3.0160e+01  4.8751e-01 -2.9622e+01 -5.4478e-01
-2.4333e+00     1.3286e+01  2.6587e-02 -0.0000e+00 -0.0000e+00  3.0261e+01  4.8771e-01 -2.9622e+01 -5.4478e-01
-2.4250e+00     2.1086e+01  4.3399e-02 -0.0000e+00 -0.0000e+00  3.0404e+01  4.8800e-01 -2.9622e+01 -5.4478e-01
-2.4167e+00     2.3559e+01  4.6748e-02 -8.4773e+00 -8.3513e-01  3.0589e+01  4.8838e-01 -2.9658e+01 -5.4825e-01
-2.4083e+00     1.9054e+01  4.4565e-02 -1.1984e+01 -1.0268e+00  3.0767e+01  4.8876e-01 -2.9743e+01 -5.5600e-01
-2.4000e+00     1.6207e+01  4.4505e-02 -1.4481e+01 -7.3886e-01  3.0913e+01  4.8913e-01 -2.9853e+01 -5.6334e-01
-2.3917e+00     0.0000e+00  0.0000e+00 -1.5270e+01 -6.8680e-01  3.0981e+01  4.8931e-01 -2.9977e+01 -5.6927e-01
-2.3833e+00     0.0000e+00  0.0000e+00 -1.1168e+01 -5.8163e-01  3.0981e+01  4.8931e-01 -3.0087e+01 -5.7455e-01
-2.3750e+00     0.0000e+00  0.0000e+00 -1.1241e+01 -5.6367e-01  3.0981e+01  4.8931e-01 -3.0180e+01 -5.7931e-01
-2.3667e+00     0.0000e+00  0.0000e+00 -1.4250e+01 -6.4156e-01  3.0981e+01  4.8931e-01 -3.0286e+01 -5.8433e-01
-2.3583e+00     0.0000e+00  0.0000e+00 -2.3044e+01 -1.0448e+00  3.0981e+01  4.8931e-01 -3.0441e+01 -5.9134e-01
-2.3500e+00     0.0000e+00  0.0000e+00 -1.3438e+01 -8.3006e-01  3.0981e+01  4.8931e-01 -3.0593e+01 -5.9914e-01
-2.3417e+00     0.0000e+00  0.0000e+00 -0.0000e+00 -0.0000e+00  3.0981e+01  4.8931e-01 -3.0649e+01 -6.0260e-01
-2.3333e+00     0.0000e+00  0.0000e+00 -0.0000e+00 -0.0000e+00  3.0981e+01  4.8931e-01 -3.0649e+01 -6.0260e-01
-2.3250e+00     0.0000e+00  0.0000e+00 -0.0000e+00 -0.0000e+00  3.0981e+01  4.8931e-01 -3.0649e+01 -6.0260e-01
-2.3167e+00     0.0000e+00  0.0000e+00 -0.0000e+00 -0.0000e+00  3.0981e+01  4.8931e-01 -3.0649e+01 -6.0260e-01
-2.3083e+00     0.0000e+00  0.0000e+00 -0.0000e+00 -0.0000e+00  3.0981e+01  4.8931e-01 -3.0649e+01 -6.0260e-01
-2.3000e+00     0.0000e+00  0.0000e+00 -0.0000e+00 -0.0000e+00  3.0981e+01  4.8931e-01 -3.0649e+01 -6.0260e-01
-2.2917e+00     0.0000e+00  0.0000e+00 -0.0000e+00 -0.0000e+00  3.0981e+01  4.8931e-01 -3.0649e+01 -6.0260e-01
-2.2833e+00     0.0000e+00  0.0000e+00 -0.0000e+00 -0.0000e+00  3.0981e+01  4.8931e-01 -3.0649e+01 -6.0260e-01
-2.2750e+00     0.0000e+00  0.0000e+00 -0.0000e+00 -0.0000e+00  3.0981e+01  4.8931e-01 -3.0649e+01 -6.0260e-01
-2.2667e+00     0.0000e+00  0.0000e+00 -0.0000e+00 -0.0000e+00  3.0981e+01  4.8931e-01 -3.0649e+01 -6.0260e-01
-2.2583e+00     0.0000e+00  0.0000e+00 -0.0000e+00 -0.0000e+00  3.0981e+01  4.8931e-01 -3.0649e+01 -6.0260e-01
-2.2500e+00     0.0000e+00  0.0000e+00 -0.0000e+00 -0.0000e+00  3.0981e+01  4.8931e-01 -3.0649e+01 -6.0260e-01
-2.2417e+00     0.0000e+00  0.0000e+00 -0.0000e+00 -0.0000e+00  3.0981e+01  4.8931e-01 -3.0649e+01 -6.0260e-01
-2.2333e+00     0.0000e+00  0.0000e+00 -0.0000e+00 -0.0000e+00  3.0981e+01  4.8931e-01 -3.0649e+01 -6.0260e-01
-2.2250e+00     0.0000e+00  0.0000e+00 -0.0000e+00 -0.0000e+00  3.0981e+01  4.8931e-01 -3.0649e+01 -6.0260e-01
-2.2167e+00     0.0000e+00  0.0000e+00 -0.0000e+00 -0.0000e+00  3.0981e+01  4.8931e-01 -3.0649e+01 -6.0260e-01
-2.2083e+00     0.0000e+00  0.0000e+00 -0.0000e+00 -0.0000e+00  3.0981e+01  4.8931e-01 -3.0649e+01 -6.0260e-01
-2.2000e+00     0.0000e+00  0.0000e+00 -0.0000e+00 -0.0000e+00  3.0981e+01  4.8931e-01 -3.0649e+01 -6.0260e-01
-2.1917e+00     0.0000e+00  0.0000e+00 -0.0000e+00 -0.0000e+00  3.0981e+01  4.8931e-01 -3.0649e+01 -6.0260e-01
-2.1833e+00     0.0000e+00  0.0000e+00 -0.0000e+00 -0.0000e+00  3.0981e+01  4.8931e-01 -3.0649e+01 -6.0260e-01
-2.1750e+00     0.0000e+00  0.0000e+00 -0.0000e+00 -0.0000e+00  3.0981e+01  4.8931e-01 -3.0649e+01 -6.0260e-01
-2.1667e+00     0.0000e+00  0.0000e+00 -0.0000e+00 -0.0000e+00  3.0981e+01  4.8931e-01 -3.0649e+01 -6.0260e-01
-2.1583e+00     0.0000e+00  0.0000e+00 -0.0000e+00 -0.0000e+00  3.0981e+01  4.8931e-01 -3.0649e+01 -6.0260e-01
-2.1500e+00     0.0000e+00  0.0000e+00 -0.0000e+00 -0.0000e+00  3.0981e+01  4.8931e-01 -3.0649e+01 -6.0260e-01
-2.1417e+00     0.0000e+00  0.0000e+00 -0.0000e+00 -0.0000e+00  3.0981e+01  4.8931e-01 -3.0649e+01 -6.0260e-01
-2.1333e+00     0.0000e+00  0.0000e+00 -0.0000e+00 -0.0000e+00  3.0981e+01  4.8931e-01 -3.0649e+01 -6.0260e-01
-2.1250e+00     0.0000e+00  0.0000e+00 -0.0000e+00 -0.0000e+00  3.0981e+01  4.8931e-01 -3.0649e+01 -6.0260e-01
-2.1167e+00     0.0000e+00  0.0000e+00 -0.0000e+00 -0.0000e+00  3.0981e+01  4.8931e-01 -3.0649e+01 -6.0260e-01
-2.1083e+00     0.0000e+00  0.0000e+00 -0.0000e+00 -0.0000e+00  3.0981e+01  4.8931e-01 -3.0649e+01 -6.0260e-01
-2.1000e+00     0.0000e+00  0.0000e+00 -0.0000e+00 -0.0000e+00  3.0981e+01  4.8931e-01 -3.0649e+01 -6.0260e-01
-2.0917e+00     0.0000e+00  0.0000e+00 -0.0000e+00 -0.0000e+00  3.0981e+01  4.8931e-01 -3.0649e+01 -6.0260e-01
-2.0833e+00     0.0000e+00  0.0000e+00 -0.0000e+00 -0.0000e+00  3.0981e+01  4.8931e-01 -3.0649e+01 -6.0260e-01
-2.0750e+00     0.0000e+00  0.0000e+00 -0.0000e+00 -0.0000e+00  3.0981e+01  4.8931e-01 -3.0649e+01 -6.0260e-01
-2.0667e+00     0.0000e+00  0.0000e+00 -0.0000e+00 -0.0000e+00  3.0981e+01  4.8931e-01 -3.0649e+01 -6.0260e-01
-2.0583e+00     0.0000e+00  0.0000e+00 -0.0000e+00 -0.0000e+00  3.0981e+01  4.8931e-01 -3.0649e+01 -6.0260e-01
-2.0500e+00     0.0000e+00  0.0000e+00 -0.0000e+00 -0.0000e+00  3.0981e+01  4.8931e-01 -3.0649e+01 -6.0260e-01
-2.0417e+00     0.0000e+00  0.0000e+00 -0.0000e+00 -0.0000e+00  3.0981e+01  4.8931e-01 -3.0649e+01 -6.0260e-01
-2.0333e+00     4.3229e+01  2.2817e+00 -0.0000e+00 -0.0000e+00  3.1161e+01  4.9880e-01 -3.0649e+01 -6.0260e-01
-2.0250e+00     2.6865e+01  1.0879e+00 -2.6364e+00 -2.3205e-02  3.1452e+01  5.1282e-01 -3.0660e+01 -6.0269e-01
-2.0167e+00     2.2516e+01  7.1453e-01 -1.2766e+01 -1.4481e-01  3.1658e+01  5.2032e-01 -3.0724e+01 -6.0339e-01
-2.0083e+00     1.4363e+01  4.3123e-01 -2.4136e+01 -3.8175e-01  3.1811e+01  5.2508e-01 -3.0877e+01 -6.0558e-01
-2.0000e+00     9.9663e+00  2.8522e-01 -2.4118e+01 -4.1699e-01  3.1912e+01  5.2806e-01 -3.1078e+01 -6.0890e-01
-1.9917e+00     0.0000e+00  0.0000e+00 -4.1374e+01 -7.5696e-01  3.1954e+01  5.2925e-01 -3.1350e+01 -6.1379e-01
-1.9833e+00     0.0000e+00  0.0000e+00 -1.6760e+01 -3.9553e-01  3.1954e+01  5.2925e-01 -3.1592e+01 -6.1858e-01
-1.9750e+00     0.0000e+00  0.0000e+00 -0.0000e+00 -0.0000e+00  3.1954e+01  5.2925e-01 -3.1662e+01 -6.2023e-01
-1.9667e+00     9.1131e+00  4.0443e-01 -2.5598e-01 -2.7935e-03  3.1992e+01  5.3093e-01 -3.1663e+01 -6.2024e-01
-1.9583e+00     1.3892e+01  6.3952e-01 -1.2100e+01 -1.0126e-01  3.2087e+01  5.3528e-01 -3.1714e+01 -6.2067e-01
-1.9500e+00     2.0921e+01  9.3233e-01 -2.9951e+01 -2.3810e-01  3.2232e+01  5.4181e-01 -3.1889e+01 -6.2208e-01
-1.9417e+00     4.9566e+01  2.5833e+00 -3.0116e+01 -4.1479e-01  3.2525e+01  5.5644e-01 -3.2139e+01 -6.2480e-01
-1.9333e+00     1.1385e+01  4.8831e-01 -1.7031e+01 -2.4778e-01  3.2779e+01  5.6921e-01 -3.2335e+01 -6.2755e-01
-1.9250e+00     1.0222e+01  2.8233e-01 -1.3603e+01 -2.0664e-01  3.2869e+01  5.7242e-01 -3.2463e+01 -6.2944e-01
-1.9167e+00     2.8472e+00  8.8457e-02 -1.1246e+01 -1.6528e-01  3.2923e+01  5.7396e-01 -3.2566e+01 -6.3099e-01
-1.9083e+00     2.6236e+00  1.1183e-01 -3.7676e+00 -3.7406e-02  3.2946e+01  5.7480e-01 -3.2628e+01 -6.3183e-01
-1.9000e+00     4.4907e+00  1.8112e-01 -1.4735e+00 -1.5509e-02  3.2975e+01  5.7601e-01 -3.2650e+01 -6.3205e-01
-1.8917e+00     6.6069e+00  2.2437e-01 -0.0000e+00 -0.0000e+00  3.3022e+01  5.7770e-01 -3.2656e+01 -6.3212e-01
-1.8833e+00     2.5785e+01  7.3805e-01 -0.0000e+00 -0.0000e+00  3.3156e+01  5.8171e-01 -3.2656e+01 -6.3212e-01
-1.8750e+00     2.3848e+01  6.1560e-01 -0.0000e+00 -0.0000e+00  3.3363e+01  5.8734e-01 -3.2656e+01 -6.3212e-01
-1.8667e+00     2.1173e+01  4.4066e-01 -0.0000e+00 -0.0000e+00  3.3550e+01  5.9173e-01 -3.2656e+01 -6.3212e-01
-1.8583e+00     1.9156e+01  3.0061e-01 -0.0000e+00 -0.0000e+00  3.3718e+01  5.9481e-01 -3.2656e+01 -6.3212e-01
-1.8500e+00     1.6275e+01  1.9973e-01 -1.1090e+00 -2.9823e-02  3.3865e+01  5.9689e-01 -3.2661e+01 -6.3224e-01
-1.8417e+00     0.0000e+00  0.0000e+00 -1.1268e+01 -3.2701e-01  3.3933e+01  5.9773e-01 -3.2712e+01 -6.3373e-01
-1.8333e+00     0.0000e+00  0.0000e+00 -3.0510e+01 -7.5223e-01  3.3933e+01  5.9773e-01 -3.2886e+01 -6.3822e-01
-1.8250e+00     0.0000e+00  0.0000e+00 -2.6934e+01 -5.7753e-01  3.3933e+01  5.9773e-01 -3.3125e+01 -6.4375e-01
-1.8167e+00     2.9279e+00  1.7272e-01 -2.0630e+01 -4.6846e-01  3.3945e+01  5.9844e-01 -3.3323e+01 -6.4810e-01
-1.8083e+00     9.3074e+00  5.4679e-01 -2.4571e+01 -5.1501e-01  3.3996e+01  6.0144e-01 -3.3511e+01 -6.5219e-01
-1.8000e+00     1.2089e+01  7.1036e-01 -1.6633e+00 -3.3010e-02  3.4085e+01  6.0667e-01 -3.3620e+01 -6.5447e-01
-1.7917e+00     1.4884e+01  8.5965e-01 -0.0000e+00 -0.0000e+00  3.4197e+01  6.1320e-01 -3.3627e+01 -6.5461e-01
-1.7833e+00     1.5852e+01  8.3985e-01 -1.4632e+00 -1.1424e-01  3.4325e+01  6.2027e-01 -3.3633e+01 -6.5508e-01
-1.7750e+00     1.9943e+01  9.8298e-01 -3.6414e+00 -2.8534e-01  3.4474e+01  6.2785e-01 -3.3654e+01 -6.5674e-01
-1.7667e+00     1.8977e+01  8.8672e-01 -9.9176e+00 -7.8206e-01  3.4636e+01  6.3563e-01 -3.3711e+01 -6.6118e-01
-1.7583e+00     1.2582e+01  6.1446e-01 -1.3997e+01 -1.1414e+00  3.4767e+01  6.4187e-01 -3.3810e+01 -6.6919e-01
-1.7500e+00     1.0580e+01  5.1385e-01 -1.6248e+01 -1.3068e+00  3.4863e+01  6.4656e-01 -3.3936e+01 -6.7937e-01
-1.7417e+00     2.1848e+00  1.0414e-01 -1.4464e+01 -1.1948e+00  3.4917e+01  6.4913e-01 -3.4064e+01 -6.8978e-01
-1.7333e+00     0.0000e+00  0.0000e+00 -1.4222e+01 -1.1950e+00  3.4926e+01  6.4957e-01 -3.4183e+01 -6.9972e-01
-1.7250e+00     0.0000e+00  0.0000e+00 -1.2264e+01 -1.0455e+00  3.4926e+01  6.4957e-01 -3.4293e+01 -7.0904e-01
-1.7167e+00     0.0000e+00  0.0000e+00 -1.3291e+01 -1.1335e+00  3.4926e+01  6.4957e-01 -3.4400e+01 -7.1810e-01
-1.7083e+00     5.0575e+01  1.4723e+00 -7.4308e+00 -6.7227e-01  3.5136e+01  6.5569e-01 -3.4486e+01 -7.2561e-01
-1.7000e+00     6.3505e+01  2.3013e+00 -5.7227e+00 -5.7227e-01  3.5611e+01  6.7139e-01 -3.4541e+01 -7.3079e-01
-1.6917e+00     1.0931e-01  2.6841e-03 -3.2013e+00 -3.2691e-01  3.5875e+01  6.8097e-01 -3.4578e+01 -7.3453e-01
-1.6833e+00     0.0000e+00  0.0000e+00 -1.3602e+00 -1.4615e-01  3.5876e+01  6.8098e-01 -3.4597e+01 -7.3650e-01
-1.6750e+00     0.0000e+00  0.0000e+00 -3.2407e-01 -3.4922e-02  3.5876e+01  6.8098e-01 -3.4604e+01 -7.3725e-01
-1.6667e+00     0.0000e+00  0.0000e+00 -0.0000e+00 -0.0000e+00  3.5876e+01  6.8098e-01 -3.4605e+01 -7.3740e-01
-1.6583e+00     0.0000e+00  0.0000e+00 -0.0000e+00 -0.0000e+00  3.5876e+01  6.8098e-01 -3.4605e+01 -7.3740e-01
-1.6500e+00     0.0000e+00  0.0000e+00 -0.0000e+00 -0.0000e+00  3.5876e+01  6.8098e-01 -3.4605e+01 -7.3740e-01
-1.6417e+00     0.0000e+00  0.0000e+00 -0.0000e+00 -0.0000e+00  3.5876e+01  6.8098e-01 -3.4605e+01 -7.3740e-01
-1.6333e+00     0.0000e+00  0.0000e+00 -0.0000e+00 -0.0000e+00  3.5876e+01  6.8098e-01 -3.4605e+01 -7.3740e-01
-1.6250e+00     0.0000e+00  0.0000e+00 -0.0000e+00 -0.0000e+00  3.5876e+01  6.8098e-01 -3.4605e+01 -7.3740e-01
-1.6167e+00     0.0000e+00  0.0000e+00 -0.0000e+00 -0.0000e+00  3.5876e+01  6.8098e-01 -3.4605e+01 -7.3740e-01
-1.6083e+00     0.0000e+00  0.0000e+00 -8.0224e-01 -1.7803e-02  3.5876e+01  6.8098e-01 -3.4608e+01 -7.3747e-01
-1.6000e+00     0.0000e+00  0.0000e+00 -5.1635e+00 -1.1731e-01  3.5876e+01  6.8098e-01 -3.4633e+01 -7.3803e-01
-1.5917e+00     1.2084e+01  4.0170e-01 -7.6082e+00 -1.7398e-01  3.5926e+01  6.8266e-01 -3.4686e+01 -7.3924e-01
-1.5833e+00     1.2226e+01  4.2240e-01 -9.1782e+00 -2.1717e-01  3.6027e+01  6.8608e-01 -3.4756e+01 -7.4087e-01
-1.5750e+00     1.4338e+01  4.7817e-01 -1.1072e+01 -2.7647e-01  3.6138e+01  6.8983e-01 -3.4840e+01 -7.4292e-01
-1.5667e+00     1.6320e+01  5.1518e-01 -1.2971e+01 -3.2591e-01  3.6265e+01  6.9396e-01 -3.4940e+01 -7.4543e-01
-1.5583e+00     1.8961e+01  5.8353e-01 -1.2492e+01 -3.2023e-01  3.6412e+01  6.9853e-01 -3.5046e+01 -7.4812e-01
-1.5500e+00     2.4790e+01  7.4437e-01 -1.2638e+01 -3.3213e-01  3.6594e+01  7.0406e-01 -3.5151e+01 -7.5083e-01
-1.5417e+00     2.1186e+01  6.6160e-01 -1.5005e+01 -4.0445e-01  3.6785e+01  7.0990e-01 -3.5266e+01 -7.5390e-01
-1.5333e+00     4.3861e+00  1.4219e-01 -1.4355e+01 -3.6617e-01  3.6891e+01  7.1325e-01 -3.5388e+01 -7.5710e-01
-1.5250e+00     2.1316e+00  1.3102e-01 -1.6697e+01 -5.0307e-01  3.6919e+01  7.1438e-01 -3.5517e+01 -7.6072e-01
-1.5167e+00     4.0204e+00  2.4416e-01 -1.7214e+01 -5.9543e-01  3.6944e+01  7.1594e-01 -3.5658e+01 -7.6529e-01
-1.5083e+00     5.0654e+00  3.0102e-01 -1.8649e+01 -6.0381e-01  3.6982e+01  7.1821e-01 -3.5807e+01 -7.7027e-01
-1.5000e+00     5.8091e+00  3.3760e-01 -1.8330e+01 -7.2326e-01  3.7027e+01  7.2087e-01 -3.5961e+01 -7.7579e-01
-1.4917e+00     6.4567e+00  3.4319e-01 -1.7248e+01 -7.7974e-01  3.7078e+01  7.2370e-01 -3.6109e+01 -7.8205e-01
-1.4833e+00     1.1599e+01  5.3891e-01 -1.1752e+01 -6.0200e-01  3.7153e+01  7.2737e-01 -3.6230e+01 -7.8779e-01
-1.4750e+00     2.1279e+01  9.7406e-01 -8.5963e+00 -4.9490e-01  3.7290e+01  7.3366e-01 -3.6314e+01 -7.9236e-01
-1.4667e+00     1.5370e+01  7.4459e-01 -8.3703e+00 -4.7689e-01  3.7443e+01  7.4081e-01 -3.6385e+01 -7.9640e-01
-1.4583e+00     1.2987e+01  6.4386e-01 -8.5828e+00 -4.6696e-01  3.7560e+01  7.4659e-01 -3.6456e+01 -8.0033e-01
-1.4500e+00     5.6950e+00  3.5866e-01 -7.9442e+00 -4.8278e-01  3.7638e+01  7.5076e-01 -3.6524e+01 -8.0428e-01
-1.4417e+00     4.8763e+00  3.1073e-01 -8.2243e+00 -6.0639e-01  3.7682e+01  7.5354e-01 -3.6592e+01 -8.0881e-01
-1.4333e+00     4.1102e+00  2.6483e-01 -6.5231e+00 -4.9052e-01  3.7720e+01  7.5594e-01 -3.6653e+01 -8.1337e-01
-1.4250e+00     4.2103e+00  2.8217e-01 -6.2348e+00 -4.4501e-01  3.7754e+01  7.5821e-01 -3.6706e+01 -8.1726e-01
-1.4167e+00     5.2870e+00  3.6248e-01 -6.0370e+00 -4.0805e-01  3.7794e+01  7.6089e-01 -3.6757e+01 -8.2081e-01
-1.4083e+00     6.1861e+00  4.3464e-01 -5.9019e+00 -3.7822e-01  3.7841e+01  7.6421e-01 -3.6807e+01 -8.2408e-01
-1.4000e+00     7.8525e+00  6.1267e-01 -6.1054e+00 -3.9073e-01  3.7900e+01  7.6857e-01 -3.6857e+01 -8.2728e-01
-1.3917e+00     7.7282e+00  6.0206e-01 -6.8208e+00 -4.3415e-01  3.7965e+01  7.7362e-01 -3.6910e+01 -8.3071e-01
-1.3833e+00     7.7000e+00  5.7524e-01 -7.8135e+00 -5.0304e-01  3.8029e+01  7.7852e-01 -3.6971e+01 -8.3461e-01
-1.3750e+00     8.1984e+00  5.9594e-01 -9.5483e+00 -6.3465e-01  3.8095e+01  7.8339e-01 -3.7043e+01 -8.3934e-01
-1.3667e+00     8.3444e+00  6.0001e-01 -1.0503e+01 -6.7241e-01  3.8164e+01  7.8836e-01 -3.7127e+01 -8.4478e-01
-1.3583e+00     8.8791e+00  6.7129e-01 -9.6092e+00 -4.9279e-01  3.8235e+01  7.9365e-01 -3.7211e+01 -8.4963e-01
-1.3500e+00     1.2098e+01  1.0045e+00 -1.0031e+01 -4.3085e-01  3.8323e+01  8.0062e-01 -3.7292e+01 -8.5347e-01
-1.3417e+00     1.1343e+01  8.8147e-01 -1.3671e+01 -4.5300e-01  3.8420e+01  8.0847e-01 -3.7391e+01 -8.5714e-01
-1.3333e+00     1.0852e+01  6.9592e-01 -1.4850e+01 -3.7354e-01  3.8512e+01  8.1503e-01 -3.7509e+01 -8.6058e-01
-1.3250e+00     1.6051e+01  8.8393e-01 -1.3821e+01 -3.0701e-01  3.8624e+01  8.2160e-01 -3.7629e+01 -8.6341e-01
-1.3167e+00     1.0963e+01  4.1726e-01 -1.1504e+01 -2.6885e-01  3.8737e+01  8.2701e-01 -3.7734e+01 -8.6581e-01
-1.3083e+00     1.0565e+01  3.2393e-01 -1.1850e+01 -2.7651e-01  3.8826e+01  8.3010e-01 -3.7831e+01 -8.6808e-01
-1.3000e+00     1.2661e+01  3.1851e-01 -1.2417e+01 -2.8461e-01  3.8923e+01  8.3277e-01 -3.7932e+01 -8.7041e-01
-1.2917e+00     1.4355e+01  3.2124e-01 -1.8884e+01 -4.7017e-01  3.9035e+01  8.3543e-01 -3.8062e+01 -8.7355e-01
-1.2833e+00     1.4853e+01  3.9618e-01 -1.7411e+01 -4.8326e-01  3.9157e+01  8.3841e-01 -3.8213e+01 -8.7752e-01
-1.2750e+00     1.4203e+01  3.7579e-01 -2.9844e+01 -1.0595e+00  3.9278e+01  8.4163e-01 -3.8410e+01 -8.8393e-01
-1.2667e+00     2.2922e+01  6.2419e-01 -1.3123e+01 -2.9430e-01  3.9432e+01  8.4579e-01 -3.8589e+01 -8.8957e-01
-1.2583e+00     1.9791e+01  5.9158e-01 -1.5400e+01 -4.0986e-01  3.9610e+01  8.5084e-01 -3.8707e+01 -8.9250e-01
-1.2500e+00     2.3334e+01  8.0497e-01 -1.1246e+01 -3.5459e-01  3.9789e+01  8.5665e-01 -3.8818e+01 -8.9568e-01
-1.2417e+00     1.8589e+01  6.8778e-01 -7.0928e+00 -1.9764e-01  3.9964e+01  8.6286e-01 -3.8894e+01 -8.9797e-01
-1.2333e+00     1.2642e+01  4.3198e-01 -7.6041e+00 -2.0453e-01  4.0093e+01  8.6752e-01 -3.8956e+01 -8.9965e-01
-1.2250e+00     8.8501e+00  3.1568e-01 -9.0030e+00 -2.2467e-01  4.0183e+01  8.7063e-01 -3.9025e+01 -9.0143e-01
-1.2167e+00     8.1380e+00  2.3604e-01 -1.0371e+01 -2.4757e-01  4.0254e+01  8.7292e-01 -3.9105e+01 -9.0339e-01
-1.2083e+00     9.3381e+00  2.6028e-01 -1.0233e+01 -2.6421e-01  4.0326e+01  8.7499e-01 -3.9191e+01 -9.0552e-01
-1.2000e+00     9.3192e+00  2.7143e-01 -8.9036e+00 -2.5684e-01  4.0404e+01  8.7720e-01 -3.9271e+01 -9.0769e-01
-1.1917e+00     9.2839e+00  2.9200e-01 -1.0543e+01 -2.9857e-01  4.0481e+01  8.7954e-01 -3.9351e+01 -9.1000e-01
-1.1833e+00     9.0093e+00  3.0507e-01 -1.0933e+01 -3.6378e-01  4.0557e+01  8.8203e-01 -3.9441e+01 -9.1276e-01
-1.1750e+00     9.6052e+00  3.2200e-01 -9.7464e+00 -2.9430e-01  4.0635e+01  8.8464e-01 -3.9527e+01 -9.1549e-01
-1.1667e+00     1.1910e+01  4.3209e-01 -1.0336e+01 -3.2478e-01  4.0724e+01  8.8777e-01 -3.9610e+01 -9.1807e-01
-1.1583e+00     1.1020e+01  3.5421e-01 -8.7838e+00 -2.0261e-01  4.0820e+01  8.9104e-01 -3.9690e+01 -9.2026e-01
-1.1500e+00     1.0038e+01  3.0050e-01 -1.2332e+01 -2.8989e-01  4.0907e+01  8.9377e-01 -3.9778e+01 -9.2231e-01
-1.1417e+00     6.0489e+00  1.0262e-01 -1.5245e+01 -3.3795e-01  4.0974e+01  8.9544e-01 -3.9892e+01 -9.2492e-01
-1.1333e+00     7.2066e+00  1.1612e-01 -1.5900e+01 -2.7697e-01  4.1029e+01  8.9635e-01 -4.0022e+01 -9.2748e-01
-1.1250e+00     1.0297e+01  1.8220e-01 -1.4393e+01 -2.3993e-01  4.1102e+01  8.9760e-01 -4.0148e+01 -9.2963e-01
-1.1167e+00     1.0859e+01  1.7370e-01 -1.3166e+01 -2.1399e-01  4.1190e+01  8.9908e-01 -4.0263e+01 -9.3152e-01
-1.1083e+00     1.1904e+01  1.8440e-01 -1.3393e+01 -2.0624e-01  4.1285e+01  9.0057e-01 -4.0373e+01 -9.3327e-01
-1.1000e+00     1.4075e+01  2.2224e-01 -1.4343e+01 -1.9515e-01  4.1393e+01  9.0226e-01 -4.0488e+01 -9.3494e-01
-1.0917e+00     1.5784e+01  2.5615e-01 -1.5574e+01 -2.0530e-01  4.1517e+01  9.0425e-01 -4.0613e+01 -9.3660e-01
-1.0833e+00     1.6203e+01  2.7755e-01 -1.2656e+01 -1.7698e-01  4.1650e+01  9.0647e-01 -4.0730e+01 -9.3819e-01
-1.0750e+00     1.2099e+01  2.0090e-01 -9.9825e+00 -1.7566e-01  4.1768e+01  9.0846e-01 -4.0825e+01 -9.3966e-01
-1.0667e+00     1.2970e+01  2.0084e-01 -1.1794e+01 -2.1954e-01  4.1872e+01  9.1013e-01 -4.0915e+01 -9.4130e-01
-1.0583e+00     1.4795e+01  2.1751e-01 -2.0184e+01 -4.1393e-01  4.1988e+01  9.1187e-01 -4.1048e+01 -9.4394e-01
-1.0500e+00     1.1175e+01  1.8065e-01 -2.1500e+01 -3.6504e-01  4.2096e+01  9.1352e-01 -4.1222e+01 -9.4718e-01
-1.0417e+00     8.9116e+00  1.6839e-01 -1.7947e+01 -2.4798e-01  4.2179e+01  9.1498e-01 -4.1386e+01 -9.4973e-01
-1.0333e+00     1.1184e+01  2.2018e-01 -1.2505e+01 -1.2942e-01  4.2263e+01  9.1659e-01 -4.1512e+01 -9.5130e-01
-1.0250e+00     1.2962e+01  2.8508e-01 -1.2721e+01 -1.1067e-01  4.2363e+01  9.1869e-01 -4.1617e+01 -9.5230e-01
-1.0167e+00     1.1745e+01  2.2231e-01 -1.1558e+01 -1.0569e-01  4.2466e+01  9.2081e-01 -4.1718e+01 -9.5320e-01
-1.0083e+00     1.2593e+01  2.4321e-01 -8.5871e+00 -9.5628e-02  4.2567e+01  9.2274e-01 -4.1802e+01 -9.5404e-01
-1.0000e+00     1.5665e+01  3.2160e-01 -1.4715e+01 -1.7034e-01  4.2685e+01  9.2509e-01 -4.1899e+01 -9.5514e-01
-9.9167e-01     1.5595e+01  3.1410e-01 -3.1063e+01 -3.4931e-01  4.2815e+01  9.2774e-01 -4.2089e+01 -9.5730e-01
-9.8333e-01     1.1829e+01  1.9596e-01 -3.7219e+01 -4.4257e-01  4.2929e+01  9.2986e-01 -4.2373e+01 -9.6060e-01
-9.7500e-01     1.4199e+01  1.6743e-01 -1.9167e+01 -3.3674e-01  4.3037e+01  9.3137e-01 -4.2608e+01 -9.6384e-01
-9.6667e-01     1.3698e+01  1.6266e-01 -2.1971e+01 -3.1401e-01  4.3153e+01  9.3274e-01 -4.2779e+01 -9.6655e-01
-9.5833e-01     1.5580e+01  2.0435e-01 -1.9666e+01 -2.4348e-01  4.3275e+01  9.3427e-01 -4.2952e+01 -9.6887e-01
-9.5000e-01     1.6898e+01  2.5496e-01 -2.1959e+01 -3.0821e-01  4.3410e+01  9.3618e-01 -4.3125e+01 -9.7116e-01
-9.4167e-01     1.5046e+01  2.3758e-01 -1.5583e+01 -1.9898e-01  4.3543e+01  9.3823e-01 -4.3282e+01 -9.7327e-01
-9.3333e-01     1.1124e+01  1.7813e-01 -1.3553e+01 -2.0505e-01  4.3652e+01  9.3996e-01 -4.3403e+01 -9.7495e-01
-9.2500e-01     1.1510e+01  2.1910e-01 -1.2956e+01 -2.3115e-01  4.3746e+01  9.4161e-01 -4.3513e+01 -9.7677e-01
-9.1667e-01     1.1715e+01  2.4620e-01 -1.2704e+01 -2.4953e-01  4.3843e+01  9.4355e-01 -4.3620e+01 -9.7876e-01
-9.0833e-01     1.1940e+01  2.6769e-01 -1.1782e+01 -2.2659e-01  4.3941e+01  9.4568e-01 -4.3722e+01 -9.8075e-01
-9.0000e-01     1.5076e+01  3.3579e-01 -1.3810e+01 -2.4111e-01  4.4053e+01  9.4819e-01 -4.3828e+01 -9.8269e-01
-8.9167e-01     1.2819e+01  2.5921e-01 -1.7963e+01 -3.0501e-01  4.4169e+01  9.5067e-01 -4.3960e+01 -9.8496e-01
-8.8333e-01     1.5746e+01  2.7699e-01 -2.3121e+01 -3.5239e-01  4.4288e+01  9.5290e-01 -4.4131e+01 -9.8770e-01
-8.7500e-01     2.5592e+01  4.0014e-01 -3.1104e+01 -4.1539e-01  4.4460e+01  9.5572e-01 -4.4357e+01 -9.9089e-01
-8.6667e-01     3.3431e+01  4.7235e-01 -2.0637e+01 -3.3703e-01  4.4706e+01  9.5934e-01 -4.4572e+01 -9.9402e-01
-8.5833e-01     1.7222e+01  2.9612e-01 -1.7180e+01 -3.0143e-01  4.4916e+01  9.6254e-01 -4.4729e+01 -9.9668e-01
-8.5000e-01     1.3197e+01  2.7671e-01 -1.8428e+01 -2.7918e-01  4.5043e+01  9.6492e-01 -4.4877e+01 -9.9909e-01
-8.4167e-01     1.4188e+01  2.5648e-01 -1.5478e+01 -2.6269e-01  4.5157e+01  9.6714e-01 -4.5018e+01 -1.0013e+00
-8.3333e-01     1.4736e+01  2.1162e-01 -2.2536e+01 -3.4850e-01  4.5277e+01  9.6909e-01 -4.5177e+01 -1.0039e+00
-8.2500e-01     2.1537e+01  3.0176e-01 -2.7783e+01 -3.6845e-01  4.5428e+01  9.7123e-01 -4.5386e+01 -1.0069e+00
-8.1667e-01     2.1193e+01  2.9768e-01 -2.2548e+01 -2.7767e-01  4.5606e+01  9.7372e-01 -4.5595e+01 -1.0096e+00
-8.0833e-01     2.2571e+01  2.9853e-01 -1.3347e+01 -1.6318e-01  4.5788e+01  9.7620e-01 -4.5745e+01 -1.0114e+00
-8.0000e-01     1.6051e+01  2.1084e-01 -1.1360e+01 -1.4922e-01  4.5948e+01  9.7832e-01 -4.5847e+01 -1.0127e+00
-7.9167e-01     1.1518e+01  1.6033e-01 -1.4761e+01 -2.1782e-01  4.6063e+01  9.7986e-01 -4.5956e+01 -1.0142e+00
-7.8333e-01     1.6578e+01  3.2799e-01 -2.5271e+01 -4.8597e-01  4.6180e+01  9.8189e-01 -4.6122e+01 -1.0171e+00
-7.7500e-01     1.7212e+01  3.8206e-01 -2.5488e+01 -4.6663e-01  4.6321e+01  9.8485e-01 -4.6334e+01 -1.0211e+00
-7.6667e-01     1.8900e+01  4.2821e-01 -2.2213e+01 -3.7331e-01  4.6471e+01  9.8822e-01 -4.6532e+01 -1.0246e+00
-7.5833e-01     1.8223e+01  3.8285e-01 -1.7353e+01 -2.8368e-01  4.6625e+01  9.9159e-01 -4.6697e+01 -1.0273e+00
-7.5000e-01     1.6498e+01  3.1853e-01 -1.4137e+01 -2.5038e-01  4.6770e+01  9.9451e-01 -4.6828e+01 -1.0296e+00
-7.4167e-01     1.7385e+01  2.9720e-01 -1.3468e+01 -2.3436e-01  4.6911e+01  9.9707e-01 -4.6942e+01 -1.0316e+00
-7.3333e-01     1.2962e+01  2.5453e-01 -1.8320e+01 -2.5399e-01  4.7037e+01  9.9936e-01 -4.7075e+01 -1.0336e+00
-7.2500e-01     1.2997e+01  2.5105e-01 -2.5694e+01 -3.0409e-01  4.7145e+01  1.0015e+00 -4.7258e+01 -1.0359e+00
-7.1667e-01     1.2785e+01  2.2331e-01 -2.0850e+01 -2.1547e-01  4.7252e+01  1.0034e+00 -4.7451e+01 -1.0381e+00
-7.0833e-01     2.2719e+01  3.1439e-01 -1.5081e+01 -1.5758e-01  4.7400e+01  1.0057e+00 -4.7601e+01 -1.0396e+00
-7.0000e-01     1.7742e+01  1.9996e-01 -9.0273e+00 -9.1875e-02  4.7568e+01  1.0078e+00 -4.7701e+01 -1.0407e+00
-6.9167e-01     1.7388e+01  1.8684e-01 -1.2430e+01 -1.1684e-01  4.7714e+01  1.0094e+00 -4.7790e+01 -1.0415e+00
-6.8333e-01     1.6371e+01  1.7540e-01 -1.2799e+01 -1.2474e-01  4.7855e+01  1.0109e+00 -4.7895e+01 -1.0425e+00
-6.7500e-01     1.3259e+01  1.3944e-01 -1.5518e+01 -1.4770e-01  4.7978e+01  1.0122e+00 -4.8013e+01 -1.0437e+00
-6.6667e-01     1.6042e+01  1.5256e-01 -2.1496e+01 -2.0736e-01  4.8100e+01  1.0135e+00 -4.8167e+01 -1.0452e+00
-6.5833e-01     1.5136e+01  1.3001e-01 -2.8828e+01 -3.2943e-01  4.8229e+01  1.0146e+00 -4.8376e+01 -1.0474e+00
-6.5000e-01     9.3752e+00  9.1070e-02 -2.3875e+01 -2.9465e-01  4.8331e+01  1.0156e+00 -4.8596e+01 -1.0500e+00
-6.4167e-01     1.6292e+01  1.6159e-01 -1.7759e+01 -2.1736e-01  4.8438e+01  1.0166e+00 -4.8769e+01 -1.0521e+00
-6.3333e-01     2.7941e+01  2.3356e-01 -1.5389e+01 -1.8559e-01  4.8622e+01  1.0182e+00 -4.8907e+01 -1.0538e+00
-6.2500e-01     2.0242e+01  1.7500e-01 -1.5907e+01 -1.8254e-01  4.8823e+01  1.0199e+00 -4.9037e+01 -1.0553e+00
-6.1667e-01     1.8164e+01  1.6153e-01 -1.7398e+01 -1.8238e-01  4.8982e+01  1.0213e+00 -4.9175e+01 -1.0568e+00
-6.0833e-01     1.9820e+01  2.0174e-01 -2.0126e+01 -2.1319e-01  4.9140e+01  1.0229e+00 -4.9332e+01 -1.0585e+00
-6.0000e-01     2.9917e+01  3.1810e-01 -2.1457e+01 -2.3154e-01  4.9347e+01  1.0250e+00 -4.9505e+01 -1.0603e+00
-5.9167e-01     2.9566e+01  2.8613e-01 -1.9104e+01 -2.1814e-01  4.9595e+01  1.0275e+00 -4.9673e+01 -1.0622e+00
-5.8333e-01     2.1932e+01  2.2413e-01 -1.4284e+01 -1.6034e-01  4.9809e+01  1.0297e+00 -4.9812e+01 -1.0638e+00
-5.7500e-01     1.8636e+01  1.9692e-01 -1.6269e+01 -1.8006e-01  4.9978e+01  1.0314e+00 -4.9939e+01 -1.0652e+00
-5.6667e-01     2.0948e+01  2.2617e-01 -2.2127e+01 -2.3710e-01  5.0142e+01  1.0332e+00 -5.0099e+01 -1.0669e+00
-5.5833e-01     2.4767e+01  2.7573e-01 -2.2457e+01 -2.4479e-01  5.0333e+01  1.0353e+00 -5.0284e+01 -1.0689e+00
-5.5000e-01     2.4736e+01  2.6877e-01 -1.5433e+01 -1.9070e-01  5.0538e+01  1.0375e+00 -5.0442e+01 -1.0708e+00
-5.4167e-01     1.7843e+01  1.9483e-01 -1.6443e+01 -2.2107e-01  5.0716e+01  1.0394e+00 -5.0575e+01 -1.0725e+00
-5.3333e-01     1.7785e+01  2.0377e-01 -2.5421e+01 -3.3606e-01  5.0864e+01  1.0411e+00 -5.0749e+01 -1.0748e+00
-5.2500e-01     2.0170e+01  2.7677e-01 -2.8269e+01 -3.9143e-01  5.1022e+01  1.0431e+00 -5.0972e+01 -1.0778e+00
-5.1667e-01     2.2904e+01  3.3209e-01 -2.3152e+01 -3.1413e-01  5.1201e+01  1.0456e+00 -5.1186e+01 -1.0807e+00
-5.0833e-01     2.6635e+01  3.3756e-01 -1.6295e+01 -2.2792e-01  5.1407e+01  1.0484e+00 -5.1350e+01 -1.0830e+00
-5.0000e-01     2.4812e+01  2.9344e-01 -1.2294e+01 -1.8498e-01  5.1621e+01  1.0510e+00 -5.1469e+01 -1.0847e+00
-4.9167e-01     2.0235e+01  2.4041e-01 -1.2382e+01 -1.8784e-01  5.1808e+01  1.0533e+00 -5.1572e+01 -1.0863e+00
-4.8333e-01     1.9679e+01  2.5428e-01 -1.4153e+01 -2.2034e-01  5.1974e+01  1.0553e+00 -5.1682e+01 -1.0880e+00
-4.7500e-01     2.3331e+01  3.1960e-01 -2.2394e+01 -3.3792e-01  5.2153e+01  1.0577e+00 -5.1834e+01 -1.0903e+00
-4.6667e-01     2.7706e+01  4.0185e-01 -1.7996e+01 -2.8975e-01  5.2366e+01  1.0607e+00 -5.2002e+01 -1.0929e+00
-4.5833e-01     2.0216e+01  3.0808e-01 -2.1110e+01 -3.4516e-01  5.2565e+01  1.0637e+00 -5.2165e+01 -1.0955e+00
-4.5000e-01     1.8482e+01  2.7027e-01 -1.8227e+01 -3.0837e-01  5.2726e+01  1.0661e+00 -5.2328e+01 -1.0983e+00
-4.4167e-01     1.9232e+01  2.7147e-01 -1.4909e+01 -2.5212e-01  5.2883e+01  1.0683e+00 -5.2466e+01 -1.1006e+00
-4.3333e-01     2.1318e+01  2.9029e-01 -1.6797e+01 -2.6911e-01  5.3051e+01  1.0707e+00 -5.2598e+01 -1.1028e+00
-4.2500e-01     1.9042e+01  2.7405e-01 -1.6975e+01 -2.3130e-01  5.3219e+01  1.0730e+00 -5.2739e+01 -1.1048e+00
-4.1667e-01     1.8408e+01  2.7136e-01 -1.8125e+01 -2.3869e-01  5.3375e+01  1.0753e+00 -5.2885e+01 -1.1068e+00
-4.0833e-01     1.7420e+01  2.5852e-01 -1.8678e+01 -2.3769e-01  5.3524e+01  1.0775e+00 -5.3038e+01 -1.1088e+00
-4.0000e-01     1.7390e+01  2.5766e-01 -1.9378e+01 -2.3311e-01  5.3669e+01  1.0796e+00 -5.3196e+01 -1.1107e+00
-3.9167e-01     1.8435e+01  2.7066e-01 -2.1317e+01 -2.4622e-01  5.3818e+01  1.0818e+00 -5.3365e+01 -1.1127e+00
-3.8333e-01     1.9189e+01  2.7110e-01 -2.6044e+01 -2.9641e-01  5.3974e+01  1.0841e+00 -5.3562e+01 -1.1150e+00
-3.7500e-01     1.8207e+01  2.4753e-01 -2.6997e+01 -3.1773e-01  5.4130e+01  1.0862e+00 -5.3783e+01 -1.1175e+00
-3.6667e-01     1.6305e+01  2.1367e-01 -2.6129e+01 -3.1518e-01  5.4274e+01  1.0882e+00 -5.4004e+01 -1.1202e+00
-3.5833e-01     1.5888e+01  2.0014e-01 -2.4774e+01 -2.8242e-01  5.4407e+01  1.0899e+00 -5.4216e+01 -1.1227e+00
-3.5000e-01     1.9216e+01  2.4022e-01 -2.2627e+01 -2.4126e-01  5.4553e+01  1.0917e+00 -5.4413e+01 -1.1248e+00
-3.4167e-01     2.2529e+01  2.8634e-01 -1.9691e+01 -2.1012e-01  5.4727e+01  1.0939e+00 -5.4589e+01 -1.1267e+00
-3.3333e-01     2.2773e+01  3.0785e-01 -2.0141e+01 -2.4421e-01  5.4916e+01  1.0964e+00 -5.4755e+01 -1.1286e+00
-3.2500e-01     2.0683e+01  3.1951e-01 -2.0727e+01 -2.7061e-01  5.5096e+01  1.0990e+00 -5.4925e+01 -1.1307e+00
-3.1667e-01     2.1188e+01  3.5051e-01 -2.2644e+01 -3.1753e-01  5.5271e+01  1.1018e+00 -5.5105e+01 -1.1332e+00
-3.0833e-01     2.4798e+01  4.0750e-01 -2.2794e+01 -3.3337e-01  5.5462e+01  1.1049e+00 -5.5294e+01 -1.1359e+00
-3.0000e-01     2.1754e+01  3.4317e-01 -2.1207e+01 -3.2086e-01  5.5655e+01  1.1080e+00 -5.5477e+01 -1.1386e+00
-2.9167e-01     1.7062e+01  2.7421e-01 -1.8152e+01 -2.6971e-01  5.5817e+01  1.1106e+00 -5.5641e+01 -1.1411e+00
-2.8333e-01     1.5732e+01  2.5112e-01 -1.7207e+01 -2.5125e-01  5.5953e+01  1.1128e+00 -5.5788e+01 -1.1432e+00
-2.7500e-01     1.6720e+01  2.5437e-01 -1.8587e+01 -2.6851e-01  5.6088e+01  1.1149e+00 -5.5937e+01 -1.1454e+00
-2.6667e-01     2.0229e+01  3.0787e-01 -2.4624e+01 -3.4744e-01  5.6242e+01  1.1172e+00 -5.6116e+01 -1.1480e+00
-2.5833e-01     2.2059e+01  3.1838e-01 -2.7308e+01 -3.9292e-01  5.6418e+01  1.1198e+00 -5.6332e+01 -1.1510e+00
-2.5000e-01     2.0821e+01  3.0891e-01 -2.2852e+01 -3.1032e-01  5.6596e+01  1.1225e+00 -5.6541e+01 -1.1540e+00
-2.4167e-01     2.1308e+01  3.1512e-01 -2.1790e+01 -2.8580e-01  5.6772e+01  1.1251e+00 -5.6727e+01 -1.1565e+00
-2.3333e-01     2.0666e+01  2.9997e-01 -2.3599e+01 -3.0685e-01  5.6946e+01  1.1276e+00 -5.6916e+01 -1.1589e+00
-2.2500e-01     2.0922e+01  2.9664e-01 -2.7830e+01 -3.5080e-01  5.7119e+01  1.1301e+00 -5.7130e+01 -1.1617e+00
-2.1667e-01     2.4430e+01  3.4734e-01 -2.4012e+01 -2.9313e-01  5.7308e+01  1.1328e+00 -5.7345e+01 -1.1643e+00
-2.0833e-01     2.5099e+01  3.5152e-01 -2.0280e+01 -2.5029e-01  5.7514e+01  1.1357e+00 -5.7529e+01 -1.1666e+00
-2.0000e-01     2.3206e+01  3.2075e-01 -2.1152e+01 -2.6199e-01  5.7715e+01  1.1385e+00 -5.7702e+01 -1.1687e+00
-1.9167e-01     2.2737e+01  3.1732e-01 -2.2381e+01 -2.7265e-01  5.7906e+01  1.1411e+00 -5.7883e+01 -1.1709e+00
-1.8333e-01     2.4853e+01  3.5750e-01 -2.8293e+01 -3.0882e-01  5.8104e+01  1.1439e+00 -5.8094e+01 -1.1734e+00
-1.7500e-01     2.8453e+01  3.7785e-01 -2.0798e+01 -2.4115e-01  5.8326e+01  1.1470e+00 -5.8298e+01 -1.1757e+00
-1.6667e-01     2.0006e+01  2.8445e-01 -1.8003e+01 -2.1603e-01  5.8527e+01  1.1497e+00 -5.8459e+01 -1.1776e+00
-1.5833e-01     1.6407e+01  2.1647e-01 -1.7624e+01 -2.1400e-01  5.8679e+01  1.1518e+00 -5.8607e+01 -1.1793e+00
-1.5000e-01     1.6978e+01  2.1632e-01 -2.3549e+01 -2.7589e-01  5.8817e+01  1.1536e+00 -5.8779e+01 -1.1814e+00
-1.4167e-01     1.8726e+01  2.2896e-01 -2.7369e+01 -3.0599e-01  5.8966e+01  1.1555e+00 -5.8991e+01 -1.1838e+00
-1.3333e-01     2.5871e+01  3.0812e-01 -2.5151e+01 -2.7518e-01  5.9152e+01  1.1577e+00 -5.9209e+01 -1.1862e+00
-1.2500e-01     2.8141e+01  2.9749e-01 -2.5567e+01 -3.1786e-01  5.9376e+01  1.1602e+00 -5.9420e+01 -1.1887e+00
-1.1667e-01     2.1741e+01  2.1798e-01 -3.2750e+01 -4.6801e-01  5.9584e+01  1.1624e+00 -5.9663e+01 -1.1920e+00
-1.0833e-01     2.1133e+01  2.1876e-01 -3.1231e+01 -4.8957e-01  5.9762e+01  1.1642e+00 -5.9929e+01 -1.1959e+00
-1.0000e-01     3.8246e+01  5.0938e-01 -2.6506e+01 -3.5159e-01  6.0009e+01  1.1672e+00 -6.0169e+01 -1.1994e+00
-9.1667e-02     3.0802e+01  3.6826e-01 -2.7133e+01 -3.3868e-01  6.0296e+01  1.1709e+00 -6.0392e+01 -1.2023e+00
-8.3333e-02     2.6490e+01  3.2306e-01 -2.7066e+01 -3.3053e-01  6.0535e+01  1.1738e+00 -6.0617e+01 -1.2051e+00
-7.5000e-02     2.8270e+01  3.5534e-01 -2.8658e+01 -3.3969e-01  6.0762e+01  1.1766e+00 -6.0849e+01 -1.2079e+00
-6.6667e-02     3.0423e+01  3.9513e-01 -2.7632e+01 -3.2213e-01  6.1007e+01  1.1797e+00 -6.1083e+01 -1.2106e+00
-5.8333e-02     3.4127e+01  4.3663e-01 -2.6545e+01 -3.0863e-01  6.1275e+01  1.1832e+00 -6.1309e+01 -1.2133e+00
-5.0000e-02     2.6419e+01  3.2322e-01 -3.0939e+01 -3.6292e-01  6.1527e+01  1.1863e+00 -6.1548e+01 -1.2161e+00
-4.1667e-02     2.3222e+01  2.8865e-01 -2.9836e+01 -3.4614e-01  6.1733e+01  1.1889e+00 -6.1801e+01 -1.2190e+00
-3.3333e-02     3.0800e+01  3.8755e-01 -2.4955e+01 -2.8234e-01  6.1958e+01  1.1917e+00 -6.2029e+01 -1.2216e+00
-2.5000e-02     2.8004e+01  3.3020e-01 -2.4045e+01 -2.5778e-01  6.2203e+01  1.1947e+00 -6.2232e+01 -1.2239e+00
-1.6667e-02     2.5545e+01  2.8163e-01 -2.6504e+01 -2.7323e-01  6.2425e+01  1.1972e+00 -6.2443e+01 -1.2261e+00
-8.3333e-03     2.5423e+01  2.6414e-01 -3.1665e+01 -3.4654e-01  6.2637e+01  1.1995e+00 -6.2685e+01 -1.2286e+00
