-5.0000e+00     1.7308e+01  1.4549e-01  1.3967e-01 -1.7308e+01 -1.4549e-01 -1.3967e-01  0.0000e+00  0.0000e+00  0.0000e+00 -0.0000e+00 -0.0000e+00 -0.0000e+00
-4.9917e+00     1.8254e+01  1.5362e-01  1.4372e-01 -1.8254e+01 -1.5362e-01 -1.4372e-01  1.4793e-01  1.2442e-03  1.1788e-03 -1.4793e-01 -1.2442e-03 -1.1788e-03
-4.9833e+00     2.1142e+01  1.7980e-01  1.4818e-01 -2.1142e+01 -1.7980e-01 -1.4818e-01  3.1180e-01  2.6312e-03  2.3931e-03 -3.1180e-01 -2.6312e-03 -2.3931e-03
-4.9750e+00     2.1450e+01  2.0023e-01  1.5233e-01 -2.1450e+01 -2.0023e-01 -1.5233e-01  4.8898e-01  4.2120e-03  3.6431e-03 -4.8898e-01 -4.2120e-03 -3.6431e-03
-4.9667e+00     2.1160e+01  2.1142e-01  1.5090e-01 -2.1160e+01 -2.1142e-01 -1.5090e-01  6.6622e-01  5.9244e-03  4.9045e-03 -6.6622e-01 -5.9244e-03 -4.9045e-03
-4.9583e+00     2.0996e+01  2.1896e-01  1.4720e-01 -2.0996e+01 -2.1896e-01 -1.4720e-01  8.4158e-01  7.7147e-03  6.1445e-03 -8.4158e-01 -7.7147e-03 -6.1445e-03
-4.9500e+00     2.1446e+01  1.9091e-01  1.5704e-01 -2.1446e+01 -1.9091e-01 -1.5704e-01  1.0181e+00  9.4197e-03  7.4100e-03 -1.0181e+00 -9.4197e-03 -7.4100e-03
-4.9417e+00     2.0725e+01  1.5704e-01  1.5972e-01 -2.0725e+01 -1.5704e-01 -1.5972e-01  1.1935e+00  1.0867e-02  8.7277e-03 -1.1935e+00 -1.0867e-02 -8.7277e-03
-4.9333e+00     1.7468e+01  1.2441e-01  1.4884e-01 -1.7468e+01 -1.2441e-01 -1.4884e-01  1.3524e+00  1.2038e-02  1.0011e-02 -1.3524e+00 -1.2038e-02 -1.0011e-02
-4.9250e+00     2.0431e+01  1.2120e-01  2.2190e-01 -2.0431e+01 -1.2120e-01 -2.2190e-01  1.5101e+00  1.3059e-02  1.1553e-02 -1.5101e+00 -1.3059e-02 -1.1553e-02
-4.9167e+00     2.5292e+01  1.3482e-01  2.7261e-01 -2.5292e+01 -1.3482e-01 -2.7260e-01  1.7003e+00  1.4124e-02  1.3610e-02 -1.7003e+00 -1.4124e-02 -1.3610e-02
-4.9083e+00     2.4885e+01  1.3676e-01  2.4167e-01 -2.4885e+01 -1.3676e-01 -2.4167e-01  1.9090e+00  1.5254e-02  1.5750e-02 -1.9090e+00 -1.5254e-02 -1.5750e-02
-4.9000e+00     2.3348e+01  1.4620e-01  1.9942e-01 -2.3348e+01 -1.4620e-01 -1.9942e-01  2.1096e+00  1.6431e-02  1.7584e-02 -2.1096e+00 -1.6431e-02 -1.7584e-02
-4.8917e+00     2.1651e+01  1.3869e-01  1.7017e-01 -2.1651e+01 -1.3869e-01 -1.7017e-01  2.2968e+00  1.7616e-02  1.9122e-02 -2.2968e+00 -1.7616e-02 -1.9122e-02
-4.8833e+00     2.2137e+01  1.4633e-01  1.6729e-01 -2.2137e+01 -1.4633e-01 -1.6729e-01  2.4790e+00  1.8802e-02  2.0526e-02 -2.4790e+00 -1.8802e-02 -2.0526e-02
-4.8750e+00     2.0701e+01  1.4328e-01  1.5184e-01 -2.0701e+01 -1.4328e-01 -1.5184e-01  2.6571e+00  2.0007e-02  2.1853e-02 -2.6571e+00 -2.0007e-02 -2.1853e-02
-4.8667e+00     1.8896e+01  1.3613e-01  1.3960e-01 -1.8896e+01 -1.3613e-01 -1.3960e-01  2.8219e+00  2.1169e-02  2.3065e-02 -2.8219e+00 -2.1169e-02 -2.3065e-02
-4.8583e+00     1.6615e+01  1.2514e-01  1.2309e-01 -1.6615e+01 -1.2514e-01 -1.2309e-01  2.9696e+00  2.2256e-02  2.4158e-02 -2.9696e+00 -2.2256e-02 -2.4158e-02
-4.8500e+00     1.5052e+01  1.1862e-01  1.1121e-01 -1.5052e+01 -1.1862e-01 -1.1121e-01  3.1013e+00  2.3270e-02  2.5133e-02 -3.1013e+00 -2.3270e-02 -2.5133e-02
-4.8417e+00     1.5553e+01  1.1861e-01  1.1978e-01 -1.5553e+01 -1.1861e-01 -1.1978e-01  3.2286e+00  2.4256e-02  2.6093e-02 -3.2286e+00 -2.4256e-02 -2.6093e-02
-4.8333e+00     1.9037e+01  1.7432e-01  1.2546e-01 -1.9037e+01 -1.7432e-01 -1.2546e-01  3.3725e+00  2.5475e-02  2.7114e-02 -3.3725e+00 -2.5475e-02 -2.7114e-02
-4.8250e+00     1.7825e+01  1.6957e-01  1.1945e-01 -1.7825e+01 -1.6957e-01 -1.1945e-01  3.5258e+00  2.6905e-02  2.8132e-02 -3.5258e+00 -2.6905e-02 -2.8132e-02
-4.8167e+00     1.8031e+01  1.7166e-01  1.2142e-01 -1.8031e+01 -1.7166e-01 -1.2142e-01  3.6750e+00  2.8325e-02  2.9134e-02 -3.6750e+00 -2.8325e-02 -2.9134e-02
-4.8083e+00     1.7044e+01  1.6564e-01  1.1806e-01 -1.7044e+01 -1.6564e-01 -1.1806e-01  3.8209e+00  2.9728e-02  3.0131e-02 -3.8209e+00 -2.9728e-02 -3.0131e-02
-4.8000e+00     1.7394e+01  1.7427e-01  1.2990e-01 -1.7394e+01 -1.7427e-01 -1.2990e-01  3.9641e+00  3.1142e-02  3.1162e-02 -3.9641e+00 -3.1142e-02 -3.1162e-02
-4.7917e+00     1.5844e+01  1.7997e-01  1.1933e-01 -1.5844e+01 -1.7997e-01 -1.1933e-01  4.1024e+00  3.2615e-02  3.2199e-02 -4.1024e+00 -3.2615e-02 -3.2199e-02
-4.7833e+00     1.7895e+01  2.0922e-01  1.3470e-01 -1.7895e+01 -2.0922e-01 -1.3470e-01  4.2428e+00  3.4234e-02  3.3255e-02 -4.2428e+00 -3.4234e-02 -3.3255e-02
-4.7750e+00     2.3078e+01  2.3690e-01  1.6457e-01 -2.3078e+01 -2.3690e-01 -1.6457e-01  4.4132e+00  3.6090e-02  3.4500e-02 -4.4132e+00 -3.6090e-02 -3.4500e-02
-4.7667e+00     2.3679e+01  2.2769e-01  1.8189e-01 -2.3679e+01 -2.2769e-01 -1.8189e-01  4.6077e+00  3.8023e-02  3.5941e-02 -4.6077e+00 -3.8023e-02 -3.5941e-02
-4.7583e+00     2.5346e+01  2.7207e-01  2.1886e-01 -2.5346e+01 -2.7207e-01 -2.1886e-01  4.8116e+00  4.0102e-02  3.7608e-02 -4.8116e+00 -4.0102e-02 -3.7608e-02
-4.7500e+00     2.1981e+01  2.2928e-01  2.0016e-01 -2.1981e+01 -2.2928e-01 -2.0016e-01  5.0085e+00  4.2187e-02  3.9351e-02 -5.0085e+00 -4.2187e-02 -3.9351e-02
-4.7417e+00     1.6616e+01  1.5369e-01  1.4702e-01 -1.6616e+01 -1.5369e-01 -1.4702e-01  5.1690e+00  4.3780e-02  4.0796e-02 -5.1690e+00 -4.3780e-02 -4.0796e-02
-4.7333e+00     1.6574e+01  1.4784e-01  1.5099e-01 -1.6574e+01 -1.4784e-01 -1.5099e-01  5.3071e+00  4.5034e-02  4.2035e-02 -5.3071e+00 -4.5034e-02 -4.2035e-02
-4.7250e+00     1.5714e+01  1.3916e-01  1.4877e-01 -1.5714e+01 -1.3916e-01 -1.4877e-01  5.4414e+00  4.6228e-02  4.3282e-02 -5.4414e+00 -4.6228e-02 -4.3282e-02
-4.7167e+00     1.6779e+01  1.6072e-01  1.6395e-01 -1.6779e+01 -1.6072e-01 -1.6395e-01  5.5766e+00  4.7476e-02  4.4583e-02 -5.5766e+00 -4.7476e-02 -4.4583e-02
-4.7083e+00     2.1941e+01  2.4159e-01  2.0284e-01 -2.1941e+01 -2.4159e-01 -2.0284e-01  5.7376e+00  4.9149e-02  4.6109e-02 -5.7376e+00 -4.9149e-02 -4.6109e-02
-4.7000e+00     2.6180e+01  3.1843e-01  2.4760e-01 -2.6180e+01 -3.1843e-01 -2.4760e-01  5.9378e+00  5.1479e-02  4.7982e-02 -5.9378e+00 -5.1479e-02 -4.7982e-02
-4.6917e+00     2.2356e+01  2.8148e-01  2.0335e-01 -2.2356e+01 -2.8148e-01 -2.0335e-01  6.1397e+00  5.3974e-02  4.9858e-02 -6.1397e+00 -5.3974e-02 -4.9858e-02
-4.6833e+00     9.1493e+00  8.0780e-02  8.6519e-02 -9.1493e+00 -8.0780e-02 -8.6519e-02  6.2708e+00  5.5481e-02  5.1064e-02 -6.2708e+00 -5.5481e-02 -5.1064e-02
-4.6750e+00     9.5331e+00  8.1722e-02  8.5750e-02 -9.5331e+00 -8.1722e-02 -8.5750e-02  6.3485e+00  5.6157e-02  5.1781e-02 -6.3485e+00 -5.6157e-02 -5.1781e-02
-4.6667e+00     2.0783e+01  1.4251e-01  1.5943e-01 -2.0783e+01 -1.4251e-01 -1.5943e-01  6.4746e+00  5.7090e-02  5.2801e-02 -6.4746e+00 -5.7090e-02 -5.2801e-02
-4.6583e+00     3.1879e+01  2.1881e-01  2.0557e-01 -3.1879e+01 -2.1881e-01 -2.0557e-01  6.6936e+00  5.8593e-02  5.4319e-02 -6.6936e+00 -5.8593e-02 -5.4319e-02
-4.6500e+00     2.3723e+01  1.8159e-01  1.6452e-01 -2.3723e+01 -1.8159e-01 -1.6452e-01  6.9249e+00  6.0258e-02  5.5858e-02 -6.9249e+00 -6.0258e-02 -5.5858e-02
-4.6417e+00     1.7578e+01  1.2911e-01  1.3147e-01 -1.7578e+01 -1.2911e-01 -1.3147e-01  7.0967e+00  6.1551e-02  5.7089e-02 -7.0967e+00 -6.1551e-02 -5.7089e-02
-4.6333e+00     1.7050e+01  1.2402e-01  1.2606e-01 -1.7050e+01 -1.2402e-01 -1.2606e-01  7.2408e+00  6.2604e-02  5.8161e-02 -7.2408e+00 -6.2604e-02 -5.8161e-02
-4.6250e+00     2.5183e+01  2.0745e-01  1.7526e-01 -2.5183e+01 -2.0745e-01 -1.7526e-01  7.4165e+00  6.3983e-02  5.9414e-02 -7.4165e+00 -6.3983e-02 -5.9414e-02
-4.6167e+00     2.0869e+01  1.5831e-01  1.3469e-01 -2.0869e+01 -1.5831e-01 -1.3469e-01  7.6080e+00  6.5504e-02  6.0703e-02 -7.6080e+00 -6.5504e-02 -6.0703e-02
-4.6083e+00     2.2265e+01  1.7168e-01  1.3937e-01 -2.2265e+01 -1.7168e-01 -1.3937e-01  7.7874e+00  6.6877e-02  6.1843e-02 -7.7874e+00 -6.6877e-02 -6.1843e-02
-4.6000e+00     2.0741e+01  1.7706e-01  1.3659e-01 -2.0741e+01 -1.7706e-01 -1.3659e-01  7.9663e+00  6.8327e-02  6.2991e-02 -7.9663e+00 -6.8327e-02 -6.2991e-02
-4.5917e+00     1.9974e+01  1.7770e-01  1.3927e-01 -1.9974e+01 -1.7770e-01 -1.3927e-01  8.1357e+00  6.9803e-02  6.4139e-02 -8.1357e+00 -6.9803e-02 -6.4139e-02
-4.5833e+00     1.8948e+01  1.5549e-01  1.4234e-01 -1.8948e+01 -1.5549e-01 -1.4234e-01  8.2976e+00  7.1189e-02  6.5310e-02 -8.2976e+00 -7.1189e-02 -6.5310e-02
-4.5750e+00     3.1510e+01  2.4812e-01  2.3529e-01 -3.1510e+01 -2.4812e-01 -2.3529e-01  8.5075e+00  7.2868e-02  6.6881e-02 -8.5075e+00 -7.2868e-02 -6.6881e-02
-4.5667e+00     1.8698e+01  1.4962e-01  1.4985e-01 -1.8697e+01 -1.4962e-01 -1.4985e-01  8.7163e+00  7.4522e-02  6.8483e-02 -8.7163e+00 -7.4522e-02 -6.8483e-02
-4.5583e+00     2.3885e+01  1.8850e-01  1.8268e-01 -2.3885e+01 -1.8850e-01 -1.8268e-01  8.8935e+00  7.5929e-02  6.9866e-02 -8.8935e+00 -7.5929e-02 -6.9866e-02
-4.5500e+00     2.6554e+01  2.1573e-01  1.9645e-01 -2.6554e+01 -2.1573e-01 -1.9645e-01  9.1033e+00  7.7610e-02  7.1443e-02 -9.1033e+00 -7.7610e-02 -7.1443e-02
-4.5417e+00     2.0599e+01  1.8055e-01  1.5251e-01 -2.0599e+01 -1.8055e-01 -1.5250e-01  9.2994e+00  7.9259e-02  7.2895e-02 -9.2994e+00 -7.9259e-02 -7.2895e-02
-4.5333e+00     1.7248e+01  1.6451e-01  1.3141e-01 -1.7248e+01 -1.6451e-01 -1.3141e-01  9.4569e+00  8.0694e-02  7.4076e-02 -9.4569e+00 -8.0694e-02 -7.4076e-02
-4.5250e+00     1.4773e+01  1.4947e-01  9.2686e-02 -1.4773e+01 -1.4947e-01 -9.2686e-02  9.5901e+00  8.2000e-02  7.5008e-02 -9.5901e+00 -8.2000e-02 -7.5008e-02
-4.5167e+00     1.6523e+01  1.8078e-01  1.0835e-01 -1.6523e+01 -1.8078e-01 -1.0835e-01  9.7203e+00  8.3374e-02  7.5844e-02 -9.7203e+00 -8.3374e-02 -7.5844e-02
-4.5083e+00     1.9715e+01  2.1457e-01  1.3955e-01 -1.9715e+01 -2.1457e-01 -1.3955e-01  9.8710e+00  8.5019e-02  7.6876e-02 -9.8710e+00 -8.5019e-02 -7.6876e-02
-4.5000e+00     1.8566e+01  1.8523e-01  1.3612e-01 -1.8566e+01 -1.8523e-01 -1.3612e-01  1.0030e+01  8.6682e-02  7.8022e-02 -1.0030e+01 -8.6682e-02 -7.8022e-02
-4.4917e+00     1.8047e+01  1.8116e-01  1.3795e-01 -1.8047e+01 -1.8116e-01 -1.3795e-01  1.0183e+01  8.8206e-02  7.9162e-02 -1.0183e+01 -8.8206e-02 -7.9162e-02
-4.4833e+00     1.6280e+01  1.6750e-01  1.3388e-01 -1.6280e+01 -1.6750e-01 -1.3388e-01  1.0325e+01  8.9656e-02  8.0293e-02 -1.0325e+01 -8.9656e-02 -8.0293e-02
-4.4750e+00     1.8198e+01  1.8124e-01  1.6191e-01 -1.8198e+01 -1.8124e-01 -1.6191e-01  1.0469e+01  9.1107e-02  8.1524e-02 -1.0469e+01 -9.1107e-02 -8.1524e-02
-4.4667e+00     1.9233e+01  1.7820e-01  1.6912e-01 -1.9233e+01 -1.7820e-01 -1.6912e-01  1.0624e+01  9.2602e-02  8.2901e-02 -1.0624e+01 -9.2602e-02 -8.2901e-02
-4.4583e+00     1.7338e+01  1.4736e-01  1.4280e-01 -1.7338e+01 -1.4736e-01 -1.4280e-01  1.0777e+01  9.3956e-02  8.4198e-02 -1.0777e+01 -9.3956e-02 -8.4198e-02
-4.4500e+00     1.6433e+01  1.3020e-01  1.1867e-01 -1.6433e+01 -1.3020e-01 -1.1867e-01  1.0917e+01  9.5111e-02  8.5286e-02 -1.0917e+01 -9.5111e-02 -8.5286e-02
-4.4417e+00     1.9932e+01  1.4804e-01  1.8099e-01 -1.9931e+01 -1.4804e-01 -1.8099e-01  1.1068e+01  9.6268e-02  8.6532e-02 -1.1068e+01 -9.6268e-02 -8.6532e-02
-4.4333e+00     1.5875e+01  1.1378e-01  1.6463e-01 -1.5875e+01 -1.1378e-01 -1.6463e-01  1.1217e+01  9.7357e-02  8.7970e-02 -1.1217e+01 -9.7357e-02 -8.7970e-02
-4.4250e+00     2.1637e+01  1.7610e-01  1.8412e-01 -2.1637e+01 -1.7610e-01 -1.8412e-01  1.1373e+01  9.8563e-02  8.9421e-02 -1.1373e+01 -9.8563e-02 -8.9421e-02
-4.4167e+00     1.9053e+01  1.6163e-01  1.6417e-01 -1.9053e+01 -1.6163e-01 -1.6417e-01  1.1543e+01  9.9968e-02  9.0869e-02 -1.1543e+01 -9.9968e-02 -9.0869e-02
-4.4083e+00     1.5981e+01  1.3500e-01  1.3605e-01 -1.5981e+01 -1.3500e-01 -1.3605e-01  1.1688e+01  1.0120e-01  9.2118e-02 -1.1688e+01 -1.0120e-01 -9.2118e-02
-4.4000e+00     1.6199e+01  1.3032e-01  1.4554e-01 -1.6199e+01 -1.3032e-01 -1.4554e-01  1.1822e+01  1.0231e-01  9.3290e-02 -1.1822e+01 -1.0231e-01 -9.3290e-02
-4.3917e+00     1.4640e+01  1.0829e-01  1.3041e-01 -1.4640e+01 -1.0829e-01 -1.3041e-01  1.1950e+01  1.0330e-01  9.4438e-02 -1.1950e+01 -1.0330e-01 -9.4437e-02
-4.3833e+00     1.3983e+01  9.6415e-02  1.2720e-01 -1.3983e+01 -9.6415e-02 -1.2720e-01  1.2069e+01  1.0415e-01  9.5509e-02 -1.2069e+01 -1.0415e-01 -9.5509e-02
-4.3750e+00     1.5485e+01  1.0045e-01  1.4252e-01 -1.5485e+01 -1.0045e-01 -1.4252e-01  1.2192e+01  1.0497e-01  9.6631e-02 -1.2192e+01 -1.0497e-01 -9.6631e-02
-4.3667e+00     1.6859e+01  1.0828e-01  1.5584e-01 -1.6859e+01 -1.0828e-01 -1.5584e-01  1.2327e+01  1.0584e-01  9.7872e-02 -1.2327e+01 -1.0584e-01 -9.7872e-02
-4.3583e+00     2.1745e+01  1.2884e-01  2.1152e-01 -2.1745e+01 -1.2884e-01 -2.1152e-01  1.2487e+01  1.0682e-01  9.9400e-02 -1.2487e+01 -1.0682e-01 -9.9400e-02
-4.3500e+00     1.7228e+01  1.0741e-01  1.6212e-01 -1.7228e+01 -1.0741e-01 -1.6212e-01  1.2649e+01  1.0781e-01  1.0095e-01 -1.2649e+01 -1.0781e-01 -1.0095e-01
-4.3417e+00     1.9563e+01  1.2002e-01  1.8903e-01 -1.9563e+01 -1.2002e-01 -1.8903e-01  1.2802e+01  1.0875e-01  1.0242e-01 -1.2802e+01 -1.0875e-01 -1.0242e-01
-4.3333e+00     2.0736e+01  1.2516e-01  1.9435e-01 -2.0736e+01 -1.2516e-01 -1.9435e-01  1.2970e+01  1.0977e-01  1.0401e-01 -1.2970e+01 -1.0977e-01 -1.0401e-01
-4.3250e+00     1.8677e+01  1.0854e-01  1.6734e-01 -1.8677e+01 -1.0854e-01 -1.6734e-01  1.3134e+01  1.1074e-01  1.0551e-01 -1.3134e+01 -1.1074e-01 -1.0551e-01
-4.3167e+00     1.7718e+01  1.1417e-01  1.4731e-01 -1.7718e+01 -1.1417e-01 -1.4731e-01  1.3285e+01  1.1167e-01  1.0682e-01 -1.3285e+01 -1.1167e-01 -1.0682e-01
-4.3083e+00     1.5787e+01  9.0486e-02  1.3187e-01 -1.5787e+01 -9.0486e-02 -1.3187e-01  1.3425e+01  1.1252e-01  1.0798e-01 -1.3425e+01 -1.1252e-01 -1.0798e-01
-4.3000e+00     1.6591e+01  9.2361e-02  1.3664e-01 -1.6591e+01 -9.2361e-02 -1.3664e-01  1.3559e+01  1.1328e-01  1.0910e-01 -1.3559e+01 -1.1328e-01 -1.0910e-01
-4.2917e+00     1.6416e+01  8.5459e-02  1.3796e-01 -1.6416e+01 -8.5459e-02 -1.3796e-01  1.3697e+01  1.1402e-01  1.1024e-01 -1.3697e+01 -1.1402e-01 -1.1024e-01
-4.2833e+00     1.4670e+01  7.2736e-02  1.2811e-01 -1.4670e+01 -7.2736e-02 -1.2811e-01  1.3826e+01  1.1468e-01  1.1135e-01 -1.3826e+01 -1.1468e-01 -1.1135e-01
-4.2750e+00     1.1209e+01  5.7105e-02  7.5651e-02 -1.1209e+01 -5.7105e-02 -7.5651e-02  1.3934e+01  1.1522e-01  1.1220e-01 -1.3934e+01 -1.1522e-01 -1.1220e-01
-4.2667e+00     1.5133e+01  7.0626e-02  1.0653e-01 -1.5133e+01 -7.0626e-02 -1.0653e-01  1.4043e+01  1.1575e-01  1.1296e-01 -1.4043e+01 -1.1575e-01 -1.1296e-01
-4.2583e+00     1.8745e+01  9.6799e-02  1.4716e-01 -1.8745e+01 -9.6799e-02 -1.4716e-01  1.4184e+01  1.1645e-01  1.1401e-01 -1.4184e+01 -1.1645e-01 -1.1401e-01
-4.2500e+00     1.6639e+01  8.6110e-02  1.4025e-01 -1.6639e+01 -8.6110e-02 -1.4025e-01  1.4331e+01  1.1721e-01  1.1521e-01 -1.4331e+01 -1.1721e-01 -1.1521e-01
-4.2417e+00     1.5449e+01  7.8540e-02  1.3569e-01 -1.5449e+01 -7.8540e-02 -1.3569e-01  1.4465e+01  1.1789e-01  1.1635e-01 -1.4465e+01 -1.1789e-01 -1.1635e-01
-4.2333e+00     1.4875e+01  7.9109e-02  1.2106e-01 -1.4875e+01 -7.9109e-02 -1.2106e-01  1.4591e+01  1.1855e-01  1.1742e-01 -1.4591e+01 -1.1855e-01 -1.1742e-01
-4.2250e+00     1.7405e+01  1.1516e-01  1.6448e-01 -1.7405e+01 -1.1516e-01 -1.6448e-01  1.4725e+01  1.1936e-01  1.1861e-01 -1.4725e+01 -1.1936e-01 -1.1861e-01
-4.2167e+00     9.1919e+00  6.4502e-02  7.8680e-02 -9.1919e+00 -6.4502e-02 -7.8680e-02  1.4836e+01  1.2010e-01  1.1962e-01 -1.4836e+01 -1.2010e-01 -1.1962e-01
-4.2083e+00     7.3046e+00  5.7393e-02  5.7944e-02 -7.3046e+00 -5.7393e-02 -5.7944e-02  1.4904e+01  1.2061e-01  1.2019e-01 -1.4904e+01 -1.2061e-01 -1.2019e-01
-4.2000e+00     9.8206e+00  9.8847e-02  7.6867e-02 -9.8206e+00 -9.8847e-02 -7.6867e-02  1.4976e+01  1.2126e-01  1.2075e-01 -1.4976e+01 -1.2126e-01 -1.2075e-01
-4.1917e+00     1.3588e+01  1.6234e-01  1.0333e-01 -1.3588e+01 -1.6234e-01 -1.0333e-01  1.5073e+01  1.2235e-01  1.2150e-01 -1.5073e+01 -1.2235e-01 -1.2150e-01
-4.1833e+00     1.2019e+01  1.5211e-01  9.0249e-02 -1.2019e+01 -1.5211e-01 -9.0249e-02  1.5180e+01  1.2366e-01  1.2231e-01 -1.5180e+01 -1.2366e-01 -1.2231e-01
-4.1750e+00     1.5393e+01  1.8111e-01  1.1532e-01 -1.5393e+01 -1.8111e-01 -1.1532e-01  1.5294e+01  1.2504e-01  1.2316e-01 -1.5294e+01 -1.2504e-01 -1.2316e-01
-4.1667e+00     1.7486e+01  1.9956e-01  1.3205e-01 -1.7486e+01 -1.9956e-01 -1.3205e-01  1.5430e+01  1.2663e-01  1.2419e-01 -1.5430e+01 -1.2663e-01 -1.2419e-01
-4.1583e+00     1.5909e+01  1.8590e-01  1.1926e-01 -1.5909e+01 -1.8590e-01 -1.1926e-01  1.5569e+01  1.2823e-01  1.2524e-01 -1.5569e+01 -1.2823e-01 -1.2524e-01
-4.1500e+00     1.4381e+01  1.9318e-01  1.0221e-01 -1.4381e+01 -1.9318e-01 -1.0221e-01  1.5695e+01  1.2981e-01  1.2616e-01 -1.5695e+01 -1.2981e-01 -1.2616e-01
-4.1417e+00     1.6906e+01  2.4193e-01  1.1558e-01 -1.6906e+01 -2.4193e-01 -1.1558e-01  1.5825e+01  1.3162e-01  1.2706e-01 -1.5825e+01 -1.3162e-01 -1.2706e-01
-4.1333e+00     1.9880e+01  2.9315e-01  1.3748e-01 -1.9880e+01 -2.9315e-01 -1.3748e-01  1.5978e+01  1.3384e-01  1.2812e-01 -1.5978e+01 -1.3384e-01 -1.2812e-01
-4.1250e+00     1.9093e+01  2.8404e-01  1.6489e-01 -1.9093e+01 -2.8404e-01 -1.6489e-01  1.6141e+01  1.3624e-01  1.2937e-01 -1.6141e+01 -1.3624e-01 -1.2937e-01
-4.1167e+00     1.3941e+01  1.9707e-01  1.2597e-01 -1.3941e+01 -1.9707e-01 -1.2597e-01  1.6278e+01  1.3824e-01  1.3058e-01 -1.6278e+01 -1.3824e-01 -1.3058e-01
-4.1083e+00     1.3298e+01  1.9720e-01  1.2476e-01 -1.3298e+01 -1.9720e-01 -1.2476e-01  1.6391e+01  1.3988e-01  1.3163e-01 -1.6391e+01 -1.3988e-01 -1.3163e-01
-4.1000e+00     1.2783e+01  2.0095e-01  1.2415e-01 -1.2783e+01 -2.0095e-01 -1.2415e-01  1.6500e+01  1.4154e-01  1.3266e-01 -1.6500e+01 -1.4154e-01 -1.3266e-01
-4.0917e+00     1.3566e+01  2.0986e-01  1.1317e-01 -1.3566e+01 -2.0986e-01 -1.1317e-01  1.6609e+01  1.4325e-01  1.3365e-01 -1.6609e+01 -1.4325e-01 -1.3365e-01
-4.0833e+00     1.5492e+01  2.4279e-01  1.2534e-01 -1.5492e+01 -2.4279e-01 -1.2534e-01  1.6730e+01  1.4513e-01  1.3464e-01 -1.6730e+01 -1.4513e-01 -1.3464e-01
-4.0750e+00     1.3855e+01  2.2186e-01  1.1871e-01 -1.3855e+01 -2.2186e-01 -1.1871e-01  1.6852e+01  1.4706e-01  1.3566e-01 -1.6852e+01 -1.4706e-01 -1.3566e-01
-4.0667e+00     1.3992e+01  2.3171e-01  1.1947e-01 -1.3992e+01 -2.3171e-01 -1.1947e-01  1.6968e+01  1.4895e-01  1.3665e-01 -1.6968e+01 -1.4895e-01 -1.3665e-01
-4.0583e+00     1.4567e+01  2.4313e-01  1.2791e-01 -1.4567e+01 -2.4313e-01 -1.2791e-01  1.7087e+01  1.5093e-01  1.3768e-01 -1.7087e+01 -1.5093e-01 -1.3768e-01
-4.0500e+00     1.7200e+01  2.8252e-01  1.5184e-01 -1.7200e+01 -2.8252e-01 -1.5184e-01  1.7219e+01  1.5311e-01  1.3884e-01 -1.7219e+01 -1.5311e-01 -1.3884e-01
-4.0417e+00     1.9004e+01  2.9892e-01  1.6890e-01 -1.9004e+01 -2.9892e-01 -1.6890e-01  1.7370e+01  1.5553e-01  1.4017e-01 -1.7370e+01 -1.5553e-01 -1.4017e-01
-4.0333e+00     1.4696e+01  2.3163e-01  1.2682e-01 -1.4696e+01 -2.3163e-01 -1.2682e-01  1.7510e+01  1.5774e-01  1.4140e-01 -1.7510e+01 -1.5774e-01 -1.4140e-01
-4.0250e+00     1.4670e+01  2.4241e-01  1.3284e-01 -1.4670e+01 -2.4241e-01 -1.3284e-01  1.7632e+01  1.5971e-01  1.4248e-01 -1.7632e+01 -1.5971e-01 -1.4248e-01
-4.0167e+00     1.6492e+01  2.5883e-01  1.5234e-01 -1.6492e+01 -2.5883e-01 -1.5234e-01  1.7762e+01  1.6180e-01  1.4367e-01 -1.7762e+01 -1.6180e-01 -1.4367e-01
-4.0083e+00     1.7128e+01  2.3702e-01  1.6137e-01 -1.7128e+01 -2.3702e-01 -1.6137e-01  1.7902e+01  1.6386e-01  1.4498e-01 -1.7902e+01 -1.6386e-01 -1.4498e-01
-4.0000e+00     2.2440e+01  2.4079e-01  1.8417e-01 -2.2440e+01 -2.4079e-01 -1.8417e-01  1.8066e+01  1.6585e-01  1.4641e-01 -1.8066e+01 -1.6585e-01 -1.4641e-01
-3.9917e+00     2.0975e+01  2.3324e-01  1.5854e-01 -2.0975e+01 -2.3324e-01 -1.5854e-01  1.8247e+01  1.6782e-01  1.4784e-01 -1.8247e+01 -1.6782e-01 -1.4784e-01
-3.9833e+00     1.8034e+01  2.0760e-01  1.2353e-01 -1.8034e+01 -2.0760e-01 -1.2353e-01  1.8409e+01  1.6965e-01  1.4901e-01 -1.8409e+01 -1.6965e-01 -1.4901e-01
-3.9750e+00     1.6966e+01  2.0059e-01  1.0876e-01 -1.6966e+01 -2.0059e-01 -1.0876e-01  1.8555e+01  1.7135e-01  1.4998e-01 -1.8555e+01 -1.7135e-01 -1.4998e-01
-3.9667e+00     1.0048e+01  1.5574e-01  9.0880e-02 -1.0048e+01 -1.5574e-01 -9.0880e-02  1.8667e+01  1.7283e-01  1.5081e-01 -1.8667e+01 -1.7283e-01 -1.5081e-01
-3.9583e+00     1.1301e+01  1.7387e-01  1.0538e-01 -1.1301e+01 -1.7387e-01 -1.0538e-01  1.8756e+01  1.7420e-01  1.5162e-01 -1.8756e+01 -1.7420e-01 -1.5162e-01
-3.9500e+00     2.7611e+01  3.7403e-01  2.3880e-01 -2.7611e+01 -3.7403e-01 -2.3880e-01  1.8918e+01  1.7648e-01  1.5306e-01 -1.8918e+01 -1.7648e-01 -1.5306e-01
-3.9417e+00     2.6791e+01  3.6493e-01  2.3125e-01 -2.6791e+01 -3.6493e-01 -2.3125e-01  1.9144e+01  1.7956e-01  1.5501e-01 -1.9144e+01 -1.7956e-01 -1.5501e-01
-3.9333e+00     2.2924e+01  3.1896e-01  2.1085e-01 -2.2924e+01 -3.1896e-01 -2.1085e-01  1.9351e+01  1.8240e-01  1.5685e-01 -1.9351e+01 -1.8240e-01 -1.5685e-01
-3.9250e+00     1.4124e+01  1.9660e-01  1.2071e-01 -1.4124e+01 -1.9660e-01 -1.2071e-01  1.9505e+01  1.8455e-01  1.5823e-01 -1.9505e+01 -1.8455e-01 -1.5823e-01
-3.9167e+00     1.2705e+01  1.8155e-01  1.1206e-01 -1.2705e+01 -1.8155e-01 -1.1206e-01  1.9616e+01  1.8612e-01  1.5920e-01 -1.9616e+01 -1.8612e-01 -1.5920e-01
-3.9083e+00     9.7729e+00  1.4706e-01  9.1668e-02 -9.7729e+00 -1.4706e-01 -9.1668e-02  1.9710e+01  1.8749e-01  1.6005e-01 -1.9710e+01 -1.8749e-01 -1.6005e-01
-3.9000e+00     1.1551e+01  1.7363e-01  1.0195e-01 -1.1551e+01 -1.7363e-01 -1.0195e-01  1.9799e+01  1.8882e-01  1.6085e-01 -1.9799e+01 -1.8882e-01 -1.6085e-01
-3.8917e+00     1.6394e+01  2.2819e-01  1.2282e-01 -1.6394e+01 -2.2819e-01 -1.2282e-01  1.9915e+01  1.9049e-01  1.6179e-01 -1.9915e+01 -1.9049e-01 -1.6179e-01
-3.8833e+00     1.7444e+01  2.4452e-01  1.2469e-01 -1.7444e+01 -2.4452e-01 -1.2469e-01  2.0056e+01  1.9246e-01  1.6282e-01 -2.0056e+01 -1.9246e-01 -1.6282e-01
-3.8750e+00     1.4008e+01  1.9491e-01  1.0375e-01 -1.4009e+01 -1.9491e-01 -1.0375e-01  2.0186e+01  1.9428e-01  1.6377e-01 -2.0186e+01 -1.9428e-01 -1.6377e-01
-3.8667e+00     1.3160e+01  1.9157e-01  1.1002e-01 -1.3160e+01 -1.9157e-01 -1.1002e-01  2.0300e+01  1.9589e-01  1.6465e-01 -2.0300e+01 -1.9589e-01 -1.6465e-01
-3.8583e+00     1.4359e+01  2.2044e-01  1.4247e-01 -1.4359e+01 -2.2044e-01 -1.4247e-01  2.0414e+01  1.9761e-01  1.6571e-01 -2.0414e+01 -1.9761e-01 -1.6571e-01
-3.8500e+00     1.7202e+01  2.6150e-01  1.8569e-01 -1.7202e+01 -2.6150e-01 -1.8569e-01  2.0545e+01  1.9961e-01  1.6707e-01 -2.0545e+01 -1.9961e-01 -1.6707e-01
-3.8417e+00     1.1985e+01  2.0690e-01  1.1559e-01 -1.1985e+01 -2.0690e-01 -1.1559e-01  2.0667e+01  2.0156e-01  1.6832e-01 -2.0667e+01 -2.0156e-01 -1.6832e-01
-3.8333e+00     1.0055e+01  1.8382e-01  1.0210e-01 -1.0055e+01 -1.8382e-01 -1.0210e-01  2.0758e+01  2.0318e-01  1.6923e-01 -2.0758e+01 -2.0318e-01 -1.6923e-01
-3.8250e+00     1.0698e+01  1.9198e-01  1.0841e-01 -1.0698e+01 -1.9198e-01 -1.0841e-01  2.0845e+01  2.0475e-01  1.7010e-01 -2.0845e+01 -2.0475e-01 -1.7010e-01
-3.8167e+00     1.0146e+01  1.8123e-01  1.0285e-01 -1.0146e+01 -1.8123e-01 -1.0285e-01  2.0931e+01  2.0630e-01  1.7098e-01 -2.0931e+01 -2.0630e-01 -1.7098e-01
-3.8083e+00     8.4202e+00  1.5812e-01  8.7644e-02 -8.4202e+00 -1.5812e-01 -8.7644e-02  2.1009e+01  2.0771e-01  1.7178e-01 -2.1009e+01 -2.0771e-01 -1.7178e-01
-3.8000e+00     7.3777e+00  1.4297e-01  7.6638e-02 -7.3777e+00 -1.4297e-01 -7.6638e-02  2.1074e+01  2.0896e-01  1.7246e-01 -2.1074e+01 -2.0896e-01 -1.7246e-01
-3.7917e+00     6.8025e+00  1.3875e-01  6.8792e-02 -6.8025e+00 -1.3875e-01 -6.8792e-02  2.1133e+01  2.1014e-01  1.7306e-01 -2.1133e+01 -2.1014e-01 -1.7306e-01
-3.7833e+00     6.3767e+00  1.3736e-01  6.3993e-02 -6.3767e+00 -1.3736e-01 -6.3993e-02  2.1188e+01  2.1128e-01  1.7362e-01 -2.1188e+01 -2.1128e-01 -1.7362e-01
-3.7750e+00     6.1630e+00  1.3893e-01  6.4615e-02 -6.1630e+00 -1.3893e-01 -6.4615e-02  2.1240e+01  2.1243e-01  1.7415e-01 -2.1240e+01 -2.1243e-01 -1.7415e-01
-3.7667e+00     6.1224e+00  1.4248e-01  6.7193e-02 -6.1224e+00 -1.4248e-01 -6.7193e-02  2.1291e+01  2.1360e-01  1.7470e-01 -2.1291e+01 -2.1360e-01 -1.7470e-01
-3.7583e+00     6.1498e+00  1.4730e-01  7.0688e-02 -6.1498e+00 -1.4730e-01 -7.0688e-02  2.1342e+01  2.1481e-01  1.7527e-01 -2.1342e+01 -2.1481e-01 -1.7527e-01
-3.7500e+00     6.0659e+00  1.4590e-01  7.4835e-02 -6.0659e+00 -1.4590e-01 -7.4835e-02  2.1393e+01  2.1603e-01  1.7588e-01 -2.1393e+01 -2.1603e-01 -1.7588e-01
-3.7417e+00     7.0483e+00  1.8816e-01  9.6262e-02 -7.0483e+00 -1.8815e-01 -9.6262e-02  2.1448e+01  2.1742e-01  1.7659e-01 -2.1448e+01 -2.1742e-01 -1.7659e-01
-3.7333e+00     7.3512e+00  2.0220e-01  1.0816e-01 -7.3512e+00 -2.0220e-01 -1.0816e-01  2.1508e+01  2.1904e-01  1.7744e-01 -2.1508e+01 -2.1904e-01 -1.7744e-01
-3.7250e+00     7.5855e+00  2.1318e-01  1.1927e-01 -7.5855e+00 -2.1318e-01 -1.1927e-01  2.1570e+01  2.2077e-01  1.7839e-01 -2.1570e+01 -2.2077e-01 -1.7839e-01
-3.7167e+00     7.4923e+00  2.1045e-01  1.2739e-01 -7.4923e+00 -2.1045e-01 -1.2739e-01  2.1633e+01  2.2253e-01  1.7941e-01 -2.1633e+01 -2.2253e-01 -1.7941e-01
-3.7083e+00     7.3364e+00  2.0450e-01  1.3500e-01 -7.3364e+00 -2.0450e-01 -1.3500e-01  2.1694e+01  2.2426e-01  1.8050e-01 -2.1694e+01 -2.2426e-01 -1.8050e-01
-3.7000e+00     7.1767e+00  1.9772e-01  1.4265e-01 -7.1767e+00 -1.9772e-01 -1.4265e-01  2.1755e+01  2.2593e-01  1.8166e-01 -2.1755e+01 -2.2593e-01 -1.8166e-01
-3.6917e+00     7.0221e+00  1.9278e-01  1.5011e-01 -7.0221e+00 -1.9278e-01 -1.5011e-01  2.1814e+01  2.2756e-01  1.8288e-01 -2.1814e+01 -2.2756e-01 -1.8288e-01
-3.6833e+00     7.1783e+00  2.4514e-01  1.5363e-01 -7.1783e+00 -2.4514e-01 -1.5363e-01  2.1873e+01  2.2938e-01  1.8414e-01 -2.1873e+01 -2.2938e-01 -1.8414e-01
-3.6750e+00     7.2170e+00  2.4618e-01  1.5654e-01 -7.2170e+00 -2.4618e-01 -1.5654e-01  2.1933e+01  2.3142e-01  1.8543e-01 -2.1933e+01 -2.3142e-01 -1.8543e-01
-3.6667e+00     7.6482e+00  2.5599e-01  1.6207e-01 -7.6482e+00 -2.5599e-01 -1.6207e-01  2.1994e+01  2.3351e-01  1.8676e-01 -2.1994e+01 -2.3351e-01 -1.8676e-01
-3.6583e+00     8.4697e+00  2.6979e-01  1.7086e-01 -8.4697e+00 -2.6979e-01 -1.7086e-01  2.2062e+01  2.3570e-01  1.8814e-01 -2.2062e+01 -2.3570e-01 -1.8814e-01
-3.6500e+00     9.9118e+00  2.9884e-01  1.8386e-01 -9.9118e+00 -2.9884e-01 -1.8386e-01  2.2138e+01  2.3806e-01  1.8962e-01 -2.2138e+01 -2.3806e-01 -1.8962e-01
-3.6417e+00     1.1418e+01  3.2990e-01  1.9806e-01 -1.1418e+01 -3.2990e-01 -1.9806e-01  2.2227e+01  2.4068e-01  1.9121e-01 -2.2227e+01 -2.4068e-01 -1.9121e-01
-3.6333e+00     1.7278e+01  3.8670e-01  2.5753e-01 -1.7278e+01 -3.8670e-01 -2.5753e-01  2.2346e+01  2.4366e-01  1.9310e-01 -2.2346e+01 -2.4366e-01 -1.9310e-01
-3.6250e+00     1.5695e+01  3.3270e-01  2.2901e-01 -1.5695e+01 -3.3270e-01 -2.2901e-01  2.2483e+01  2.4665e-01  1.9512e-01 -2.2483e+01 -2.4665e-01 -1.9512e-01
-3.6167e+00     1.0560e+01  2.5002e-01  1.5805e-01 -1.0560e+01 -2.5002e-01 -1.5805e-01  2.2592e+01  2.4908e-01  1.9673e-01 -2.2592e+01 -2.4908e-01 -1.9673e-01
-3.6083e+00     5.9831e+00  1.8711e-01  9.7049e-02 -5.9831e+00 -1.8711e-01 -9.7048e-02  2.2661e+01  2.5089e-01  1.9780e-01 -2.2661e+01 -2.5089e-01 -1.9780e-01
-3.6000e+00     7.4884e+00  2.3642e-01  1.0092e-01 -7.4885e+00 -2.3642e-01 -1.0092e-01  2.2717e+01  2.5266e-01  1.9862e-01 -2.2717e+01 -2.5266e-01 -1.9862e-01
-3.5917e+00     1.6460e+01  4.4239e-01  1.5080e-01 -1.6460e+01 -4.4239e-01 -1.5080e-01  2.2817e+01  2.5548e-01  1.9967e-01 -2.2817e+01 -2.5548e-01 -1.9967e-01
-3.5833e+00     1.6551e+01  5.0615e-01  1.3987e-01 -1.6551e+01 -5.0615e-01 -1.3987e-01  2.2954e+01  2.5943e-01  2.0088e-01 -2.2954e+01 -2.5943e-01 -2.0088e-01
-3.5750e+00     1.4548e+01  5.5617e-01  1.3057e-01 -1.4548e+01 -5.5617e-01 -1.3057e-01  2.3084e+01  2.6384e-01  2.0200e-01 -2.3084e+01 -2.6384e-01 -2.0200e-01
-3.5667e+00     1.3704e+01  6.2524e-01  1.5443e-01 -1.3704e+01 -6.2524e-01 -1.5443e-01  2.3201e+01  2.6876e-01  2.0319e-01 -2.3201e+01 -2.6876e-01 -2.0319e-01
-3.5583e+00     1.3998e+01  7.3194e-01  1.5948e-01 -1.3998e+01 -7.3194e-01 -1.5948e-01  2.3316e+01  2.7440e-01  2.0449e-01 -2.3316e+01 -2.7440e-01 -2.0449e-01
-3.5500e+00     1.3109e+01  8.3610e-01  1.3862e-01 -1.3109e+01 -8.3610e-01 -1.3862e-01  2.3429e+01  2.8093e-01  2.0573e-01 -2.3429e+01 -2.8093e-01 -2.0573e-01
-3.5417e+00     1.0892e+01  8.5115e-01  1.0855e-01 -1.0892e+01 -8.5115e-01 -1.0855e-01  2.3529e+01  2.8795e-01  2.0676e-01 -2.3529e+01 -2.8795e-01 -2.0676e-01
-3.5333e+00     1.1132e+01  1.0235e+00  1.1173e-01 -1.1132e+01 -1.0235e+00 -1.1173e-01  2.3621e+01  2.9574e-01  2.0768e-01 -2.3621e+01 -2.9574e-01 -2.0768e-01
-3.5250e+00     2.9190e+01  2.6762e+00  2.8521e-01 -2.9190e+01 -2.6762e+00 -2.8521e-01  2.3788e+01  3.1113e-01  2.0933e-01 -2.3788e+01 -3.1113e-01 -2.0933e-01
-3.5167e+00     2.9062e+01  3.2430e+00  2.2192e-01 -2.9062e+01 -3.2430e+00 -2.2191e-01  2.4031e+01  3.3576e-01  2.1144e-01 -2.4031e+01 -3.3576e-01 -2.1144e-01
-3.5083e+00     2.5520e+01  2.9374e+00  1.8299e-01 -2.5520e+01 -2.9374e+00 -1.8299e-01  2.4258e+01  3.6146e-01  2.1312e-01 -2.4258e+01 -3.6146e-01 -2.1312e-01
-3.5000e+00     1.7522e+01  2.2069e+00  1.5687e-01 -1.7522e+01 -2.2069e+00 -1.5686e-01  2.4437e+01  3.8286e-01  2.1453e-01 -2.4437e+01 -3.8286e-01 -2.1453e-01
-3.4917e+00     1.5774e+01  2.4435e+00  1.3507e-01 -1.5774e+01 -2.4435e+00 -1.3507e-01  2.4575e+01  4.0221e-01  2.1575e-01 -2.4575e+01 -4.0221e-01 -2.1575e-01
-3.4833e+00     2.0307e+01  4.1349e+00  1.5089e-01 -2.0307e+01 -4.1349e+00 -1.5089e-01  2.4725e+01  4.2957e-01  2.1694e-01 -2.4725e+01 -4.2957e-01 -2.1694e-01
-3.4750e+00     2.3868e+01  4.2107e+00  1.6233e-01 -2.3868e+01 -4.2106e+00 -1.6233e-01  2.4909e+01  4.6429e-01  2.1824e-01 -2.4909e+01 -4.6429e-01 -2.1824e-01
-3.4667e+00     1.7618e+01  2.6788e+00  1.2415e-01 -1.7618e+01 -2.6788e+00 -1.2415e-01  2.5082e+01  4.9295e-01  2.1943e-01 -2.5082e+01 -4.9295e-01 -2.1943e-01
-3.4583e+00     1.0760e+01  1.6144e+00  9.5151e-02 -1.0760e+01 -1.6144e+00 -9.5151e-02  2.5200e+01  5.1080e-01  2.2035e-01 -2.5200e+01 -5.1080e-01 -2.2035e-01
-3.4500e+00     7.9065e+00  1.1395e+00  9.6691e-02 -7.9065e+00 -1.1395e+00 -9.6691e-02  2.5277e+01  5.2226e-01  2.2114e-01 -2.5277e+01 -5.2226e-01 -2.2114e-01
-3.4417e+00     6.5767e+00  8.3731e-01  1.0701e-01 -6.5767e+00 -8.3730e-01 -1.0701e-01  2.5338e+01  5.3048e-01  2.2199e-01 -2.5338e+01 -5.3048e-01 -2.2199e-01
-3.4333e+00     6.0812e+00  6.5062e-01  1.2725e-01 -6.0812e+00 -6.5062e-01 -1.2725e-01  2.5390e+01  5.3667e-01  2.2297e-01 -2.5390e+01 -5.3667e-01 -2.2297e-01
-3.4250e+00     5.8404e+00  5.0150e-01  1.4922e-01 -5.8404e+00 -5.0150e-01 -1.4922e-01  2.5440e+01  5.4146e-01  2.2412e-01 -2.5440e+01 -5.4146e-01 -2.2412e-01
-3.4167e+00     5.2736e+00  3.6991e-01  1.5279e-01 -5.2736e+00 -3.6991e-01 -1.5279e-01  2.5486e+01  5.4509e-01  2.2537e-01 -2.5486e+01 -5.4509e-01 -2.2537e-01
-3.4083e+00     4.8953e+00  2.8967e-01  1.5284e-01 -4.8953e+00 -2.8967e-01 -1.5284e-01  2.5528e+01  5.4783e-01  2.2664e-01 -2.5528e+01 -5.4783e-01 -2.2664e-01
-3.4000e+00     4.9683e+00  2.5211e-01  1.6473e-01 -4.9683e+00 -2.5211e-01 -1.6473e-01  2.5569e+01  5.5009e-01  2.2796e-01 -2.5569e+01 -5.5009e-01 -2.2796e-01
-3.3917e+00     4.9196e+00  2.3580e-01  1.6617e-01 -4.9196e+00 -2.3580e-01 -1.6617e-01  2.5610e+01  5.5212e-01  2.2934e-01 -2.5610e+01 -5.5212e-01 -2.2934e-01
-3.3833e+00     4.8407e+00  2.2175e-01  1.6596e-01 -4.8407e+00 -2.2175e-01 -1.6596e-01  2.5651e+01  5.5402e-01  2.3072e-01 -2.5651e+01 -5.5402e-01 -2.3072e-01
-3.3750e+00     4.7560e+00  2.0935e-01  1.6513e-01 -4.7560e+00 -2.0935e-01 -1.6513e-01  2.5691e+01  5.5581e-01  2.3210e-01 -2.5691e+01 -5.5581e-01 -2.3210e-01
-3.3667e+00     4.6756e+00  1.9898e-01  1.6310e-01 -4.6756e+00 -1.9898e-01 -1.6310e-01  2.5730e+01  5.5751e-01  2.3346e-01 -2.5730e+01 -5.5751e-01 -2.3346e-01
-3.3583e+00     4.5066e+00  1.8561e-01  1.5791e-01 -4.5066e+00 -1.8561e-01 -1.5791e-01  2.5768e+01  5.5911e-01  2.3480e-01 -2.5768e+01 -5.5911e-01 -2.3480e-01
-3.3500e+00     4.2472e+00  1.6914e-01  1.4952e-01 -4.2472e+00 -1.6914e-01 -1.4952e-01  2.5805e+01  5.6059e-01  2.3608e-01 -2.5805e+01 -5.6059e-01 -2.3608e-01
-3.3417e+00     3.2028e+00  1.1709e-01  1.1811e-01 -3.2028e+00 -1.1709e-01 -1.1811e-01  2.5836e+01  5.6178e-01  2.3719e-01 -2.5836e+01 -5.6178e-01 -2.3719e-01
-3.3333e+00     2.1530e+00  7.1300e-02  8.4309e-02 -2.1530e+00 -7.1300e-02 -8.4309e-02  2.5858e+01  5.6256e-01  2.3803e-01 -2.5858e+01 -5.6256e-01 -2.3803e-01
-3.3250e+00     1.7069e+00  5.2599e-02  6.7197e-02 -1.7069e+00 -5.2598e-02 -6.7197e-02  2.5874e+01  5.6308e-01  2.3866e-01 -2.5874e+01 -5.6308e-01 -2.3866e-01
-3.3167e+00     9.9534e-01  2.7614e-02  3.9769e-02 -9.9532e-01 -2.7613e-02 -3.9768e-02  2.5885e+01  5.6341e-01  2.3911e-01 -2.5885e+01 -5.6341e-01 -2.3911e-01
-3.3083e+00     0.0000e+00  0.0000e+00  0.0000e+00 -0.0000e+00 -0.0000e+00 -0.0000e+00  2.5890e+01  5.6352e-01  2.3927e-01 -2.5890e+01 -5.6352e-01 -2.3927e-01
-3.3000e+00     1.8936e+00  1.1831e-01  1.2279e-02 -1.8937e+00 -1.1832e-01 -1.2280e-02  2.5897e+01  5.6402e-01  2.3933e-01 -2.5897e+01 -5.6402e-01 -2.3933e-01
-3.2917e+00     1.0256e+01  6.1716e-01  6.6864e-02 -1.0256e+01 -6.1716e-01 -6.6865e-02  2.5948e+01  5.6708e-01  2.3965e-01 -2.5948e+01 -5.6708e-01 -2.3965e-01
-3.2833e+00     1.2374e+01  6.9307e-01  6.8626e-02 -1.2374e+01 -6.9308e-01 -6.8625e-02  2.6042e+01  5.7253e-01  2.4022e-01 -2.6042e+01 -5.7253e-01 -2.4022e-01
-3.2750e+00     1.3237e+01  5.8223e-01  4.4545e-02 -1.3237e+01 -5.8222e-01 -4.4545e-02  2.6149e+01  5.7783e-01  2.4069e-01 -2.6149e+01 -5.7783e-01 -2.4069e-01
-3.2667e+00     1.3952e+01  5.3215e-01  6.2341e-02 -1.3952e+01 -5.3215e-01 -6.2341e-02  2.6262e+01  5.8247e-01  2.4113e-01 -2.6262e+01 -5.8247e-01 -2.4113e-01
-3.2583e+00     1.5215e+01  4.6508e-01  8.1233e-02 -1.5215e+01 -4.6508e-01 -8.1234e-02  2.6383e+01  5.8662e-01  2.4173e-01 -2.6383e+01 -5.8662e-01 -2.4173e-01
-3.2500e+00     1.5746e+01  3.9281e-01  1.0736e-01 -1.5746e+01 -3.9281e-01 -1.0736e-01  2.6512e+01  5.9018e-01  2.4252e-01 -2.6512e+01 -5.9018e-01 -2.4252e-01
-3.2417e+00     1.6919e+01  3.1843e-01  1.5401e-01 -1.6919e+01 -3.1842e-01 -1.5401e-01  2.6648e+01  5.9314e-01  2.4360e-01 -2.6648e+01 -5.9314e-01 -2.4360e-01
-3.2333e+00     1.7593e+01  2.3989e-01  3.4815e-01 -1.7593e+01 -2.3989e-01 -3.4815e-01  2.6791e+01  5.9546e-01  2.4569e-01 -2.6791e+01 -5.9546e-01 -2.4569e-01
-3.2250e+00     1.3629e+00  1.8063e-02  2.8452e-02 -1.3628e+00 -1.8061e-02 -2.8450e-02  2.6870e+01  5.9654e-01  2.4726e-01 -2.6870e+01 -5.9654e-01 -2.4726e-01
-3.2167e+00     0.0000e+00  0.0000e+00  0.0000e+00 -0.0000e+00 -0.0000e+00 -0.0000e+00  2.6876e+01  5.9661e-01  2.4738e-01 -2.6876e+01 -5.9661e-01 -2.4738e-01
-3.2083e+00     0.0000e+00  0.0000e+00  0.0000e+00 -0.0000e+00 -0.0000e+00 -0.0000e+00  2.6876e+01  5.9661e-01  2.4738e-01 -2.6876e+01 -5.9661e-01 -2.4738e-01
-3.2000e+00     0.0000e+00  0.0000e+00  0.0000e+00 -0.0000e+00 -0.0000e+00 -0.0000e+00  2.6876e+01  5.9661e-01  2.4738e-01 -2.6876e+01 -5.9661e-01 -2.4738e-01
-3.1917e+00     2.3735e+00  2.4327e-02  2.2004e-02 -2.3735e+00 -2.4327e-02 -2.2003e-02  2.6886e+01  5.9671e-01  2.4747e-01 -2.6886e+01 -5.9671e-01 -2.4747e-01
-3.1833e+00     6.0346e+00  6.8097e-02  8.1558e-02 -6.0346e+00 -6.8097e-02 -8.1558e-02  2.6921e+01  5.9710e-01  2.4790e-01 -2.6921e+01 -5.9710e-01 -2.4790e-01
-3.1750e+00     4.6503e+00  5.9073e-02  6.5649e-02 -4.6503e+00 -5.9073e-02 -6.5648e-02  2.6965e+01  5.9763e-01  2.4851e-01 -2.6965e+01 -5.9763e-01 -2.4851e-01
-3.1667e+00     3.9703e+00  5.4443e-02  6.3046e-02 -3.9703e+00 -5.4443e-02 -6.3046e-02  2.7001e+01  5.9810e-01  2.4905e-01 -2.7001e+01 -5.9810e-01 -2.4905e-01
-3.1583e+00     4.5604e+00  6.2925e-02  7.8920e-02 -4.5603e+00 -6.2925e-02 -7.8919e-02  2.7036e+01  5.9859e-01  2.4964e-01 -2.7036e+01 -5.9859e-01 -2.4964e-01
-3.1500e+00     5.0938e+00  7.1082e-02  9.2933e-02 -5.0938e+00 -7.1082e-02 -9.2932e-02  2.7077e+01  5.9915e-01  2.5035e-01 -2.7077e+01 -5.9915e-01 -2.5035e-01
-3.1417e+00     5.5705e+00  7.8915e-02  1.0509e-01 -5.5705e+00 -7.8915e-02 -1.0508e-01  2.7121e+01  5.9977e-01  2.5118e-01 -2.7121e+01 -5.9977e-01 -2.5118e-01
-3.1333e+00     6.1572e+00  9.0562e-02  1.1633e-01 -6.1572e+00 -9.0562e-02 -1.1633e-01  2.7170e+01  6.0047e-01  2.5210e-01 -2.7170e+01 -6.0047e-01 -2.5210e-01
-3.1250e+00     1.1406e+01  1.4654e-01  1.9599e-01 -1.1406e+01 -1.4654e-01 -1.9599e-01  2.7243e+01  6.0146e-01  2.5340e-01 -2.7243e+01 -6.0146e-01 -2.5340e-01
-3.1167e+00     1.6996e+01  1.9491e-01  2.9232e-01 -1.6996e+01 -1.9491e-01 -2.9232e-01  2.7361e+01  6.0288e-01  2.5543e-01 -2.7361e+01 -6.0288e-01 -2.5543e-01
-3.1083e+00     1.6723e+01  1.8157e-01  3.1553e-01 -1.6723e+01 -1.8157e-01 -3.1553e-01  2.7501e+01  6.0445e-01  2.5796e-01 -2.7501e+01 -6.0445e-01 -2.5796e-01
-3.1000e+00     1.7940e+01  1.9241e-01  3.6688e-01 -1.7940e+01 -1.9241e-01 -3.6687e-01  2.7645e+01  6.0600e-01  2.6079e-01 -2.7645e+01 -6.0600e-01 -2.6079e-01
-3.0917e+00     2.8703e+01  3.0600e-01  5.7598e-01 -2.8703e+01 -3.0600e-01 -5.7598e-01  2.7839e+01  6.0808e-01  2.6472e-01 -2.7839e+01 -6.0808e-01 -2.6472e-01
-3.0833e+00     9.3570e+00  6.2481e-02  3.0429e-01 -9.3571e+00 -6.2484e-02 -3.0429e-01  2.7998e+01  6.0961e-01  2.6838e-01 -2.7998e+01 -6.0961e-01 -2.6838e-01
-3.0750e+00     6.7176e+00  2.3847e-02  2.7750e-01 -6.7176e+00 -2.3846e-02 -2.7750e-01  2.8065e+01  6.0997e-01  2.7080e-01 -2.8065e+01 -6.0997e-01 -2.7080e-01
-3.0667e+00     7.8052e+00  3.3784e-02  3.4195e-01 -7.8052e+00 -3.3784e-02 -3.4195e-01  2.8125e+01  6.1021e-01  2.7338e-01 -2.8125e+01 -6.1021e-01 -2.7337e-01
-3.0583e+00     9.3528e+00  5.6629e-02  4.4465e-01 -9.3528e+00 -5.6628e-02 -4.4465e-01  2.8196e+01  6.1058e-01  2.7665e-01 -2.8196e+01 -6.1058e-01 -2.7665e-01
-3.0500e+00     1.2666e+01  8.2528e-02  5.3464e-01 -1.2666e+01 -8.2528e-02 -5.3464e-01  2.8288e+01  6.1116e-01  2.8072e-01 -2.8288e+01 -6.1116e-01 -2.8072e-01
-3.0417e+00     1.5858e+01  1.0953e-01  6.3534e-01 -1.5858e+01 -1.0953e-01 -6.3534e-01  2.8407e+01  6.1196e-01  2.8559e-01 -2.8407e+01 -6.1196e-01 -2.8559e-01
-3.0333e+00     1.9658e+01  1.4941e-01  7.0518e-01 -1.9658e+01 -1.4941e-01 -7.0518e-01  2.8554e+01  6.1304e-01  2.9116e-01 -2.8554e+01 -6.1304e-01 -2.9116e-01
-3.0250e+00     2.1463e+01  1.1794e-01  6.3189e-01 -2.1463e+01 -1.1794e-01 -6.3189e-01  2.8725e+01  6.1415e-01  2.9673e-01 -2.8725e+01 -6.1415e-01 -2.9673e-01
-3.0167e+00     9.5646e-01  5.5226e-03  2.5433e-02 -9.5659e-01 -5.5233e-03 -2.5437e-02  2.8819e+01  6.1466e-01  2.9946e-01 -2.8819e+01 -6.1466e-01 -2.9946e-01
-3.0083e+00     0.0000e+00  0.0000e+00  0.0000e+00 -0.0000e+00 -0.0000e+00 -0.0000e+00  2.8823e+01  6.1469e-01  2.9957e-01 -2.8823e+01 -6.1469e-01 -2.9957e-01
-3.0000e+00     0.0000e+00  0.0000e+00  0.0000e+00 -0.0000e+00 -0.0000e+00 -0.0000e+00  2.8823e+01  6.1469e-01  2.9957e-01 -2.8823e+01 -6.1469e-01 -2.9957e-01
-2.9917e+00     0.0000e+00  0.0000e+00  0.0000e+00 -0.0000e+00 -0.0000e+00 -0.0000e+00  2.8823e+01  6.1469e-01  2.9957e-01 -2.8823e+01 -6.1469e-01 -2.9957e-01
-2.9833e+00     0.0000e+00  0.0000e+00  0.0000e+00 -0.0000e+00 -0.0000e+00 -0.0000e+00  2.8823e+01  6.1469e-01  2.9957e-01 -2.8823e+01 -6.1469e-01 -2.9957e-01
-2.9750e+00     0.0000e+00  0.0000e+00  0.0000e+00 -0.0000e+00 -0.0000e+00 -0.0000e+00  2.8823e+01  6.1469e-01  2.9957e-01 -2.8823e+01 -6.1469e-01 -2.9957e-01
-2.9667e+00     5.2544e-03  9.6083e-05  7.9779e-04 -5.2553e-03 -9.6099e-05 -7.9792e-04  2.8823e+01  6.1469e-01  2.9957e-01 -2.8823e+01 -6.1469e-01 -2.9957e-01
-2.9583e+00     2.0236e-01  3.7004e-03  3.0725e-02 -2.0237e-01 -3.7005e-03 -3.0726e-02  2.8824e+01  6.1470e-01  2.9970e-01 -2.8824e+01 -6.1470e-01 -2.9970e-01
-2.9500e+00     8.1451e-01  1.5252e-02  1.2370e-01 -8.1452e-01 -1.5252e-02 -1.2370e-01  2.8828e+01  6.1478e-01  3.0034e-01 -2.8828e+01 -6.1478e-01 -3.0034e-01
-2.9417e+00     1.5610e+00  2.9832e-02  2.3892e-01 -1.5610e+00 -2.9832e-02 -2.3891e-01  2.8838e+01  6.1497e-01  3.0185e-01 -2.8838e+01 -6.1497e-01 -3.0185e-01
-2.9333e+00     2.3984e+00  4.6617e-02  3.6994e-01 -2.3984e+00 -4.6616e-02 -3.6993e-01  2.8854e+01  6.1529e-01  3.0438e-01 -2.8854e+01 -6.1529e-01 -3.0438e-01
-2.9250e+00     3.6481e+00  6.8776e-02  5.9608e-01 -3.6480e+00 -6.8776e-02 -5.9606e-01  2.8879e+01  6.1577e-01  3.0840e-01 -2.8879e+01 -6.1577e-01 -3.0840e-01
-2.9167e+00     1.4480e+01  1.6087e-01  3.2739e+00 -1.4479e+01 -1.6087e-01 -3.2737e+00  2.8955e+01  6.1672e-01  3.2450e-01 -2.8955e+01 -6.1672e-01 -3.2450e-01
-2.9083e+00     2.3869e+01  1.9461e-01  5.7745e+00 -2.3869e+01 -1.9462e-01 -5.7746e+00  2.9114e+01  6.1820e-01  3.6214e-01 -2.9114e+01 -6.1820e-01 -3.6214e-01
-2.9000e+00     1.4675e+01  1.2252e-01  3.4718e+00 -1.4675e+01 -1.2253e-01 -3.4718e+00  2.9275e+01  6.1952e-01  4.0060e-01 -2.9275e+01 -6.1952e-01 -4.0060e-01
-2.8917e+00     1.2791e+01  1.1468e-01  2.9227e+00 -1.2791e+01 -1.1468e-01 -2.9227e+00  2.9389e+01  6.2051e-01  4.2720e-01 -2.9389e+01 -6.2051e-01 -4.2720e-01
-2.8833e+00     1.3097e+01  1.0268e-01  2.9503e+00 -1.3097e+01 -1.0268e-01 -2.9503e+00  2.9497e+01  6.2141e-01  4.5163e-01 -2.9497e+01 -6.2141e-01 -4.5163e-01
-2.8750e+00     1.0769e+01  7.4226e-02  2.4532e+00 -1.0769e+01 -7.4227e-02 -2.4532e+00  2.9596e+01  6.2215e-01  4.7411e-01 -2.9596e+01 -6.2215e-01 -4.7411e-01
-2.8667e+00     9.1352e+00  4.2671e-02  2.1539e+00 -9.1352e+00 -4.2672e-02 -2.1539e+00  2.9679e+01  6.2263e-01  4.9327e-01 -2.9679e+01 -6.2263e-01 -4.9327e-01
-2.8583e+00     9.1123e+00  3.2041e-02  2.1471e+00 -9.1123e+00 -3.2042e-02 -2.1471e+00  2.9754e+01  6.2294e-01  5.1116e-01 -2.9754e+01 -6.2294e-01 -5.1116e-01
-2.8500e+00     2.4181e+00  8.0304e-03  5.7148e-01 -2.4183e+00 -8.0313e-03 -5.7153e-01  2.9802e+01  6.2311e-01  5.2247e-01 -2.9802e+01 -6.2311e-01 -5.2247e-01
-2.8417e+00     0.0000e+00  0.0000e+00  0.0000e+00 -0.0000e+00 -0.0000e+00 -0.0000e+00  2.9813e+01  6.2314e-01  5.2485e-01 -2.9813e+01 -6.2314e-01 -5.2485e-01
-2.8333e+00     1.3207e+01  1.5046e-01  1.0976e+00 -1.3207e+01 -1.5046e-01 -1.0976e+00  2.9867e+01  6.2377e-01  5.2941e-01 -2.9867e+01 -6.2377e-01 -5.2941e-01
-2.8250e+00     1.0270e+01  1.5739e-01  5.8239e-01 -1.0270e+01 -1.5739e-01 -5.8237e-01  2.9965e+01  6.2505e-01  5.3640e-01 -2.9965e+01 -6.2505e-01 -5.3640e-01
-2.8167e+00     1.5480e+01  3.7562e-01  4.0133e-01 -1.5482e+01 -3.7568e-01 -4.0137e-01  3.0072e+01  6.2727e-01  5.4049e-01 -3.0072e+01 -6.2727e-01 -5.4049e-01
-2.8083e+00     1.6422e+01  4.5815e-01  3.7352e-01 -1.6422e+01 -4.5816e-01 -3.7353e-01  3.0205e+01  6.3074e-01  5.4372e-01 -3.0205e+01 -6.3074e-01 -5.4372e-01
-2.8000e+00     2.1835e+01  6.1347e-01  3.8781e-01 -2.1837e+01 -6.1351e-01 -3.8781e-01  3.0364e+01  6.3519e-01  5.4688e-01 -3.0364e+01 -6.3520e-01 -5.4688e-01
-2.7917e+00     1.7417e+01  5.3124e-01  3.2081e-01 -1.7416e+01 -5.3122e-01 -3.2082e-01  3.0527e+01  6.3996e-01  5.4983e-01 -3.0527e+01 -6.3996e-01 -5.4983e-01
-2.7833e+00     1.4564e+01  5.3811e-01  3.2234e-01 -1.4565e+01 -5.3816e-01 -3.2238e-01  3.0660e+01  6.4440e-01  5.5251e-01 -3.0660e+01 -6.4441e-01 -5.5251e-01
-2.7750e+00     1.9396e+00  6.8594e-02  4.4134e-02 -1.9385e+00 -6.8557e-02 -4.4112e-02  3.0729e+01  6.4693e-01  5.5403e-01 -3.0729e+01 -6.4693e-01 -5.5403e-01
-2.7667e+00     0.0000e+00  0.0000e+00  0.0000e+00 -0.0000e+00 -0.0000e+00 -0.0000e+00  3.0737e+01  6.4721e-01  5.5422e-01 -3.0737e+01 -6.4721e-01 -5.5422e-01
-2.7583e+00     0.0000e+00  0.0000e+00  0.0000e+00 -0.0000e+00 -0.0000e+00 -0.0000e+00  3.0737e+01  6.4721e-01  5.5422e-01 -3.0737e+01 -6.4721e-01 -5.5422e-01
-2.7500e+00     0.0000e+00  0.0000e+00  0.0000e+00 -0.0000e+00 -0.0000e+00 -0.0000e+00  3.0737e+01  6.4721e-01  5.5422e-01 -3.0737e+01 -6.4721e-01 -5.5422e-01
-2.7417e+00     0.0000e+00  0.0000e+00  0.0000e+00 -0.0000e+00 -0.0000e+00 -0.0000e+00  3.0737e+01  6.4721e-01  5.5422e-01 -3.0737e+01 -6.4721e-01 -5.5422e-01
-2.7333e+00     0.0000e+00  0.0000e+00  0.0000e+00 -0.0000e+00 -0.0000e+00 -0.0000e+00  3.0737e+01  6.4721e-01  5.5422e-01 -3.0737e+01 -6.4721e-01 -5.5422e-01
-2.7250e+00     0.0000e+00  0.0000e+00  0.0000e+00 -0.0000e+00 -0.0000e+00 -0.0000e+00  3.0737e+01  6.4721e-01  5.5422e-01 -3.0737e+01 -6.4721e-01 -5.5422e-01
-2.7167e+00     0.0000e+00  0.0000e+00  0.0000e+00 -0.0000e+00 -0.0000e+00 -0.0000e+00  3.0737e+01  6.4721e-01  5.5422e-01 -3.0737e+01 -6.4721e-01 -5.5422e-01
-2.7083e+00     0.0000e+00  0.0000e+00  0.0000e+00 -0.0000e+00 -0.0000e+00 -0.0000e+00  3.0737e+01  6.4721e-01  5.5422e-01 -3.0737e+01 -6.4721e-01 -5.5422e-01
-2.7000e+00     0.0000e+00  0.0000e+00  0.0000e+00 -0.0000e+00 -0.0000e+00 -0.0000e+00  3.0737e+01  6.4721e-01  5.5422e-01 -3.0737e+01 -6.4721e-01 -5.5422e-01
-2.6917e+00     0.0000e+00  0.0000e+00  0.0000e+00 -0.0000e+00 -0.0000e+00 -0.0000e+00  3.0737e+01  6.4721e-01  5.5422e-01 -3.0737e+01 -6.4721e-01 -5.5422e-01
-2.6833e+00     0.0000e+00  0.0000e+00  0.0000e+00 -0.0000e+00 -0.0000e+00 -0.0000e+00  3.0737e+01  6.4721e-01  5.5422e-01 -3.0737e+01 -6.4721e-01 -5.5422e-01
-2.6750e+00     0.0000e+00  0.0000e+00  0.0000e+00 -0.0000e+00 -0.0000e+00 -0.0000e+00  3.0737e+01  6.4721e-01  5.5422e-01 -3.0737e+01 -6.4721e-01 -5.5422e-01
-2.6667e+00     0.0000e+00  0.0000e+00  0.0000e+00 -0.0000e+00 -0.0000e+00 -0.0000e+00  3.0737e+01  6.4721e-01  5.5422e-01 -3.0737e+01 -6.4721e-01 -5.5422e-01
-2.6583e+00     0.0000e+00  0.0000e+00  0.0000e+00 -0.0000e+00 -0.0000e+00 -0.0000e+00  3.0737e+01  6.4721e-01  5.5422e-01 -3.0737e+01 -6.4721e-01 -5.5422e-01
-2.6500e+00     0.0000e+00  0.0000e+00  0.0000e+00 -0.0000e+00 -0.0000e+00 -0.0000e+00  3.0737e+01  6.4721e-01  5.5422e-01 -3.0737e+01 -6.4721e-01 -5.5422e-01
-2.6417e+00     0.0000e+00  0.0000e+00  0.0000e+00 -0.0000e+00 -0.0000e+00 -0.0000e+00  3.0737e+01  6.4721e-01  5.5422e-01 -3.0737e+01 -6.4721e-01 -5.5422e-01
-2.6333e+00     0.0000e+00  0.0000e+00  0.0000e+00 -0.0000e+00 -0.0000e+00 -0.0000e+00  3.0737e+01  6.4721e-01  5.5422e-01 -3.0737e+01 -6.4721e-01 -5.5422e-01
-2.6250e+00     0.0000e+00  0.0000e+00  0.0000e+00 -0.0000e+00 -0.0000e+00 -0.0000e+00  3.0737e+01  6.4721e-01  5.5422e-01 -3.0737e+01 -6.4721e-01 -5.5422e-01
-2.6167e+00     0.0000e+00  0.0000e+00  0.0000e+00 -0.0000e+00 -0.0000e+00 -0.0000e+00  3.0737e+01  6.4721e-01  5.5422e-01 -3.0737e+01 -6.4721e-01 -5.5422e-01
-2.6083e+00     0.0000e+00  0.0000e+00  0.0000e+00 -0.0000e+00 -0.0000e+00 -0.0000e+00  3.0737e+01  6.4721e-01  5.5422e-01 -3.0737e+01 -6.4721e-01 -5.5422e-01
-2.6000e+00     0.0000e+00  0.0000e+00  0.0000e+00 -0.0000e+00 -0.0000e+00 -0.0000e+00  3.0737e+01  6.4721e-01  5.5422e-01 -3.0737e+01 -6.4721e-01 -5.5422e-01
-2.5917e+00     0.0000e+00  0.0000e+00  0.0000e+00 -0.0000e+00 -0.0000e+00 -0.0000e+00  3.0737e+01  6.4721e-01  5.5422e-01 -3.0737e+01 -6.4721e-01 -5.5422e-01
-2.5833e+00     0.0000e+00  0.0000e+00  0.0000e+00 -0.0000e+00 -0.0000e+00 -0.0000e+00  3.0737e+01  6.4721e-01  5.5422e-01 -3.0737e+01 -6.4721e-01 -5.5422e-01
-2.5750e+00     9.3706e-01  1.0055e-01  1.7883e-02 -9.3708e-01 -1.0056e-01 -1.7884e-02  3.0741e+01  6.4763e-01  5.5429e-01 -3.0741e+01 -6.4763e-01 -5.5429e-01
-2.5667e+00     2.4051e+00  2.5723e-01  4.5315e-02 -2.4051e+00 -2.5723e-01 -4.5316e-02  3.0755e+01  6.4912e-01  5.5455e-01 -3.0755e+01 -6.4912e-01 -5.5455e-01
-2.5583e+00     4.1232e+00  4.3677e-01  8.2025e-02 -4.1232e+00 -4.3677e-01 -8.2026e-02  3.0782e+01  6.5201e-01  5.5508e-01 -3.0782e+01 -6.5201e-01 -5.5508e-01
-2.5500e+00     4.8509e+00  5.1314e-01  9.3806e-02 -4.8509e+00 -5.1314e-01 -9.3806e-02  3.0819e+01  6.5596e-01  5.5581e-01 -3.0819e+01 -6.5596e-01 -5.5581e-01
-2.5417e+00     5.1460e+00  5.4461e-01  9.5432e-02 -5.1460e+00 -5.4461e-01 -9.5432e-02  3.0861e+01  6.6036e-01  5.5660e-01 -3.0861e+01 -6.6036e-01 -5.5660e-01
-2.5333e+00     5.2863e+00  5.5977e-01  9.3713e-02 -5.2863e+00 -5.5977e-01 -9.3713e-02  3.0904e+01  6.6495e-01  5.5739e-01 -3.0904e+01 -6.6495e-01 -5.5739e-01
-2.5250e+00     5.2717e+00  5.5862e-01  8.8648e-02 -5.2717e+00 -5.5862e-01 -8.8648e-02  3.0948e+01  6.6960e-01  5.5815e-01 -3.0948e+01 -6.6961e-01 -5.5815e-01
-2.5167e+00     5.1023e+00  5.4117e-01  8.0237e-02 -5.1023e+00 -5.4117e-01 -8.0237e-02  3.0991e+01  6.7418e-01  5.5885e-01 -3.0991e+01 -6.7418e-01 -5.5885e-01
-2.5083e+00     4.5070e+00  4.7748e-01  6.7030e-02 -4.5070e+00 -4.7748e-01 -6.7030e-02  3.1031e+01  6.7842e-01  5.5946e-01 -3.1031e+01 -6.7842e-01 -5.5946e-01
-2.5000e+00     3.4710e+00  3.6774e-01  4.7338e-02 -3.4710e+00 -3.6774e-01 -4.7338e-02  3.1065e+01  6.8193e-01  5.5994e-01 -3.1065e+01 -6.8193e-01 -5.5994e-01
-2.4917e+00     2.5884e+00  2.7495e-01  3.3668e-02 -2.5884e+00 -2.7495e-01 -3.3668e-02  3.1090e+01  6.8461e-01  5.6027e-01 -3.1090e+01 -6.8461e-01 -5.6027e-01
-2.4833e+00     2.5676e+00  2.7254e-01  3.2173e-02 -2.5676e+00 -2.7254e-01 -3.2173e-02  3.1111e+01  6.8688e-01  5.6055e-01 -3.1111e+01 -6.8688e-01 -5.6055e-01
-2.4750e+00     2.5497e+00  2.7043e-01  3.0709e-02 -2.5497e+00 -2.7043e-01 -3.0709e-02  3.1133e+01  6.8914e-01  5.6081e-01 -3.1133e+01 -6.8914e-01 -5.6081e-01
-2.4667e+00     2.5348e+00  2.6864e-01  2.9274e-02 -2.5348e+00 -2.6864e-01 -2.9274e-02  3.1154e+01  6.9138e-01  5.6106e-01 -3.1154e+01 -6.9139e-01 -5.6106e-01
-2.4583e+00     2.5229e+00  2.6716e-01  2.7870e-02 -2.5229e+00 -2.6716e-01 -2.7870e-02  3.1175e+01  6.9361e-01  5.6130e-01 -3.1175e+01 -6.9361e-01 -5.6130e-01
-2.4500e+00     2.5138e+00  2.6600e-01  2.6497e-02 -2.5138e+00 -2.6600e-01 -2.6497e-02  3.1196e+01  6.9583e-01  5.6152e-01 -3.1196e+01 -6.9583e-01 -5.6152e-01
-2.4417e+00     2.5078e+00  2.6514e-01  2.5154e-02 -2.5078e+00 -2.6514e-01 -2.5154e-02  3.1217e+01  6.9804e-01  5.6174e-01 -3.1217e+01 -6.9804e-01 -5.6174e-01
-2.4333e+00     2.5047e+00  2.6461e-01  2.3841e-02 -2.5047e+00 -2.6461e-01 -2.3841e-02  3.1237e+01  7.0024e-01  5.6194e-01 -3.1237e+01 -7.0024e-01 -5.6194e-01
-2.4250e+00     2.5045e+00  2.6438e-01  2.2558e-02 -2.5045e+00 -2.6438e-01 -2.2558e-02  3.1258e+01  7.0244e-01  5.6214e-01 -3.1258e+01 -7.0245e-01 -5.6214e-01
-2.4167e+00     2.5073e+00  2.6447e-01  2.1306e-02 -2.5073e+00 -2.6447e-01 -2.1306e-02  3.1279e+01  7.0464e-01  5.6232e-01 -3.1279e+01 -7.0465e-01 -5.6232e-01
-2.4083e+00     2.5130e+00  2.6487e-01  2.0084e-02 -2.5130e+00 -2.6487e-01 -2.0084e-02  3.1300e+01  7.0685e-01  5.6249e-01 -3.1300e+01 -7.0685e-01 -5.6249e-01
-2.4000e+00     2.5217e+00  2.6558e-01  1.8893e-02 -2.5217e+00 -2.6558e-01 -1.8893e-02  3.1321e+01  7.0905e-01  5.6265e-01 -3.1321e+01 -7.0905e-01 -5.6265e-01
-2.3917e+00     2.5333e+00  2.6660e-01  1.7732e-02 -2.5333e+00 -2.6660e-01 -1.7732e-02  3.1342e+01  7.1127e-01  5.6280e-01 -3.1342e+01 -7.1127e-01 -5.6280e-01
-2.3833e+00     2.5479e+00  2.6794e-01  1.6601e-02 -2.5479e+00 -2.6794e-01 -1.6601e-02  3.1363e+01  7.1349e-01  5.6295e-01 -3.1363e+01 -7.1349e-01 -5.6295e-01
-2.3750e+00     2.8601e+00  3.0136e-01  1.7593e-02 -2.8601e+00 -3.0136e-01 -1.7593e-02  3.1386e+01  7.1586e-01  5.6309e-01 -3.1386e+01 -7.1586e-01 -5.6309e-01
-2.3667e+00     3.2937e+00  3.4716e-01  1.9515e-02 -3.2937e+00 -3.4716e-01 -1.9515e-02  3.1411e+01  7.1856e-01  5.6324e-01 -3.1411e+01 -7.1856e-01 -5.6324e-01
-2.3583e+00     3.8446e+00  4.0421e-01  2.0955e-02 -3.8446e+00 -4.0421e-01 -2.0955e-02  3.1441e+01  7.2168e-01  5.6341e-01 -3.1441e+01 -7.2168e-01 -5.6341e-01
-2.3500e+00     4.4019e+00  4.6251e-01  2.1803e-02 -4.4019e+00 -4.6251e-01 -2.1803e-02  3.1475e+01  7.2529e-01  5.6359e-01 -3.1475e+01 -7.2529e-01 -5.6359e-01
-2.3417e+00     4.7186e+00  4.9462e-01  2.2254e-02 -4.7186e+00 -4.9462e-01 -2.2254e-02  3.1513e+01  7.2927e-01  5.6377e-01 -3.1513e+01 -7.2927e-01 -5.6377e-01
-2.3333e+00     4.7655e+00  4.9784e-01  2.1603e-02 -4.7655e+00 -4.9784e-01 -2.1603e-02  3.1553e+01  7.3340e-01  5.6396e-01 -3.1553e+01 -7.3340e-01 -5.6396e-01
-2.3250e+00     4.7061e+00  4.9004e-01  2.0541e-02 -4.7061e+00 -4.9004e-01 -2.0541e-02  3.1592e+01  7.3751e-01  5.6413e-01 -3.1592e+01 -7.3751e-01 -5.6413e-01
-2.3167e+00     4.5404e+00  4.7123e-01  1.9069e-02 -4.5404e+00 -4.7123e-01 -1.9069e-02  3.1630e+01  7.4150e-01  5.6430e-01 -3.1630e+01 -7.4151e-01 -5.6430e-01
-2.3083e+00     4.1214e+00  4.2511e-01  1.6493e-02 -4.1214e+00 -4.2511e-01 -1.6493e-02  3.1666e+01  7.4523e-01  5.6444e-01 -3.1666e+01 -7.4523e-01 -5.6444e-01
-2.3000e+00     3.1587e+00  3.2019e-01  1.1490e-02 -3.1587e+00 -3.2019e-01 -1.1490e-02  3.1697e+01  7.4833e-01  5.6456e-01 -3.1697e+01 -7.4833e-01 -5.6456e-01
-2.2917e+00     2.2239e+00  2.2240e-01  7.0981e-03 -2.2239e+00 -2.2240e-01 -7.0981e-03  3.1719e+01  7.5059e-01  5.6464e-01 -3.1719e+01 -7.5059e-01 -5.6464e-01
-2.2833e+00     1.3651e+00  1.3543e-01  3.4600e-03 -1.3651e+00 -1.3543e-01 -3.4600e-03  3.1734e+01  7.5208e-01  5.6468e-01 -3.1734e+01 -7.5208e-01 -5.6468e-01
-2.2750e+00     0.0000e+00  0.0000e+00  0.0000e+00 -0.0000e+00 -0.0000e+00 -0.0000e+00  3.1740e+01  7.5264e-01  5.6470e-01 -3.1740e+01 -7.5264e-01 -5.6470e-01
-2.2667e+00     0.0000e+00  0.0000e+00  0.0000e+00 -0.0000e+00 -0.0000e+00 -0.0000e+00  3.1740e+01  7.5264e-01  5.6470e-01 -3.1740e+01 -7.5264e-01 -5.6470e-01
-2.2583e+00     0.0000e+00  0.0000e+00  0.0000e+00 -0.0000e+00 -0.0000e+00 -0.0000e+00  3.1740e+01  7.5264e-01  5.6470e-01 -3.1740e+01 -7.5264e-01 -5.6470e-01
-2.2500e+00     0.0000e+00  0.0000e+00  0.0000e+00 -0.0000e+00 -0.0000e+00 -0.0000e+00  3.1740e+01  7.5264e-01  5.6470e-01 -3.1740e+01 -7.5264e-01 -5.6470e-01
-2.2417e+00     0.0000e+00  0.0000e+00  0.0000e+00 -0.0000e+00 -0.0000e+00 -0.0000e+00  3.1740e+01  7.5264e-01  5.6470e-01 -3.1740e+01 -7.5264e-01 -5.6470e-01
-2.2333e+00     0.0000e+00  0.0000e+00  0.0000e+00 -0.0000e+00 -0.0000e+00 -0.0000e+00  3.1740e+01  7.5264e-01  5.6470e-01 -3.1740e+01 -7.5264e-01 -5.6470e-01
-2.2250e+00     0.0000e+00  0.0000e+00  0.0000e+00 -0.0000e+00 -0.0000e+00 -0.0000e+00  3.1740e+01  7.5264e-01  5.6470e-01 -3.1740e+01 -7.5264e-01 -5.6470e-01
-2.2167e+00     0.0000e+00  0.0000e+00  0.0000e+00 -0.0000e+00 -0.0000e+00 -0.0000e+00  3.1740e+01  7.5264e-01  5.6470e-01 -3.1740e+01 -7.5264e-01 -5.6470e-01
-2.2083e+00     0.0000e+00  0.0000e+00  0.0000e+00 -0.0000e+00 -0.0000e+00 -0.0000e+00  3.1740e+01  7.5264e-01  5.6470e-01 -3.1740e+01 -7.5264e-01 -5.6470e-01
-2.2000e+00     0.0000e+00  0.0000e+00  0.0000e+00 -0.0000e+00 -0.0000e+00 -0.0000e+00  3.1740e+01  7.5264e-01  5.6470e-01 -3.1740e+01 -7.5264e-01 -5.6470e-01
-2.1917e+00     0.0000e+00  0.0000e+00  0.0000e+00 -0.0000e+00 -0.0000e+00 -0.0000e+00  3.1740e+01  7.5264e-01  5.6470e-01 -3.1740e+01 -7.5264e-01 -5.6470e-01
-2.1833e+00     0.0000e+00  0.0000e+00  0.0000e+00 -0.0000e+00 -0.0000e+00 -0.0000e+00  3.1740e+01  7.5264e-01  5.6470e-01 -3.1740e+01 -7.5264e-01 -5.6470e-01
-2.1750e+00     0.0000e+00  0.0000e+00  0.0000e+00 -0.0000e+00 -0.0000e+00 -0.0000e+00  3.1740e+01  7.5264e-01  5.6470e-01 -3.1740e+01 -7.5264e-01 -5.6470e-01
-2.1667e+00     0.0000e+00  0.0000e+00  0.0000e+00 -0.0000e+00 -0.0000e+00 -0.0000e+00  3.1740e+01  7.5264e-01  5.6470e-01 -3.1740e+01 -7.5264e-01 -5.6470e-01
-2.1583e+00     0.0000e+00  0.0000e+00  0.0000e+00 -0.0000e+00 -0.0000e+00 -0.0000e+00  3.1740e+01  7.5264e-01  5.6470e-01 -3.1740e+01 -7.5264e-01 -5.6470e-01
-2.1500e+00     0.0000e+00  0.0000e+00  0.0000e+00 -0.0000e+00 -0.0000e+00 -0.0000e+00  3.1740e+01  7.5264e-01  5.6470e-01 -3.1740e+01 -7.5264e-01 -5.6470e-01
-2.1417e+00     0.0000e+00  0.0000e+00  0.0000e+00 -0.0000e+00 -0.0000e+00 -0.0000e+00  3.1740e+01  7.5264e-01  5.6470e-01 -3.1740e+01 -7.5264e-01 -5.6470e-01
-2.1333e+00     0.0000e+00  0.0000e+00  0.0000e+00 -0.0000e+00 -0.0000e+00 -0.0000e+00  3.1740e+01  7.5264e-01  5.6470e-01 -3.1740e+01 -7.5264e-01 -5.6470e-01
-2.1250e+00     0.0000e+00  0.0000e+00  0.0000e+00 -0.0000e+00 -0.0000e+00 -0.0000e+00  3.1740e+01  7.5264e-01  5.6470e-01 -3.1740e+01 -7.5264e-01 -5.6470e-01
-2.1167e+00     0.0000e+00  0.0000e+00  0.0000e+00 -0.0000e+00 -0.0000e+00 -0.0000e+00  3.1740e+01  7.5264e-01  5.6470e-01 -3.1740e+01 -7.5264e-01 -5.6470e-01
-2.1083e+00     0.0000e+00  0.0000e+00  0.0000e+00 -0.0000e+00 -0.0000e+00 -0.0000e+00  3.1740e+01  7.5264e-01  5.6470e-01 -3.1740e+01 -7.5264e-01 -5.6470e-01
-2.1000e+00     8.0431e+00  3.1016e-02  5.1606e-02 -8.0431e+00 -3.1016e-02 -5.1606e-02  3.1773e+01  7.5277e-01  5.6491e-01 -3.1773e+01 -7.5277e-01 -5.6491e-01
-2.0917e+00     9.1733e+00  4.2633e-02  4.9196e-02 -9.1733e+00 -4.2633e-02 -4.9196e-02  3.1845e+01  7.5308e-01  5.6533e-01 -3.1845e+01 -7.5308e-01 -5.6533e-01
-2.0833e+00     1.0085e+01  5.2248e-02  4.6369e-02 -1.0085e+01 -5.2248e-02 -4.6369e-02  3.1925e+01  7.5347e-01  5.6573e-01 -3.1925e+01 -7.5347e-01 -5.6573e-01
-2.0750e+00     1.3782e+01  7.4655e-02  5.2328e-02 -1.3782e+01 -7.4655e-02 -5.2328e-02  3.2024e+01  7.5400e-01  5.6614e-01 -3.2024e+01 -7.5400e-01 -5.6614e-01
-2.0667e+00     1.7900e+01  9.3813e-02  4.1870e-02 -1.7900e+01 -9.3813e-02 -4.1870e-02  3.2156e+01  7.5470e-01  5.6653e-01 -3.2156e+01 -7.5470e-01 -5.6653e-01
-2.0583e+00     3.4156e+01  1.6233e-01  6.1580e-02 -3.4156e+01 -1.6233e-01 -6.1581e-02  3.2373e+01  7.5577e-01  5.6696e-01 -3.2373e+01 -7.5577e-01 -5.6696e-01
-2.0500e+00     1.3601e+01  5.8881e-02  3.2357e-02 -1.3601e+01 -5.8880e-02 -3.2357e-02  3.2571e+01  7.5669e-01  5.6735e-01 -3.2571e+01 -7.5669e-01 -5.6735e-01
-2.0417e+00     6.7514e+00  3.2724e-02  1.8391e-02 -6.7514e+00 -3.2724e-02 -1.8391e-02  3.2656e+01  7.5707e-01  5.6756e-01 -3.2656e+01 -7.5707e-01 -5.6756e-01
-2.0333e+00     2.9643e+00  1.4776e-02  8.1374e-03 -2.9643e+00 -1.4776e-02 -8.1374e-03  3.2696e+01  7.5726e-01  5.6767e-01 -3.2696e+01 -7.5727e-01 -5.6767e-01
-2.0250e+00     0.0000e+00  0.0000e+00  0.0000e+00 -0.0000e+00 -0.0000e+00 -0.0000e+00  3.2709e+01  7.5733e-01  5.6771e-01 -3.2709e+01 -7.5733e-01 -5.6771e-01
-2.0167e+00     0.0000e+00  0.0000e+00  0.0000e+00 -0.0000e+00 -0.0000e+00 -0.0000e+00  3.2709e+01  7.5733e-01  5.6771e-01 -3.2709e+01 -7.5733e-01 -5.6771e-01
-2.0083e+00     0.0000e+00  0.0000e+00  0.0000e+00 -0.0000e+00 -0.0000e+00 -0.0000e+00  3.2709e+01  7.5733e-01  5.6771e-01 -3.2709e+01 -7.5733e-01 -5.6771e-01
-2.0000e+00     0.0000e+00  0.0000e+00  0.0000e+00 -0.0000e+00 -0.0000e+00 -0.0000e+00  3.2709e+01  7.5733e-01  5.6771e-01 -3.2709e+01 -7.5733e-01 -5.6771e-01
-1.9917e+00     0.0000e+00  0.0000e+00  0.0000e+00 -0.0000e+00 -0.0000e+00 -0.0000e+00  3.2709e+01  7.5733e-01  5.6771e-01 -3.2709e+01 -7.5733e-01 -5.6771e-01
-1.9833e+00     0.0000e+00  0.0000e+00  0.0000e+00 -0.0000e+00 -0.0000e+00 -0.0000e+00  3.2709e+01  7.5733e-01  5.6771e-01 -3.2709e+01 -7.5733e-01 -5.6771e-01
-1.9750e+00     0.0000e+00  0.0000e+00  0.0000e+00 -0.0000e+00 -0.0000e+00 -0.0000e+00  3.2709e+01  7.5733e-01  5.6771e-01 -3.2709e+01 -7.5733e-01 -5.6771e-01
-1.9667e+00     0.0000e+00  0.0000e+00  0.0000e+00 -0.0000e+00 -0.0000e+00 -0.0000e+00  3.2709e+01  7.5733e-01  5.6771e-01 -3.2709e+01 -7.5733e-01 -5.6771e-01
-1.9583e+00     0.0000e+00  0.0000e+00  0.0000e+00 -0.0000e+00 -0.0000e+00 -0.0000e+00  3.2709e+01  7.5733e-01  5.6771e-01 -3.2709e+01 -7.5733e-01 -5.6771e-01
-1.9500e+00     0.0000e+00  0.0000e+00  0.0000e+00 -0.0000e+00 -0.0000e+00 -0.0000e+00  3.2709e+01  7.5733e-01  5.6771e-01 -3.2709e+01 -7.5733e-01 -5.6771e-01
-1.9417e+00     0.0000e+00  0.0000e+00  0.0000e+00 -0.0000e+00 -0.0000e+00 -0.0000e+00  3.2709e+01  7.5733e-01  5.6771e-01 -3.2709e+01 -7.5733e-01 -5.6771e-01
-1.9333e+00     0.0000e+00  0.0000e+00  0.0000e+00 -0.0000e+00 -0.0000e+00 -0.0000e+00  3.2709e+01  7.5733e-01  5.6771e-01 -3.2709e+01 -7.5733e-01 -5.6771e-01
-1.9250e+00     0.0000e+00  0.0000e+00  0.0000e+00 -0.0000e+00 -0.0000e+00 -0.0000e+00  3.2709e+01  7.5733e-01  5.6771e-01 -3.2709e+01 -7.5733e-01 -5.6771e-01
-1.9167e+00     0.0000e+00  0.0000e+00  0.0000e+00 -0.0000e+00 -0.0000e+00 -0.0000e+00  3.2709e+01  7.5733e-01  5.6771e-01 -3.2709e+01 -7.5733e-01 -5.6771e-01
-1.9083e+00     0.0000e+00  0.0000e+00  0.0000e+00 -0.0000e+00 -0.0000e+00 -0.0000e+00  3.2709e+01  7.5733e-01  5.6771e-01 -3.2709e+01 -7.5733e-01 -5.6771e-01
-1.9000e+00     0.0000e+00  0.0000e+00  0.0000e+00 -0.0000e+00 -0.0000e+00 -0.0000e+00  3.2709e+01  7.5733e-01  5.6771e-01 -3.2709e+01 -7.5733e-01 -5.6771e-01
-1.8917e+00     0.0000e+00  0.0000e+00  0.0000e+00 -0.0000e+00 -0.0000e+00 -0.0000e+00  3.2709e+01  7.5733e-01  5.6771e-01 -3.2709e+01 -7.5733e-01 -5.6771e-01
-1.8833e+00     0.0000e+00  0.0000e+00  0.0000e+00 -0.0000e+00 -0.0000e+00 -0.0000e+00  3.2709e+01  7.5733e-01  5.6771e-01 -3.2709e+01 -7.5733e-01 -5.6771e-01
-1.8750e+00     0.0000e+00  0.0000e+00  0.0000e+00 -0.0000e+00 -0.0000e+00 -0.0000e+00  3.2709e+01  7.5733e-01  5.6771e-01 -3.2709e+01 -7.5733e-01 -5.6771e-01
-1.8667e+00     0.0000e+00  0.0000e+00  0.0000e+00 -0.0000e+00 -0.0000e+00 -0.0000e+00  3.2709e+01  7.5733e-01  5.6771e-01 -3.2709e+01 -7.5733e-01 -5.6771e-01
-1.8583e+00     0.0000e+00  0.0000e+00  0.0000e+00 -0.0000e+00 -0.0000e+00 -0.0000e+00  3.2709e+01  7.5733e-01  5.6771e-01 -3.2709e+01 -7.5733e-01 -5.6771e-01
-1.8500e+00     0.0000e+00  0.0000e+00  0.0000e+00 -0.0000e+00 -0.0000e+00 -0.0000e+00  3.2709e+01  7.5733e-01  5.6771e-01 -3.2709e+01 -7.5733e-01 -5.6771e-01
-1.8417e+00     0.0000e+00  0.0000e+00  0.0000e+00 -0.0000e+00 -0.0000e+00 -0.0000e+00  3.2709e+01  7.5733e-01  5.6771e-01 -3.2709e+01 -7.5733e-01 -5.6771e-01
-1.8333e+00     0.0000e+00  0.0000e+00  0.0000e+00 -0.0000e+00 -0.0000e+00 -0.0000e+00  3.2709e+01  7.5733e-01  5.6771e-01 -3.2709e+01 -7.5733e-01 -5.6771e-01
-1.8250e+00     0.0000e+00  0.0000e+00  0.0000e+00 -0.0000e+00 -0.0000e+00 -0.0000e+00  3.2709e+01  7.5733e-01  5.6771e-01 -3.2709e+01 -7.5733e-01 -5.6771e-01
-1.8167e+00     0.0000e+00  0.0000e+00  0.0000e+00 -0.0000e+00 -0.0000e+00 -0.0000e+00  3.2709e+01  7.5733e-01  5.6771e-01 -3.2709e+01 -7.5733e-01 -5.6771e-01
-1.8083e+00     0.0000e+00  0.0000e+00  0.0000e+00 -0.0000e+00 -0.0000e+00 -0.0000e+00  3.2709e+01  7.5733e-01  5.6771e-01 -3.2709e+01 -7.5733e-01 -5.6771e-01
-1.8000e+00     0.0000e+00  0.0000e+00  0.0000e+00 -0.0000e+00 -0.0000e+00 -0.0000e+00  3.2709e+01  7.5733e-01  5.6771e-01 -3.2709e+01 -7.5733e-01 -5.6771e-01
-1.7917e+00     0.0000e+00  0.0000e+00  0.0000e+00 -0.0000e+00 -0.0000e+00 -0.0000e+00  3.2709e+01  7.5733e-01  5.6771e-01 -3.2709e+01 -7.5733e-01 -5.6771e-01
-1.7833e+00     3.5387e-01  2.0156e-03  6.6634e-03 -3.5387e-01 -2.0156e-03 -6.6634e-03  3.2710e+01  7.5733e-01  5.6773e-01 -3.2710e+01 -7.5734e-01 -5.6773e-01
-1.7750e+00     1.5181e+00  8.7154e-03  2.8410e-02 -1.5181e+00 -8.7154e-03 -2.8410e-02  3.2718e+01  7.5738e-01  5.6788e-01 -3.2718e+01 -7.5738e-01 -5.6788e-01
-1.7667e+00     2.4080e+00  1.3786e-02  4.4801e-02 -2.4080e+00 -1.3786e-02 -4.4801e-02  3.2734e+01  7.5747e-01  5.6818e-01 -3.2734e+01 -7.5747e-01 -5.6818e-01
-1.7583e+00     3.0933e+00  1.7654e-02  5.7122e-02 -3.0933e+00 -1.7654e-02 -5.7122e-02  3.2757e+01  7.5760e-01  5.6861e-01 -3.2757e+01 -7.5760e-01 -5.6861e-01
-1.7500e+00     3.8535e+00  2.2055e-02  7.0571e-02 -3.8535e+00 -2.2055e-02 -7.0571e-02  3.2786e+01  7.5777e-01  5.6914e-01 -3.2786e+01 -7.5777e-01 -5.6914e-01
-1.7417e+00     6.0108e+00  3.8864e-02  1.0096e-01 -6.0108e+00 -3.8864e-02 -1.0096e-01  3.2827e+01  7.5802e-01  5.6985e-01 -3.2827e+01 -7.5802e-01 -5.6985e-01
-1.7333e+00     6.0327e+00  3.9227e-02  1.0097e-01 -6.0327e+00 -3.9227e-02 -1.0097e-01  3.2877e+01  7.5835e-01  5.7069e-01 -3.2877e+01 -7.5835e-01 -5.7069e-01
-1.7250e+00     5.6213e+00  3.9096e-02  9.0951e-02 -5.6213e+00 -3.9096e-02 -9.0951e-02  3.2926e+01  7.5867e-01  5.7149e-01 -3.2926e+01 -7.5867e-01 -5.7149e-01
-1.7167e+00     5.1141e+00  3.9924e-02  7.9180e-02 -5.1141e+00 -3.9924e-02 -7.9180e-02  3.2970e+01  7.5900e-01  5.7220e-01 -3.2970e+01 -7.5900e-01 -5.7220e-01
-1.7083e+00     4.8478e+00  4.1917e-02  7.2745e-02 -4.8478e+00 -4.1917e-02 -7.2745e-02  3.3012e+01  7.5934e-01  5.7283e-01 -3.3012e+01 -7.5934e-01 -5.7283e-01
-1.7000e+00     4.9479e+00  4.9447e-02  7.4567e-02 -4.9479e+00 -4.9447e-02 -7.4567e-02  3.3052e+01  7.5972e-01  5.7344e-01 -3.3052e+01 -7.5972e-01 -5.7344e-01
-1.6917e+00     6.0207e+00  7.5307e-02  9.6865e-02 -6.0207e+00 -7.5307e-02 -9.6865e-02  3.3098e+01  7.6024e-01  5.7416e-01 -3.3098e+01 -7.6024e-01 -5.7416e-01
-1.6833e+00     7.9600e+00  1.1610e-01  1.2938e-01 -7.9600e+00 -1.1610e-01 -1.2938e-01  3.3156e+01  7.6104e-01  5.7510e-01 -3.3156e+01 -7.6104e-01 -5.7510e-01
-1.6750e+00     9.2933e+00  1.4146e-01  1.5499e-01 -9.2933e+00 -1.4146e-01 -1.5499e-01  3.3228e+01  7.6211e-01  5.7628e-01 -3.3228e+01 -7.6211e-01 -5.7628e-01
-1.6667e+00     1.1400e+01  1.7886e-01  1.9103e-01 -1.1400e+01 -1.7886e-01 -1.9103e-01  3.3314e+01  7.6344e-01  5.7772e-01 -3.3314e+01 -7.6344e-01 -5.7772e-01
-1.6583e+00     9.5138e+00  1.4465e-01  1.6506e-01 -9.5138e+00 -1.4465e-01 -1.6506e-01  3.3401e+01  7.6479e-01  5.7920e-01 -3.3401e+01 -7.6479e-01 -5.7920e-01
-1.6500e+00     9.5890e+00  1.4525e-01  1.7144e-01 -9.5890e+00 -1.4525e-01 -1.7144e-01  3.3480e+01  7.6599e-01  5.8060e-01 -3.3481e+01 -7.6599e-01 -5.8060e-01
-1.6417e+00     9.5097e+00  1.4143e-01  1.6909e-01 -9.5097e+00 -1.4143e-01 -1.6909e-01  3.3560e+01  7.6719e-01  5.8202e-01 -3.3560e+01 -7.6719e-01 -5.8202e-01
-1.6333e+00     9.5965e+00  1.3859e-01  1.7000e-01 -9.5965e+00 -1.3859e-01 -1.7000e-01  3.3639e+01  7.6835e-01  5.8343e-01 -3.3639e+01 -7.6835e-01 -5.8343e-01
-1.6250e+00     9.9376e+00  1.3738e-01  1.8126e-01 -9.9376e+00 -1.3738e-01 -1.8126e-01  3.3721e+01  7.6950e-01  5.8489e-01 -3.3721e+01 -7.6950e-01 -5.8489e-01
-1.6167e+00     1.1204e+01  1.4222e-01  2.2432e-01 -1.1204e+01 -1.4222e-01 -2.2432e-01  3.3809e+01  7.7066e-01  5.8658e-01 -3.3809e+01 -7.7066e-01 -5.8658e-01
-1.6083e+00     1.3175e+01  1.5632e-01  2.6522e-01 -1.3175e+01 -1.5632e-01 -2.6522e-01  3.3910e+01  7.7190e-01  5.8861e-01 -3.3910e+01 -7.7190e-01 -5.8861e-01
-1.6000e+00     1.3793e+01  1.2648e-01  2.5564e-01 -1.3793e+01 -1.2648e-01 -2.5564e-01  3.4022e+01  7.7308e-01  5.9078e-01 -3.4022e+01 -7.7308e-01 -5.9078e-01
-1.5917e+00     1.1892e+01  1.1149e-01  2.2961e-01 -1.1892e+01 -1.1149e-01 -2.2961e-01  3.4129e+01  7.7407e-01  5.9280e-01 -3.4129e+01 -7.7407e-01 -5.9280e-01
-1.5833e+00     1.1662e+01  1.1732e-01  2.4733e-01 -1.1662e+01 -1.1732e-01 -2.4733e-01  3.4227e+01  7.7502e-01  5.9478e-01 -3.4227e+01 -7.7502e-01 -5.9478e-01
-1.5750e+00     1.2003e+01  1.2540e-01  2.7226e-01 -1.2003e+01 -1.2540e-01 -2.7226e-01  3.4325e+01  7.7603e-01  5.9694e-01 -3.4325e+01 -7.7603e-01 -5.9694e-01
-1.5667e+00     1.2222e+01  1.3423e-01  2.8401e-01 -1.2222e+01 -1.3423e-01 -2.8401e-01  3.4426e+01  7.7711e-01  5.9926e-01 -3.4426e+01 -7.7711e-01 -5.9926e-01
-1.5583e+00     1.2391e+01  1.4005e-01  2.8346e-01 -1.2391e+01 -1.4005e-01 -2.8346e-01  3.4529e+01  7.7825e-01  6.0162e-01 -3.4529e+01 -7.7825e-01 -6.0162e-01
-1.5500e+00     1.2753e+01  1.4538e-01  2.8327e-01 -1.2753e+01 -1.4538e-01 -2.8327e-01  3.4633e+01  7.7944e-01  6.0397e-01 -3.4633e+01 -7.7944e-01 -6.0398e-01
-1.5417e+00     1.1776e+01  1.1666e-01  2.6687e-01 -1.1776e+01 -1.1666e-01 -2.6687e-01  3.4735e+01  7.8053e-01  6.0626e-01 -3.4735e+01 -7.8053e-01 -6.0626e-01
-1.5333e+00     1.0863e+01  1.0834e-01  2.3334e-01 -1.0863e+01 -1.0834e-01 -2.3334e-01  3.4829e+01  7.8146e-01  6.0834e-01 -3.4829e+01 -7.8147e-01 -6.0834e-01
-1.5250e+00     9.6041e+00  9.7304e-02  2.0016e-01 -9.6041e+00 -9.7304e-02 -2.0016e-01  3.4915e+01  7.8232e-01  6.1015e-01 -3.4915e+01 -7.8232e-01 -6.1015e-01
-1.5167e+00     8.2930e+00  8.5823e-02  1.6606e-01 -8.2930e+00 -8.5823e-02 -1.6606e-01  3.4989e+01  7.8308e-01  6.1167e-01 -3.4989e+01 -7.8308e-01 -6.1167e-01
-1.5083e+00     6.6303e+00  8.5820e-02  1.1701e-01 -6.6303e+00 -8.5820e-02 -1.1701e-01  3.5051e+01  7.8380e-01  6.1285e-01 -3.5051e+01 -7.8380e-01 -6.1285e-01
-1.5000e+00     7.9253e+00  1.0272e-01  1.3208e-01 -7.9253e+00 -1.0272e-01 -1.3208e-01  3.5112e+01  7.8458e-01  6.1388e-01 -3.5112e+01 -7.8458e-01 -6.1388e-01
-1.4917e+00     5.4532e+00  8.5251e-02  9.8339e-02 -5.4532e+00 -8.5251e-02 -9.8339e-02  3.5167e+01  7.8536e-01  6.1484e-01 -3.5167e+01 -7.8536e-01 -6.1484e-01
-1.4833e+00     6.1554e+00  9.0257e-02  1.1218e-01 -6.1554e+00 -9.0257e-02 -1.1218e-01  3.5216e+01  7.8609e-01  6.1572e-01 -3.5216e+01 -7.8609e-01 -6.1572e-01
-1.4750e+00     1.4720e+01  2.5350e-01  3.1289e-01 -1.4720e+01 -2.5350e-01 -3.1289e-01  3.5302e+01  7.8752e-01  6.1749e-01 -3.5302e+01 -7.8752e-01 -6.1749e-01
-1.4667e+00     1.1175e+01  1.6354e-01  2.5732e-01 -1.1175e+01 -1.6354e-01 -2.5732e-01  3.5410e+01  7.8926e-01  6.1986e-01 -3.5410e+01 -7.8926e-01 -6.1986e-01
-1.4583e+00     1.2687e+01  1.1002e-01  2.3433e-01 -1.2687e+01 -1.1002e-01 -2.3432e-01  3.5509e+01  7.9039e-01  6.2190e-01 -3.5509e+01 -7.9040e-01 -6.2190e-01
-1.4500e+00     1.5459e+01  1.2248e-01  3.0853e-01 -1.5459e+01 -1.2248e-01 -3.0853e-01  3.5626e+01  7.9136e-01  6.2416e-01 -3.5626e+01 -7.9136e-01 -6.2416e-01
-1.4417e+00     1.6528e+01  1.4641e-01  3.4646e-01 -1.6528e+01 -1.4641e-01 -3.4646e-01  3.5760e+01  7.9248e-01  6.2689e-01 -3.5760e+01 -7.9248e-01 -6.2689e-01
-1.4333e+00     1.9461e+01  2.1636e-01  3.2220e-01 -1.9461e+01 -2.1636e-01 -3.2220e-01  3.5909e+01  7.9399e-01  6.2967e-01 -3.5909e+01 -7.9399e-01 -6.2967e-01
-1.4250e+00     1.9875e+01  2.0921e-01  3.3613e-01 -1.9875e+01 -2.0921e-01 -3.3613e-01  3.6073e+01  7.9576e-01  6.3241e-01 -3.6073e+01 -7.9576e-01 -6.3241e-01
-1.4167e+00     1.8514e+01  1.8980e-01  3.1756e-01 -1.8514e+01 -1.8980e-01 -3.1756e-01  3.6233e+01  7.9742e-01  6.3513e-01 -3.6233e+01 -7.9742e-01 -6.3513e-01
-1.4083e+00     2.1983e+01  2.4838e-01  3.9721e-01 -2.1983e+01 -2.4838e-01 -3.9721e-01  3.6401e+01  7.9924e-01  6.3810e-01 -3.6401e+01 -7.9924e-01 -6.3810e-01
-1.4000e+00     1.7390e+01  2.2385e-01  3.0929e-01 -1.7390e+01 -2.2385e-01 -3.0929e-01  3.6565e+01  8.0121e-01  6.4104e-01 -3.6565e+01 -8.0121e-01 -6.4104e-01
-1.3917e+00     1.3279e+01  2.0189e-01  2.2240e-01 -1.3279e+01 -2.0189e-01 -2.2240e-01  3.6692e+01  8.0298e-01  6.4325e-01 -3.6692e+01 -8.0298e-01 -6.4325e-01
-1.3833e+00     1.3028e+01  2.1444e-01  1.9803e-01 -1.3028e+01 -2.1444e-01 -1.9803e-01  3.6802e+01  8.0471e-01  6.4500e-01 -3.6802e+01 -8.0471e-01 -6.4500e-01
-1.3750e+00     1.3755e+01  2.1953e-01  1.9539e-01 -1.3755e+01 -2.1953e-01 -1.9539e-01  3.6913e+01  8.0651e-01  6.4663e-01 -3.6913e+01 -8.0652e-01 -6.4664e-01
-1.3667e+00     1.2931e+01  1.9759e-01  1.9032e-01 -1.2931e+01 -1.9759e-01 -1.9032e-01  3.7024e+01  8.0825e-01  6.4824e-01 -3.7024e+01 -8.0825e-01 -6.4824e-01
-1.3583e+00     1.6423e+01  2.3876e-01  2.4428e-01 -1.6423e+01 -2.3875e-01 -2.4428e-01  3.7146e+01  8.1006e-01  6.5005e-01 -3.7146e+01 -8.1007e-01 -6.5005e-01
-1.3500e+00     1.3137e+01  1.8860e-01  1.7005e-01 -1.3137e+01 -1.8860e-01 -1.7005e-01  3.7269e+01  8.1184e-01  6.5177e-01 -3.7269e+01 -8.1184e-01 -6.5177e-01
-1.3417e+00     1.2065e+01  1.7149e-01  1.5101e-01 -1.2065e+01 -1.7149e-01 -1.5101e-01  3.7374e+01  8.1334e-01  6.5311e-01 -3.7374e+01 -8.1334e-01 -6.5311e-01
-1.3333e+00     8.2178e+00  1.2978e-01  1.1128e-01 -8.2178e+00 -1.2978e-01 -1.1128e-01  3.7458e+01  8.1459e-01  6.5420e-01 -3.7458e+01 -8.1459e-01 -6.5420e-01
-1.3250e+00     6.7541e+00  1.1238e-01  8.8768e-02 -6.7541e+00 -1.1238e-01 -8.8768e-02  3.7521e+01  8.1560e-01  6.5503e-01 -3.7521e+01 -8.1560e-01 -6.5503e-01
-1.3167e+00     5.7160e+00  1.0061e-01  6.9099e-02 -5.7160e+00 -1.0061e-01 -6.9099e-02  3.7573e+01  8.1649e-01  6.5569e-01 -3.7573e+01 -8.1649e-01 -6.5569e-01
-1.3083e+00     6.3186e+00  1.1547e-01  7.2523e-02 -6.3186e+00 -1.1547e-01 -7.2523e-02  3.7623e+01  8.1739e-01  6.5628e-01 -3.7623e+01 -8.1739e-01 -6.5628e-01
-1.3000e+00     1.3654e+01  3.1010e-01  1.4931e-01 -1.3654e+01 -3.1010e-01 -1.4931e-01  3.7706e+01  8.1916e-01  6.5720e-01 -3.7706e+01 -8.1916e-01 -6.5720e-01
-1.2917e+00     1.2113e+01  2.6824e-01  1.2503e-01 -1.2113e+01 -2.6824e-01 -1.2503e-01  3.7813e+01  8.2156e-01  6.5834e-01 -3.7813e+01 -8.2156e-01 -6.5834e-01
-1.2833e+00     1.4990e+01  2.6396e-01  1.8204e-01 -1.4990e+01 -2.6396e-01 -1.8204e-01  3.7926e+01  8.2378e-01  6.5962e-01 -3.7926e+01 -8.2378e-01 -6.5962e-01
-1.2750e+00     2.1823e+01  3.6060e-01  2.7189e-01 -2.1823e+01 -3.6060e-01 -2.7189e-01  3.8079e+01  8.2637e-01  6.6150e-01 -3.8079e+01 -8.2637e-01 -6.6150e-01
-1.2667e+00     1.7307e+01  2.7472e-01  2.3882e-01 -1.7307e+01 -2.7472e-01 -2.3882e-01  3.8242e+01  8.2902e-01  6.6363e-01 -3.8242e+01 -8.2902e-01 -6.6363e-01
-1.2583e+00     1.4661e+01  2.3103e-01  2.0821e-01 -1.4661e+01 -2.3103e-01 -2.0821e-01  3.8375e+01  8.3112e-01  6.6549e-01 -3.8375e+01 -8.3112e-01 -6.6549e-01
-1.2500e+00     1.2257e+01  1.9976e-01  1.7327e-01 -1.2257e+01 -1.9976e-01 -1.7327e-01  3.8487e+01  8.3291e-01  6.6708e-01 -3.8487e+01 -8.3291e-01 -6.6708e-01
-1.2417e+00     1.5804e+01  2.0787e-01  2.1066e-01 -1.5804e+01 -2.0787e-01 -2.1066e-01  3.8603e+01  8.3461e-01  6.6867e-01 -3.8603e+01 -8.3461e-01 -6.6867e-01
-1.2333e+00     2.0140e+01  2.4586e-01  2.9316e-01 -2.0140e+01 -2.4586e-01 -2.9316e-01  3.8753e+01  8.3650e-01  6.7077e-01 -3.8753e+01 -8.3650e-01 -6.7077e-01
-1.2250e+00     1.2998e+01  1.8733e-01  1.5200e-01 -1.2998e+01 -1.8733e-01 -1.5200e-01  3.8891e+01  8.3830e-01  6.7262e-01 -3.8891e+01 -8.3830e-01 -6.7262e-01
-1.2167e+00     1.4821e+01  2.4532e-01  1.7051e-01 -1.4821e+01 -2.4532e-01 -1.7051e-01  3.9006e+01  8.4010e-01  6.7396e-01 -3.9006e+01 -8.4010e-01 -6.7396e-01
-1.2083e+00     1.9915e+01  3.1549e-01  2.3361e-01 -1.9915e+01 -3.1550e-01 -2.3361e-01  3.9151e+01  8.4243e-01  6.7564e-01 -3.9151e+01 -8.4243e-01 -6.7564e-01
-1.2000e+00     1.5999e+01  2.4943e-01  1.9419e-01 -1.5999e+01 -2.4943e-01 -1.9419e-01  3.9300e+01  8.4478e-01  6.7742e-01 -3.9300e+01 -8.4478e-01 -6.7742e-01
-1.1917e+00     1.4579e+01  2.3277e-01  1.8868e-01 -1.4579e+01 -2.3277e-01 -1.8868e-01  3.9427e+01  8.4679e-01  6.7901e-01 -3.9427e+01 -8.4679e-01 -6.7901e-01
-1.1833e+00     1.3938e+01  2.1412e-01  1.7479e-01 -1.3938e+01 -2.1412e-01 -1.7479e-01  3.9546e+01  8.4864e-01  6.8053e-01 -3.9546e+01 -8.4865e-01 -6.8053e-01
-1.1750e+00     1.5898e+01  2.2917e-01  1.7594e-01 -1.5898e+01 -2.2917e-01 -1.7594e-01  3.9670e+01  8.5049e-01  6.8199e-01 -3.9670e+01 -8.5049e-01 -6.8199e-01
-1.1667e+00     8.9591e+00  1.6373e-01  1.2656e-01 -8.9591e+00 -1.6373e-01 -1.2656e-01  3.9774e+01  8.5212e-01  6.8324e-01 -3.9774e+01 -8.5212e-01 -6.8324e-01
-1.1583e+00     1.1396e+01  2.1908e-01  1.4649e-01 -1.1396e+01 -2.1908e-01 -1.4649e-01  3.9858e+01  8.5372e-01  6.8438e-01 -3.9858e+01 -8.5372e-01 -6.8438e-01
-1.1500e+00     1.2321e+01  2.5140e-01  1.3788e-01 -1.2321e+01 -2.5140e-01 -1.3788e-01  3.9957e+01  8.5567e-01  6.8556e-01 -3.9957e+01 -8.5567e-01 -6.8556e-01
-1.1417e+00     1.4796e+01  3.0875e-01  1.5416e-01 -1.4796e+01 -3.0875e-01 -1.5416e-01  4.0070e+01  8.5800e-01  6.8678e-01 -4.0070e+01 -8.5800e-01 -6.8678e-01
-1.1333e+00     2.1237e+01  4.5648e-01  2.0494e-01 -2.1237e+01 -4.5648e-01 -2.0494e-01  4.0220e+01  8.6119e-01  6.8827e-01 -4.0220e+01 -8.6119e-01 -6.8827e-01
-1.1250e+00     2.2849e+01  4.6782e-01  2.3023e-01 -2.2849e+01 -4.6782e-01 -2.3023e-01  4.0403e+01  8.6503e-01  6.9008e-01 -4.0403e+01 -8.6503e-01 -6.9008e-01
-1.1167e+00     2.1457e+01  4.3368e-01  2.2947e-01 -2.1457e+01 -4.3368e-01 -2.2947e-01  4.0587e+01  8.6878e-01  6.9199e-01 -4.0587e+01 -8.6878e-01 -6.9199e-01
-1.1083e+00     1.5233e+01  3.0631e-01  1.5404e-01 -1.5233e+01 -3.0631e-01 -1.5404e-01  4.0740e+01  8.7186e-01  6.9359e-01 -4.0740e+01 -8.7186e-01 -6.9359e-01
-1.1000e+00     1.2387e+01  2.2822e-01  1.2257e-01 -1.2387e+01 -2.2822e-01 -1.2257e-01  4.0855e+01  8.7408e-01  6.9474e-01 -4.0855e+01 -8.7408e-01 -6.9474e-01
-1.0917e+00     8.2986e+00  1.4561e-01  8.1320e-02 -8.2986e+00 -1.4561e-01 -8.1320e-02  4.0941e+01  8.7564e-01  6.9559e-01 -4.0941e+01 -8.7564e-01 -6.9559e-01
-1.0833e+00     1.0967e+01  2.0906e-01  1.0205e-01 -1.0967e+01 -2.0906e-01 -1.0205e-01  4.1021e+01  8.7711e-01  6.9635e-01 -4.1021e+01 -8.7711e-01 -6.9635e-01
-1.0750e+00     1.2047e+01  2.0404e-01  9.7717e-02 -1.2047e+01 -2.0404e-01 -9.7717e-02  4.1117e+01  8.7883e-01  6.9718e-01 -4.1117e+01 -8.7883e-01 -6.9718e-01
-1.0667e+00     2.7166e+01  5.0853e-01  1.9632e-01 -2.7166e+01 -5.0853e-01 -1.9632e-01  4.1280e+01  8.8179e-01  6.9840e-01 -4.1280e+01 -8.8180e-01 -6.9840e-01
-1.0583e+00     2.1696e+01  3.7791e-01  1.6776e-01 -2.1696e+01 -3.7791e-01 -1.6776e-01  4.1483e+01  8.8548e-01  6.9992e-01 -4.1483e+01 -8.8548e-01 -6.9992e-01
-1.0500e+00     1.5813e+01  2.1601e-01  1.5036e-01 -1.5813e+01 -2.1601e-01 -1.5036e-01  4.1639e+01  8.8795e-01  7.0124e-01 -4.1639e+01 -8.8795e-01 -7.0124e-01
-1.0417e+00     1.4452e+01  1.9788e-01  1.4169e-01 -1.4452e+01 -1.9788e-01 -1.4169e-01  4.1765e+01  8.8967e-01  7.0246e-01 -4.1765e+01 -8.8968e-01 -7.0246e-01
-1.0333e+00     1.3459e+01  1.8504e-01  1.3131e-01 -1.3459e+01 -1.8504e-01 -1.3131e-01  4.1881e+01  8.9127e-01  7.0359e-01 -4.1881e+01 -8.9127e-01 -7.0359e-01
-1.0250e+00     1.1233e+01  1.5535e-01  1.0223e-01 -1.1233e+01 -1.5535e-01 -1.0223e-01  4.1984e+01  8.9268e-01  7.0456e-01 -4.1984e+01 -8.9268e-01 -7.0456e-01
-1.0167e+00     1.0840e+01  1.5540e-01  9.3769e-02 -1.0840e+01 -1.5540e-01 -9.3769e-02  4.2076e+01  8.9398e-01  7.0538e-01 -4.2076e+01 -8.9398e-01 -7.0538e-01
-1.0083e+00     1.2398e+01  1.8519e-01  1.0832e-01 -1.2398e+01 -1.8519e-01 -1.0832e-01  4.2172e+01  8.9539e-01  7.0622e-01 -4.2172e+01 -8.9539e-01 -7.0622e-01
-1.0000e+00     1.5141e+01  2.2599e-01  1.3558e-01 -1.5141e+01 -2.2599e-01 -1.3558e-01  4.2287e+01  8.9710e-01  7.0723e-01 -4.2287e+01 -8.9710e-01 -7.0723e-01
-9.9167e-01     1.3922e+01  1.9948e-01  1.4394e-01 -1.3922e+01 -1.9948e-01 -1.4394e-01  4.2408e+01  8.9887e-01  7.0840e-01 -4.2408e+01 -8.9887e-01 -7.0840e-01
-9.8333e-01     1.4624e+01  2.0115e-01  1.7327e-01 -1.4624e+01 -2.0115e-01 -1.7327e-01  4.2526e+01  9.0054e-01  7.0972e-01 -4.2526e+01 -9.0054e-01 -7.0972e-01
-9.7500e-01     1.5370e+01  2.0570e-01  1.8804e-01 -1.5370e+01 -2.0570e-01 -1.8804e-01  4.2651e+01  9.0223e-01  7.1122e-01 -4.2651e+01 -9.0223e-01 -7.1122e-01
-9.6667e-01     1.6054e+01  2.1010e-01  1.9276e-01 -1.6054e+01 -2.1010e-01 -1.9276e-01  4.2782e+01  9.0396e-01  7.1280e-01 -4.2782e+01 -9.0396e-01 -7.1280e-01
-9.5833e-01     1.4336e+01  1.7457e-01  1.5173e-01 -1.4336e+01 -1.7457e-01 -1.5173e-01  4.2908e+01  9.0556e-01  7.1424e-01 -4.2908e+01 -9.0556e-01 -7.1424e-01
-9.5000e-01     1.4854e+01  1.5928e-01  1.4023e-01 -1.4854e+01 -1.5928e-01 -1.4023e-01  4.3030e+01  9.0695e-01  7.1545e-01 -4.3030e+01 -9.0695e-01 -7.1545e-01
-9.4167e-01     1.6390e+01  1.6710e-01  1.6776e-01 -1.6390e+01 -1.6710e-01 -1.6776e-01  4.3160e+01  9.0831e-01  7.1673e-01 -4.3160e+01 -9.0831e-01 -7.1673e-01
-9.3333e-01     2.0278e+01  2.5732e-01  2.2785e-01 -2.0278e+01 -2.5732e-01 -2.2785e-01  4.3312e+01  9.1007e-01  7.1838e-01 -4.3312e+01 -9.1007e-01 -7.1838e-01
-9.2500e-01     1.8933e+01  2.1186e-01  2.4205e-01 -1.8933e+01 -2.1186e-01 -2.4205e-01  4.3475e+01  9.1202e-01  7.2033e-01 -4.3475e+01 -9.1203e-01 -7.2033e-01
-9.1667e-01     1.8352e+01  2.4008e-01  2.1380e-01 -1.8352e+01 -2.4008e-01 -2.1380e-01  4.3631e+01  9.1390e-01  7.2223e-01 -4.3631e+01 -9.1391e-01 -7.2223e-01
-9.0833e-01     1.6128e+01  2.2548e-01  1.8970e-01 -1.6128e+01 -2.2548e-01 -1.8970e-01  4.3774e+01  9.1584e-01  7.2391e-01 -4.3774e+01 -9.1584e-01 -7.2391e-01
-9.0000e-01     1.5685e+01  2.0796e-01  2.0275e-01 -1.5684e+01 -2.0796e-01 -2.0275e-01  4.3906e+01  9.1764e-01  7.2554e-01 -4.3906e+01 -9.1765e-01 -7.2554e-01
-8.9167e-01     1.5185e+01  1.9008e-01  2.0513e-01 -1.5185e+01 -1.9008e-01 -2.0513e-01  4.4035e+01  9.1930e-01  7.2724e-01 -4.4035e+01 -9.1930e-01 -7.2724e-01
-8.8333e-01     1.4256e+01  1.7585e-01  1.8763e-01 -1.4256e+01 -1.7585e-01 -1.8763e-01  4.4157e+01  9.2082e-01  7.2887e-01 -4.4157e+01 -9.2082e-01 -7.2887e-01
-8.7500e-01     1.5229e+01  1.9522e-01  1.9838e-01 -1.5229e+01 -1.9522e-01 -1.9838e-01  4.4280e+01  9.2237e-01  7.3048e-01 -4.4280e+01 -9.2237e-01 -7.3048e-01
-8.6667e-01     1.8081e+01  2.4164e-01  2.3770e-01 -1.8081e+01 -2.4164e-01 -2.3770e-01  4.4418e+01  9.2418e-01  7.3229e-01 -4.4418e+01 -9.2418e-01 -7.3229e-01
-8.5833e-01     1.7468e+01  2.4616e-01  2.3225e-01 -1.7468e+01 -2.4616e-01 -2.3225e-01  4.4566e+01  9.2621e-01  7.3424e-01 -4.4566e+01 -9.2621e-01 -7.3425e-01
-8.5000e-01     1.5510e+01  2.3810e-01  2.0746e-01 -1.5510e+01 -2.3810e-01 -2.0746e-01  4.4703e+01  9.2823e-01  7.3607e-01 -4.4703e+01 -9.2823e-01 -7.3607e-01
-8.4167e-01     1.9166e+01  3.9567e-01  2.3351e-01 -1.9166e+01 -3.9567e-01 -2.3351e-01  4.4848e+01  9.3086e-01  7.3791e-01 -4.4848e+01 -9.3086e-01 -7.3791e-01
-8.3333e-01     1.1588e+01  2.0811e-01  1.2482e-01 -1.1588e+01 -2.0811e-01 -1.2482e-01  4.4976e+01  9.3337e-01  7.3940e-01 -4.4976e+01 -9.3338e-01 -7.3940e-01
-8.2500e-01     1.1756e+01  2.1698e-01  1.2325e-01 -1.1756e+01 -2.1698e-01 -1.2325e-01  4.5073e+01  9.3514e-01  7.4043e-01 -4.5073e+01 -9.3514e-01 -7.4043e-01
-8.1667e-01     1.2922e+01  2.4366e-01  1.4119e-01 -1.2922e+01 -2.4366e-01 -1.4119e-01  4.5175e+01  9.3706e-01  7.4153e-01 -4.5175e+01 -9.3706e-01 -7.4153e-01
-8.0833e-01     1.4682e+01  2.7821e-01  1.6831e-01 -1.4682e+01 -2.7821e-01 -1.6831e-01  4.5290e+01  9.3923e-01  7.4282e-01 -4.5290e+01 -9.3923e-01 -7.4282e-01
-8.0000e-01     1.8182e+01  2.9038e-01  2.2603e-01 -1.8182e+01 -2.9038e-01 -2.2603e-01  4.5427e+01  9.4159e-01  7.4446e-01 -4.5427e+01 -9.4160e-01 -7.4446e-01
-7.9167e-01     1.4490e+01  2.3364e-01  1.7035e-01 -1.4490e+01 -2.3364e-01 -1.7035e-01  4.5563e+01  9.4377e-01  7.4611e-01 -4.5563e+01 -9.4378e-01 -7.4611e-01
-7.8333e-01     1.7770e+01  2.7459e-01  2.0232e-01 -1.7770e+01 -2.7459e-01 -2.0232e-01  4.5697e+01  9.4589e-01  7.4766e-01 -4.5697e+01 -9.4589e-01 -7.4766e-01
-7.7500e-01     2.7073e+01  4.0137e-01  3.0679e-01 -2.7073e+01 -4.0137e-01 -3.0679e-01  4.5883e+01  9.4870e-01  7.4978e-01 -4.5884e+01 -9.4870e-01 -7.4978e-01
-7.6667e-01     1.7609e+01  2.9211e-01  2.0085e-01 -1.7609e+01 -2.9211e-01 -2.0085e-01  4.6069e+01  9.5158e-01  7.5189e-01 -4.6069e+01 -9.5159e-01 -7.5189e-01
-7.5833e-01     1.9230e+01  3.6881e-01  2.2344e-01 -1.9230e+01 -3.6881e-01 -2.2344e-01  4.6223e+01  9.5433e-01  7.5365e-01 -4.6223e+01 -9.5434e-01 -7.5365e-01
-7.5000e-01     2.0275e+01  4.2229e-01  2.4604e-01 -2.0275e+01 -4.2229e-01 -2.4604e-01  4.6387e+01  9.5763e-01  7.5560e-01 -4.6387e+01 -9.5763e-01 -7.5560e-01
-7.4167e-01     1.5921e+01  3.2391e-01  1.9087e-01 -1.5921e+01 -3.2391e-01 -1.9087e-01  4.6538e+01  9.6073e-01  7.5742e-01 -4.6538e+01 -9.6073e-01 -7.5742e-01
-7.3333e-01     1.9804e+01  4.3987e-01  2.1034e-01 -1.9804e+01 -4.3987e-01 -2.1034e-01  4.6686e+01  9.6391e-01  7.5909e-01 -4.6686e+01 -9.6391e-01 -7.5909e-01
-7.2500e-01     2.0499e+01  4.9367e-01  1.9227e-01 -2.0499e+01 -4.9367e-01 -1.9227e-01  4.6854e+01  9.6779e-01  7.6077e-01 -4.6854e+01 -9.6779e-01 -7.6077e-01
-7.1667e-01     1.9973e+01  4.9981e-01  1.8310e-01 -1.9973e+01 -4.9981e-01 -1.8310e-01  4.7022e+01  9.7192e-01  7.6233e-01 -4.7022e+01 -9.7192e-01 -7.6233e-01
-7.0833e-01     1.7026e+01  4.0871e-01  1.8640e-01 -1.7026e+01 -4.0871e-01 -1.8640e-01  4.7176e+01  9.7570e-01  7.6386e-01 -4.7176e+01 -9.7570e-01 -7.6386e-01
-7.0000e-01     1.5397e+01  3.8668e-01  1.9661e-01 -1.5397e+01 -3.8668e-01 -1.9661e-01  4.7311e+01  9.7901e-01  7.6546e-01 -4.7311e+01 -9.7901e-01 -7.6546e-01
-6.9167e-01     1.5352e+01  4.0940e-01  2.2805e-01 -1.5352e+01 -4.0940e-01 -2.2805e-01  4.7439e+01  9.8232e-01  7.6722e-01 -4.7439e+01 -9.8232e-01 -7.6722e-01
-6.8333e-01     1.5544e+01  4.3268e-01  2.4265e-01 -1.5544e+01 -4.3268e-01 -2.4265e-01  4.7567e+01  9.8582e-01  7.6918e-01 -4.7567e+01 -9.8583e-01 -7.6918e-01
-6.7500e-01     1.5261e+01  4.2093e-01  2.3579e-01 -1.5261e+01 -4.2093e-01 -2.3579e-01  4.7695e+01  9.8937e-01  7.7117e-01 -4.7695e+01 -9.8938e-01 -7.7117e-01
-6.6667e-01     1.7046e+01  4.2797e-01  2.6636e-01 -1.7046e+01 -4.2797e-01 -2.6636e-01  4.7830e+01  9.9291e-01  7.7326e-01 -4.7830e+01 -9.9291e-01 -7.7326e-01
-6.5833e-01     2.5492e+01  6.6664e-01  3.5839e-01 -2.5492e+01 -6.6664e-01 -3.5839e-01  4.8007e+01  9.9746e-01  7.7586e-01 -4.8007e+01 -9.9746e-01 -7.7586e-01
-6.5000e-01     2.1946e+01  5.0648e-01  2.9039e-01 -2.1946e+01 -5.0648e-01 -2.9039e-01  4.8204e+01  1.0023e+00  7.7856e-01 -4.8204e+01 -1.0023e+00 -7.7856e-01
-6.4167e-01     1.9776e+01  4.1213e-01  3.0905e-01 -1.9776e+01 -4.1213e-01 -3.0905e-01  4.8378e+01  1.0062e+00  7.8105e-01 -4.8378e+01 -1.0062e+00 -7.8105e-01
-6.3333e-01     1.6477e+01  3.5939e-01  2.5610e-01 -1.6477e+01 -3.5939e-01 -2.5610e-01  4.8528e+01  1.0094e+00  7.8340e-01 -4.8529e+01 -1.0094e+00 -7.8340e-01
-6.2500e-01     2.0177e+01  3.8485e-01  3.1275e-01 -2.0177e+01 -3.8485e-01 -3.1275e-01  4.8681e+01  1.0125e+00  7.8577e-01 -4.8681e+01 -1.0125e+00 -7.8577e-01
-6.1667e-01     1.5674e+01  3.1533e-01  2.1336e-01 -1.5674e+01 -3.1533e-01 -2.1336e-01  4.8830e+01  1.0154e+00  7.8796e-01 -4.8830e+01 -1.0154e+00 -7.8796e-01
-6.0833e-01     1.5786e+01  3.4233e-01  1.9125e-01 -1.5786e+01 -3.4233e-01 -1.9125e-01  4.8961e+01  1.0181e+00  7.8964e-01 -4.8961e+01 -1.0181e+00 -7.8964e-01
-6.0000e-01     1.5830e+01  3.4449e-01  1.9606e-01 -1.5830e+01 -3.4449e-01 -1.9606e-01  4.9092e+01  1.0210e+00  7.9125e-01 -4.9092e+01 -1.0210e+00 -7.9125e-01
-5.9167e-01     1.6402e+01  3.5160e-01  2.0807e-01 -1.6402e+01 -3.5160e-01 -2.0807e-01  4.9227e+01  1.0239e+00  7.9293e-01 -4.9227e+01 -1.0239e+00 -7.9293e-01
-5.8333e-01     1.7308e+01  3.6089e-01  2.2454e-01 -1.7308e+01 -3.6089e-01 -2.2454e-01  4.9367e+01  1.0268e+00  7.9473e-01 -4.9367e+01 -1.0268e+00 -7.9473e-01
-5.7500e-01     1.7449e+01  3.5098e-01  2.1511e-01 -1.7449e+01 -3.5098e-01 -2.1511e-01  4.9511e+01  1.0298e+00  7.9656e-01 -4.9511e+01 -1.0298e+00 -7.9656e-01
-5.6667e-01     1.4874e+01  3.0790e-01  1.6740e-01 -1.4874e+01 -3.0790e-01 -1.6740e-01  4.9646e+01  1.0325e+00  7.9815e-01 -4.9646e+01 -1.0325e+00 -7.9815e-01
-5.5833e-01     1.4505e+01  3.0532e-01  1.5549e-01 -1.4505e+01 -3.0532e-01 -1.5549e-01  4.9768e+01  1.0351e+00  7.9950e-01 -4.9768e+01 -1.0351e+00 -7.9950e-01
-5.5000e-01     1.4824e+01  3.0354e-01  1.5803e-01 -1.4824e+01 -3.0354e-01 -1.5803e-01  4.9890e+01  1.0376e+00  8.0080e-01 -4.9890e+01 -1.0376e+00 -8.0080e-01
-5.4167e-01     1.5303e+01  3.0016e-01  1.6341e-01 -1.5303e+01 -3.0016e-01 -1.6341e-01  5.0015e+01  1.0401e+00  8.0214e-01 -5.0015e+01 -1.0401e+00 -8.0214e-01
-5.3333e-01     1.7264e+01  3.1965e-01  1.8596e-01 -1.7264e+01 -3.1965e-01 -1.8596e-01  5.0151e+01  1.0427e+00  8.0359e-01 -5.0151e+01 -1.0427e+00 -8.0359e-01
-5.2500e-01     1.9064e+01  3.4016e-01  2.0589e-01 -1.9064e+01 -3.4016e-01 -2.0589e-01  5.0302e+01  1.0454e+00  8.0522e-01 -5.0302e+01 -1.0455e+00 -8.0522e-01
-5.1667e-01     1.9548e+01  3.4996e-01  2.0809e-01 -1.9548e+01 -3.4996e-01 -2.0809e-01  5.0463e+01  1.0483e+00  8.0694e-01 -5.0463e+01 -1.0483e+00 -8.0694e-01
-5.0833e-01     1.6747e+01  2.9973e-01  1.7229e-01 -1.6747e+01 -2.9973e-01 -1.7229e-01  5.0614e+01  1.0510e+00  8.0852e-01 -5.0614e+01 -1.0510e+00 -8.0852e-01
-5.0000e-01     1.8872e+01  3.4897e-01  2.2483e-01 -1.8872e+01 -3.4897e-01 -2.2483e-01  5.0762e+01  1.0537e+00  8.1018e-01 -5.0762e+01 -1.0537e+00 -8.1018e-01
-4.9167e-01     2.0666e+01  3.8713e-01  2.6381e-01 -2.0666e+01 -3.8713e-01 -2.6381e-01  5.0926e+01  1.0568e+00  8.1221e-01 -5.0926e+01 -1.0568e+00 -8.1221e-01
-4.8333e-01     2.2775e+01  4.3326e-01  2.7450e-01 -2.2775e+01 -4.3326e-01 -2.7450e-01  5.1107e+01  1.0602e+00  8.1445e-01 -5.1107e+01 -1.0602e+00 -8.1445e-01
-4.7500e-01     1.8121e+01  3.4337e-01  2.2052e-01 -1.8121e+01 -3.4337e-01 -2.2052e-01  5.1277e+01  1.0634e+00  8.1651e-01 -5.1277e+01 -1.0634e+00 -8.1651e-01
-4.6667e-01     1.5827e+01  3.2294e-01  1.7744e-01 -1.5827e+01 -3.2294e-01 -1.7744e-01  5.1418e+01  1.0662e+00  8.1816e-01 -5.1418e+01 -1.0662e+00 -8.1816e-01
-4.5833e-01     2.5070e+01  5.3711e-01  3.0103e-01 -2.5070e+01 -5.3711e-01 -3.0103e-01  5.1588e+01  1.0698e+00  8.2015e-01 -5.1588e+01 -1.0698e+00 -8.2015e-01
-4.5000e-01     1.7951e+01  3.6927e-01  2.1902e-01 -1.7951e+01 -3.6927e-01 -2.1902e-01  5.1767e+01  1.0735e+00  8.2232e-01 -5.1767e+01 -1.0735e+00 -8.2232e-01
-4.4167e-01     1.8268e+01  3.8072e-01  2.3413e-01 -1.8268e+01 -3.8072e-01 -2.3413e-01  5.1918e+01  1.0767e+00  8.2420e-01 -5.1918e+01 -1.0767e+00 -8.2420e-01
-4.3333e-01     2.0671e+01  4.3997e-01  2.7189e-01 -2.0671e+01 -4.3997e-01 -2.7189e-01  5.2080e+01  1.0801e+00  8.2631e-01 -5.2080e+01 -1.0801e+00 -8.2631e-01
-4.2500e-01     2.5565e+01  4.9207e-01  3.3917e-01 -2.5565e+01 -4.9207e-01 -3.3917e-01  5.2272e+01  1.0840e+00  8.2885e-01 -5.2272e+01 -1.0840e+00 -8.2885e-01
-4.1667e-01     2.4606e+01  4.5955e-01  3.2189e-01 -2.4606e+01 -4.5955e-01 -3.2189e-01  5.2481e+01  1.0879e+00  8.3160e-01 -5.2481e+01 -1.0879e+00 -8.3160e-01
-4.0833e-01     1.7914e+01  3.4275e-01  2.2897e-01 -1.7914e+01 -3.4275e-01 -2.2897e-01  5.2658e+01  1.0913e+00  8.3389e-01 -5.2658e+01 -1.0913e+00 -8.3389e-01
-4.0000e-01     1.7298e+01  3.1381e-01  1.9346e-01 -1.7298e+01 -3.1381e-01 -1.9346e-01  5.2804e+01  1.0940e+00  8.3565e-01 -5.2804e+01 -1.0940e+00 -8.3565e-01
-3.9167e-01     1.7869e+01  3.3309e-01  1.8411e-01 -1.7869e+01 -3.3309e-01 -1.8411e-01  5.2951e+01  1.0967e+00  8.3722e-01 -5.2951e+01 -1.0967e+00 -8.3722e-01
-3.8333e-01     1.5256e+01  3.0554e-01  1.5487e-01 -1.5256e+01 -3.0554e-01 -1.5487e-01  5.3088e+01  1.0993e+00  8.3863e-01 -5.3088e+01 -1.0993e+00 -8.3863e-01
-3.7500e-01     1.4796e+01  2.9874e-01  1.4565e-01 -1.4796e+01 -2.9874e-01 -1.4565e-01  5.3213e+01  1.1018e+00  8.3988e-01 -5.3213e+01 -1.1018e+00 -8.3988e-01
-3.6667e-01     1.4848e+01  2.9432e-01  1.5110e-01 -1.4848e+01 -2.9432e-01 -1.5110e-01  5.3337e+01  1.1043e+00  8.4111e-01 -5.3337e+01 -1.1043e+00 -8.4111e-01
-3.5833e-01     1.7102e+01  3.1414e-01  2.0738e-01 -1.7102e+01 -3.1414e-01 -2.0738e-01  5.3470e+01  1.1068e+00  8.4260e-01 -5.3470e+01 -1.1068e+00 -8.4260e-01
-3.5000e-01     1.9146e+01  3.5898e-01  2.4630e-01 -1.9146e+01 -3.5898e-01 -2.4630e-01  5.3620e+01  1.1096e+00  8.4449e-01 -5.3620e+01 -1.1096e+00 -8.4449e-01
-3.4167e-01     1.9376e+01  3.7617e-01  2.5961e-01 -1.9376e+01 -3.7617e-01 -2.5961e-01  5.3781e+01  1.1127e+00  8.4659e-01 -5.3781e+01 -1.1127e+00 -8.4659e-01
-3.3333e-01     1.8409e+01  3.5782e-01  2.5189e-01 -1.8409e+01 -3.5782e-01 -2.5189e-01  5.3938e+01  1.1158e+00  8.4872e-01 -5.3938e+01 -1.1158e+00 -8.4872e-01
-3.2500e-01     1.6617e+01  3.2439e-01  2.2862e-01 -1.6617e+01 -3.2439e-01 -2.2862e-01  5.4083e+01  1.1186e+00  8.5072e-01 -5.4083e+01 -1.1186e+00 -8.5072e-01
-3.1667e-01     1.6073e+01  3.1119e-01  2.3012e-01 -1.6073e+01 -3.1119e-01 -2.3012e-01  5.4219e+01  1.1212e+00  8.5263e-01 -5.4219e+01 -1.1212e+00 -8.5263e-01
-3.0833e-01     1.4046e+01  2.6882e-01  2.0734e-01 -1.4046e+01 -2.6882e-01 -2.0734e-01  5.4345e+01  1.1236e+00  8.5445e-01 -5.4345e+01 -1.1236e+00 -8.5445e-01
-3.0000e-01     1.5354e+01  2.8134e-01  2.3824e-01 -1.5354e+01 -2.8134e-01 -2.3824e-01  5.4467e+01  1.1259e+00  8.5630e-01 -5.4467e+01 -1.1259e+00 -8.5630e-01
-2.9167e-01     1.7643e+01  3.3520e-01  3.1789e-01 -1.7643e+01 -3.3520e-01 -3.1789e-01  5.4604e+01  1.1285e+00  8.5862e-01 -5.4604e+01 -1.1285e+00 -8.5862e-01
-2.8333e-01     2.5233e+01  4.7965e-01  4.9792e-01 -2.5233e+01 -4.7965e-01 -4.9792e-01  5.4783e+01  1.1319e+00  8.6201e-01 -5.4783e+01 -1.1319e+00 -8.6201e-01
-2.7500e-01     3.1770e+01  6.3996e-01  6.2448e-01 -3.1770e+01 -6.3996e-01 -6.2448e-01  5.5020e+01  1.1365e+00  8.6668e-01 -5.5020e+01 -1.1365e+00 -8.6668e-01
-2.6667e-01     2.2248e+01  4.3291e-01  4.0495e-01 -2.2248e+01 -4.3291e-01 -4.0495e-01  5.5244e+01  1.1410e+00  8.7096e-01 -5.5244e+01 -1.1410e+00 -8.7096e-01
-2.5833e-01     1.8908e+01  3.6337e-01  3.3071e-01 -1.8908e+01 -3.6337e-01 -3.3071e-01  5.5416e+01  1.1443e+00  8.7402e-01 -5.5416e+01 -1.1443e+00 -8.7402e-01
-2.5000e-01     2.2399e+01  3.9142e-01  3.5673e-01 -2.2399e+01 -3.9142e-01 -3.5673e-01  5.5587e+01  1.1475e+00  8.7688e-01 -5.5587e+01 -1.1475e+00 -8.7688e-01
-2.4167e-01     2.3754e+01  3.9557e-01  3.6551e-01 -2.3754e+01 -3.9557e-01 -3.6551e-01  5.5779e+01  1.1507e+00  8.7988e-01 -5.5779e+01 -1.1507e+00 -8.7988e-01
-2.3333e-01     2.2158e+01  3.7872e-01  3.2908e-01 -2.2158e+01 -3.7872e-01 -3.2908e-01  5.5970e+01  1.1540e+00  8.8277e-01 -5.5970e+01 -1.1540e+00 -8.8277e-01
-2.2500e-01     1.8370e+01  3.2474e-01  2.7926e-01 -1.8370e+01 -3.2474e-01 -2.7926e-01  5.6139e+01  1.1569e+00  8.8530e-01 -5.6139e+01 -1.1569e+00 -8.8530e-01
-2.1667e-01     1.6714e+01  2.8649e-01  2.5449e-01 -1.6714e+01 -2.8649e-01 -2.5449e-01  5.6285e+01  1.1594e+00  8.8752e-01 -5.6285e+01 -1.1594e+00 -8.8752e-01
-2.0833e-01     1.8567e+01  2.9654e-01  2.7562e-01 -1.8567e+01 -2.9654e-01 -2.7562e-01  5.6432e+01  1.1619e+00  8.8973e-01 -5.6432e+01 -1.1619e+00 -8.8973e-01
-2.0000e-01     2.0095e+01  3.0135e-01  2.8754e-01 -2.0095e+01 -3.0135e-01 -2.8754e-01  5.6593e+01  1.1643e+00  8.9207e-01 -5.6593e+01 -1.1643e+00 -8.9207e-01
-1.9167e-01     2.2030e+01  3.1928e-01  3.0827e-01 -2.2030e+01 -3.1928e-01 -3.0827e-01  5.6768e+01  1.1669e+00  8.9455e-01 -5.6768e+01 -1.1669e+00 -8.9455e-01
-1.8333e-01     2.3026e+01  3.3829e-01  3.2413e-01 -2.3026e+01 -3.3829e-01 -3.2413e-01  5.6955e+01  1.1697e+00  8.9718e-01 -5.6955e+01 -1.1697e+00 -8.9718e-01
-1.7500e-01     2.1208e+01  3.2574e-01  2.9918e-01 -2.1208e+01 -3.2574e-01 -2.9918e-01  5.7139e+01  1.1724e+00  8.9977e-01 -5.7139e+01 -1.1724e+00 -8.9977e-01
-1.6667e-01     2.1876e+01  3.5682e-01  2.9990e-01 -2.1876e+01 -3.5682e-01 -2.9990e-01  5.7318e+01  1.1753e+00  9.0227e-01 -5.7318e+01 -1.1753e+00 -9.0227e-01
-1.5833e-01     2.1561e+01  3.3827e-01  2.8219e-01 -2.1561e+01 -3.3827e-01 -2.8219e-01  5.7499e+01  1.1781e+00  9.0469e-01 -5.7499e+01 -1.1781e+00 -9.0469e-01
-1.5000e-01     2.1846e+01  3.3143e-01  2.8196e-01 -2.1846e+01 -3.3143e-01 -2.8196e-01  5.7680e+01  1.1809e+00  9.0703e-01 -5.7680e+01 -1.1809e+00 -9.0703e-01
-1.4167e-01     2.1652e+01  3.3887e-01  2.7576e-01 -2.1652e+01 -3.3887e-01 -2.7576e-01  5.7861e+01  1.1837e+00  9.0935e-01 -5.7861e+01 -1.1837e+00 -9.0935e-01
-1.3333e-01     2.6489e+01  4.7791e-01  3.5328e-01 -2.6489e+01 -4.7791e-01 -3.5328e-01  5.8061e+01  1.1871e+00  9.1197e-01 -5.8061e+01 -1.1871e+00 -9.1197e-01
-1.2500e-01     2.6180e+01  4.8142e-01  3.3641e-01 -2.6180e+01 -4.8142e-01 -3.3641e-01  5.8280e+01  1.1911e+00  9.1484e-01 -5.8280e+01 -1.1911e+00 -9.1484e-01
-1.1667e-01     2.5955e+01  4.8953e-01  3.2179e-01 -2.5955e+01 -4.8953e-01 -3.2179e-01  5.8497e+01  1.1951e+00  9.1758e-01 -5.8497e+01 -1.1952e+00 -9.1758e-01
-1.0833e-01     2.6677e+01  5.1769e-01  3.1599e-01 -2.6677e+01 -5.1769e-01 -3.1599e-01  5.8716e+01  1.1993e+00  9.2023e-01 -5.8716e+01 -1.1993e+00 -9.2023e-01
-1.0000e-01     2.3554e+01  4.5705e-01  2.9801e-01 -2.3554e+01 -4.5705e-01 -2.9801e-01  5.8925e+01  1.2034e+00  9.2278e-01 -5.8925e+01 -1.2034e+00 -9.2279e-01
-9.1667e-02     2.2562e+01  4.4743e-01  2.9489e-01 -2.2562e+01 -4.4743e-01 -2.9489e-01  5.9117e+01  1.2072e+00  9.2525e-01 -5.9117e+01 -1.2072e+00 -9.2525e-01
-8.3333e-02     2.1495e+01  4.3352e-01  2.8469e-01 -2.1495e+01 -4.3352e-01 -2.8469e-01  5.9300e+01  1.2108e+00  9.2766e-01 -5.9300e+01 -1.2108e+00 -9.2766e-01
-7.5000e-02     2.0204e+01  4.0516e-01  2.7956e-01 -2.0204e+01 -4.0516e-01 -2.7956e-01  5.9473e+01  1.2143e+00  9.3001e-01 -5.9473e+01 -1.2143e+00 -9.3001e-01
-6.6667e-02     2.0196e+01  3.8890e-01  2.9347e-01 -2.0196e+01 -3.8890e-01 -2.9347e-01  5.9641e+01  1.2176e+00  9.3239e-01 -5.9641e+01 -1.2176e+00 -9.3239e-01
-5.8333e-02     2.0405e+01  3.9196e-01  2.8544e-01 -2.0405e+01 -3.9196e-01 -2.8544e-01  5.9810e+01  1.2209e+00  9.3480e-01 -5.9810e+01 -1.2209e+00 -9.3480e-01
-5.0000e-02     2.3058e+01  4.5538e-01  3.1777e-01 -2.3058e+01 -4.5538e-01 -3.1776e-01  5.9991e+01  1.2244e+00  9.3731e-01 -5.9991e+01 -1.2244e+00 -9.3731e-01
-4.1667e-02     2.2190e+01  4.2004e-01  3.0307e-01 -2.2190e+01 -4.2004e-01 -3.0307e-01  6.0179e+01  1.2280e+00  9.3989e-01 -6.0179e+01 -1.2280e+00 -9.3989e-01
-3.3333e-02     1.4745e+01  2.6681e-01  2.0086e-01 -1.4745e+01 -2.6681e-01 -2.0086e-01  6.0333e+01  1.2309e+00  9.4199e-01 -6.0333e+01 -1.2309e+00 -9.4199e-01
-2.5000e-02     1.5105e+01  2.8411e-01  2.0370e-01 -1.5105e+01 -2.8411e-01 -2.0370e-01  6.0457e+01  1.2332e+00  9.4367e-01 -6.0457e+01 -1.2332e+00 -9.4367e-01
-1.6667e-02     1.7798e+01  3.5879e-01  2.4367e-01 -1.7798e+01 -3.5879e-01 -2.4367e-01  6.0594e+01  1.2359e+00  9.4553e-01 -6.0594e+01 -1.2359e+00 -9.4553e-01
-8.3333e-03     1.9360e+01  4.3907e-01  2.5975e-01 -1.9360e+01 -4.3907e-01 -2.5975e-01  6.0748e+01  1.2392e+00  9.4763e-01 -6.0748e+01 -1.2392e+00 -9.4763e-01
