Created with astools
CRYSTAL
0 0 0
1
10.7964 10.4292 21.0949 90.00000 90.00000 90.00000
148
  8     0.269757000     0.352941000     0.652528000
  8     0.156593000     0.588513000     0.660898000
  8     0.515591000     0.319974000     0.623607000
  8     0.816422000     0.445033000     0.570547000
  8     0.163822000     0.044384000     0.625714000
  8     0.547988000     0.504569000     0.540801000
  8     0.862269000     0.640228000     0.647860000
  8     0.345009000     0.354489000     0.534308000
  8     0.672573000     0.108577000     0.481429000
  8     0.899285000     0.061628000     0.653669000
  8     1.002722000     0.049358000     0.545865000
  8     0.574146000     0.688901000     0.653839000
  8     0.001987000     0.406857000     0.653607000
  8     0.260819000     0.818684000     0.614769000
  8     0.136557000     0.639372000     0.541031000
  8     0.018685000     0.817366000     0.596404000
  8     0.695660000     0.757971000     0.545499000
  8     0.480321000     0.871796000     0.561908000
  8     0.369770000     0.126341000     0.594420000
  8     0.265639000     0.846442000     0.769176000
  8     0.173668000     0.250509000     0.861431000
  8     0.922318000     0.327914000     0.960416000
  8     0.356898000     0.057305000     0.817180000
  8     0.676967000     0.155568000     0.703158000
  8     0.204911000     0.668403000     0.874248000
  8     0.837407000     0.076996000     0.783824000
  8     0.393737000     0.403282000     0.852385000
  8     0.260751000     0.515627000     0.765498000
  8     0.052092000     0.903953000     0.699120000
  8     1.008087000     0.853001000     0.928422000
  8     0.865588000     0.500673000     0.742741000
  8     0.460419000     0.614829000     0.791537000
  8     0.766439000     0.887956000     0.704473000
  8     0.521730000    -0.014719000     0.956973000
  8     0.597879000     0.738713000    -0.007777000
  8     0.511358000     0.856088000     0.767163000
  8     0.574295000     0.795908000     0.874194000
  8     0.946507000     0.098828000     0.900945000
  8     0.553229000     0.367107000     0.948979000
  8     0.717300000     0.183815000     0.889411000
  8     0.070485000     0.959915000     0.817976000
  8     0.193945000     0.034725000     0.916381000
  8     0.379254000     0.543350000     0.947378000
  8     0.065023000     0.484604000     0.836748000
  8     0.123086000     0.325016000     0.745102000
  8     0.933252000     0.288365000     0.829631000
  8     0.379160000     0.992822000     0.690019000
  8     0.496284000     0.373265000     0.740237000
  8     0.707099000     0.349581000     0.784293000
  8     0.687828000     0.635230000     0.796778000
  8     0.791060000     0.483683000     0.877210000
  8     0.075938000     0.709269000     0.777358000
  8     0.711475000     0.398118000     0.660907000
  8     0.952666000     0.574737000     0.954680000
  8     0.364028000     0.799908000     0.954118000
  8     0.383761000     0.209075000     0.918117000
 14    -0.000792000     0.023977000     0.045367000
 14     0.279843000     0.314825000     0.023433000
 14     0.140023000     0.426761000     0.086005000
 14     0.402285000     0.192005000     0.091541000
 14     0.031186000     0.312927000     0.162353000
 14     0.281168000     0.066839000     0.160518000
 14     0.154248000     0.187308000     0.228311000
 14     0.398481000     0.436464000     0.224444000
 14     0.086636000     0.583465000     1.007694000
 14     0.340200000     0.848162000     0.043128000
 14     0.167774000     0.930628000     0.094722000
 14     0.409656000     0.668709000     0.097001000
 14     0.028575000     0.809779000     0.156247000
 14     0.267384000     0.550673000     0.155595000
 14     0.156919000     0.690200000     0.222752000
 14     0.404215000     0.940942000     0.226457000
 14     0.496153000     0.020009000     0.036280000
 14     0.763126000     0.299433000     0.036808000
 14     0.665030000     0.448075000     0.099467000
 14     0.900869000     0.180687000     0.104488000
 14     0.529347000     0.319710000     0.157710000
 14     0.768216000     0.058328000     0.166063000
 14     0.653857000     0.199868000     0.226983000
 14     0.910028000     0.444995000     0.225123000
 14     0.569193000     0.599449000     0.030337000
 14     0.897372000     0.739266000     0.926129000
 14     0.655423000     0.929186000     0.097689000
 14     0.907393000     0.705401000     0.080815000
 14     0.526963000     0.808424000     0.161935000
 14     0.796594000     0.580524000     0.156901000
 14     0.660266000     0.690671000     0.223476000
 14     0.912087000     0.941044000     0.225954000
 14     0.027116000     0.070189000     0.296432000
 14     0.278110000     0.312457000     0.294350000
 14     0.035941000     0.568568000     0.290978000
 14     0.274124000     0.820220000     0.291333000
 14     0.528076000     0.073050000     0.289783000
 14     0.784327000     0.321788000     0.291374000
 14     0.529446000     0.568483000     0.284623000
 14     0.783230000     0.814623000     0.289660000
 14     0.154097000     0.440531000     0.360834000
 14     0.405230000     0.189139000     0.360719000
 14     0.030769000     0.320074000     0.433529000
 14     0.283909000     0.071920000     0.432967000
 14     0.167072000     0.207557000     0.502953000
 14     0.430673000     0.454874000     0.490057000
 14     0.159675000     0.949221000     0.361961000
 14     0.409006000     0.694261000     0.350936000
 14     0.020588000     0.830554000     0.422585000
 14     0.291193000     0.571532000     0.420242000
 14     0.179159000     0.720655000     0.474757000
 14     0.377519000     0.893404000     0.494031000
 14     0.656122000     0.453330000     0.351051000
 14     0.902017000     0.201255000     0.363780000
 14     0.531142000     0.332729000     0.415079000
 14     0.775098000     0.060625000     0.425327000
 14     0.674845000     0.267402000     0.489598000
 14     0.854221000     0.402710000     0.492475000
 14     0.658117000     0.947094000     0.351993000
 14     0.909540000     0.692300000     0.356189000
 14     0.520480000     0.831323000     0.416224000
 14     0.786701000     0.562399000     0.421050000
 14     0.689461000     0.736353000     0.464215000
 14     0.914594000     0.969344000     0.494205000
 14     0.369575000     0.283498000     0.603798000
 14     0.023823000     0.983353000     0.624356000
 14     0.148497000     0.710127000     0.610077000
 14     0.636240000     0.389029000     0.581385000
 14     0.867135000     0.481597000     0.659682000
 14     0.303015000     0.986630000     0.622947000
 14     0.574098000     0.762684000     0.591171000
 14     0.901113000     0.764645000     0.532853000
 14     0.282383000     0.137912000     0.874777000
 14     0.825228000     0.466096000     0.953465000
 14     0.383599000     0.942394000     0.762381000
 14     0.793847000     0.043511000     0.709710000
 14     0.155568000     0.596050000     0.810264000
 14     0.852878000     0.744907000     0.714048000
 14     0.562392000     0.726078000     0.804203000
 14     0.339871000     0.668384000     0.906583000
 14     0.840152000     0.170530000     0.845013000
 14     0.978527000     0.186135000     0.976135000
 14     0.401355000     0.377884000     0.931269000
 14     0.075997000     0.332466000     0.817744000
 14     0.115978000     0.859432000     0.763227000
 14     0.627134000     0.224035000     0.955789000
 14     0.634766000     0.308226000     0.718270000
 14     0.059233000     0.981366000     0.892957000
 14     0.146006000     0.424933000     0.682562000
 14     0.522667000     0.832711000     0.942994000
 14     0.409668000     0.468594000     0.784393000
 14     0.765770000     0.494627000     0.801052000
ENDGEOM
14 6
0 0 8 2. 1.0
	87645.8     0.000237
	12851.8     0.00192
	 2786.28    0.0109
	  728.043   0.0496
	  219.516   0.1668
	   75.9006  0.363
	   29.4602  0.4051
	   11.9891  0.1504
0 1 6 8. 1.0
	165.958 -0.00884 0.00909
	 39.3727 -0.0859 0.0601
	 12.7112 -0.0712 0.1952
	  4.7177 0.4147 0.3384
	  1.8482 0.6168 0.3006
	  0.7365 0.1154 0.0648
0 1 3 4 1.
	4.1752 -0.0199 -0.0087
	1.4472 -0.1864 -0.00438
	0.5023 0.0967 0.2207
0 1 1 0. 1.
	0.322 1. 1.
0 1 1 0. 1.
	0.13 1. 1.
0 3 1 0. 1.
	0.6 1.
8  4                          |      ===== Modified OXYGEN BASIS  =====
0 0 8 2.0 1.0
 8020.0    0.00108
 1338.0    0.00804
  255.4    0.05324
   69.22   0.1681
   23.90   0.3581
    9.264  0.3855
    3.851  0.1468
    1.212  0.0728
0 1 4 6.0 1.0
   49.43  -0.00883 0.00958
   10.47  -0.0915  0.0696
    3.235 -0.0402  0.2065
    1.217  0.379   0.347
0  1  1  0. 1.                |               3sp:  1 Gaussian
.4763    1.       1.
0  1  1  0. 1.                |               3sp:  1 Gaussian
.190     1.       1.
99 0
END
SHRINK
2 2
DFT 
EXCHANGE
BECKE 
CORRELAT
LYP
HYBRID
5
NONLOCAL
0.9 0.81
XLGRID
SPIN
END
TOLINTEG
8 8 8 8 16
SCFDIR
SMEAR
0.0
MAXCYCLE                      |             maximum No.
250                            |             of cycles
FMIXING                       |
95
BROYDEN
0.0001 90 40
TOLDEE
7
END
