Created with astools
CRYSTAL
0 0 0
1
11.073836 10.639744 21.608455 90.00000 90.00000 90.00000
156
8          0.021672   0.131675   0.094332 
8          0.069931   0.606215   0.069200 
8          0.562745   0.112513   0.051373 
8          0.620777   0.605995   0.039516 
8          0.837378   0.276435   0.047102 
8          0.493062   0.821774   0.084965 
8          0.549027   0.411922   0.969116 
8          0.330790   0.511095   0.004477 
8          0.176424   0.456812   0.550926 
8          0.190722   0.966099   0.554239 
8          0.644099   0.417627   0.572850 
8          0.721891   0.993944   0.578751 
8          0.811969   0.483748   0.636154 
8          0.533621   0.585339   0.614719 
8          0.337422   0.267182   0.577720 
8          0.857102   0.260707   0.585526 
8          0.012269   0.094823   0.599378 
8          0.235214   0.678794   0.602234 
8          1.008451   0.621475   0.585880 
8          0.060373   0.807859   0.662391 
8          0.835942   0.789527   0.605458 
8          0.373771   0.933638   0.625537 
8          0.355771   0.132895   0.682245 
8          0.238180   0.810582   0.843937 
8          0.240145   0.356748   0.678876 
8          0.127507   0.191852   0.922788 
8          0.165465   0.591310   0.709769 
8          0.473852   0.353076   0.662649 
8          0.305087   0.029903   0.881246 
8          0.689596   0.170278   0.671036 
8          0.154878   0.582932   0.930692 
8          0.778919   0.017401   0.832080 
8          0.355082   0.372800   0.906297 
8          0.234886   0.489516   0.823406 
8          0.045041   0.843027   0.780236 
8          0.924912   0.788454   0.020176 
8          0.158114   0.015686   0.700610 
8          0.848119   0.519510   0.782610 
8          0.437891   0.597037   0.848190 
8          0.820341   0.782720   0.801249 
8          0.344671  -0.010999   0.027653 
8          0.466063   0.833708   0.856213 
8          0.485824   0.806630   0.968879 
8          0.876046  -0.004175   0.949041 
8          0.680591   0.132203   0.931043 
8          0.910341   0.655922   0.703582 
8          0.036384   0.842063   0.910549 
8          0.087460   0.970924   0.013881 
8          1.034629   0.385939   0.860908 
8          0.052026   0.127250   0.808606 
8          0.887422   0.215442   0.888737 
8          0.895904   0.963810   0.718537 
8          0.370093  -0.019875   0.767626 
8          0.453482   0.378923   0.793944 
8          0.621789   0.786756   0.710780 
8          1.005026   0.417471   0.696477 
8          0.690312   0.338349   0.819076 
8          0.279777   0.814706   0.707497 
8          0.606560   0.634581   0.918964 
8          0.774973   0.475999   0.978742 
8          0.032124   0.644349   0.832642 
8          0.640108   0.456030   0.716259 
8          0.275081   0.747126   0.018042 
8          0.388314   0.284462   0.032586 
14         0.167873   0.523288   0.110695 
14         0.451882   0.201378   0.089044 
14         0.079284   0.364114   0.163911 
14         0.297747   0.087365   0.141380 
14         0.189322   0.209640   0.216215 
14         0.424924   0.451171   0.220173 
14         0.120300   1.009774   0.087749 
14         0.502081   0.620351   0.082769 
14         0.054119   0.843805   0.155425 
14         0.332623   0.614553   0.162982 
14         0.175304   0.712566   0.220648 
14         0.412646   0.965519   0.216975 
14         0.639474   0.534258   0.972693 
14         0.875237   0.148205   0.083121 
14         0.556149   0.338543   0.155281 
14         0.759938   0.048613   0.158114 
14         0.671826   0.206772   0.219197 
14         0.921680   0.468412   0.214268 
14         0.658423   0.977337   0.061241 
14         0.958623   0.708754   0.085749 
14         0.492670   0.790104   0.166125 
14         0.806383   0.584775   0.141284 
14         0.678541   0.705875   0.208369 
14         0.917247   0.952874   0.217549 
14         0.052718   0.083881   0.275517 
14         0.302429   0.328336   0.286420 
14         0.051284   0.580337   0.281854 
14         0.298294   0.838336   0.284734 
14         0.551022   0.077550   0.283313 
14         0.802934   0.334012   0.279692 
14         0.557089   0.582293   0.276197 
14         0.797780   0.824805   0.281882 
14         0.894514   0.407594   1.012604 
14         0.288982   0.637540   0.962491 
14         0.404258   0.387898   0.977887 
14         0.391180   0.849397   0.021967 
14         0.172214   0.453947   0.347858 
14         0.429754   0.203789   0.348033 
14         0.039728   0.329030   0.410417 
14         0.303895   0.076403   0.410143 
14         0.170811   0.204133   0.467306 
14         0.427983   0.459734   0.468879 
14         0.170024   0.959919   0.345847 
14         0.434743   0.709891   0.341153 
14         0.048341   0.827098   0.408212 
14         0.307989   0.586102   0.403258 
14         0.199840   0.725705   0.465279 
14         0.461368   0.995905   0.474252 
14         0.675279   0.462260   0.343248 
14         0.929265   0.205454   0.340686 
14         0.558087   0.331300   0.407982 
14         0.809444   0.080998   0.407696 
14         0.710130   0.235463   0.467132 
14         0.863291   0.407285   0.465132 
14         0.678139   0.950487   0.348413 
14         0.924001   0.699676   0.345905 
14         0.547464   0.831725   0.413993 
14         0.793680   0.585077   0.412049 
14         0.677246   0.715926   0.482150 
14         0.929903   0.952102   0.474211 
14         0.076987   0.057598   0.533169 
14         0.275682   0.352454   0.522936 
14         0.143946   0.607622   0.550906 
14         0.331429   0.918918   0.552474 
14         0.638433   0.117913   0.606733 
14         0.806227   0.399518   0.569686 
14         0.566035   0.558049   0.537083 
14         0.783495   0.872000   0.544327 
14         0.349833   0.269225   0.652534 
14         0.198431   0.717673   0.672167 
14         0.580562   0.451094   0.646606 
14         0.921637   0.181497   0.645518 
14         0.580236   0.797711   0.642434 
14         0.945742   0.714879   0.635687 
14         0.266340   0.131024   0.936730 
14         0.350066   0.916888   0.835023 
14         0.780957   0.926336   0.769685 
14         0.041299   0.937085   0.719913 
14         0.115676   0.512196   0.866387 
14         0.902800   0.666728   0.779671 
14         0.467737   0.707769   0.904307 
14         0.806816   0.085953   0.898004 
14         0.034501   0.218908   0.864333 
14         0.095689   0.798676   0.846880 
14         0.544850   0.093031   0.957184 
14         0.584876   0.335732   0.763917 
14         0.859695   0.437342   0.707254 
14         0.309216   0.980665   0.696773 
14         0.979944   0.900082   0.975205 
14         0.144964   0.436696   0.719937 
14         0.377542   0.461561   0.843692 
14         0.795454   0.416612   0.855854 
ENDGEOM
14 6
0 0 8 2. 1.0
	87645.8     0.000237
	12851.8     0.00192
	 2786.28    0.0109
	  728.043   0.0496
	  219.516   0.1668
	   75.9006  0.363
	   29.4602  0.4051
	   11.9891  0.1504
0 1 6 8. 1.0
	165.958 -0.00884 0.00909
	 39.3727 -0.0859 0.0601
	 12.7112 -0.0712 0.1952
	  4.7177 0.4147 0.3384
	  1.8482 0.6168 0.3006
	  0.7365 0.1154 0.0648
0 1 3 4 1.
	4.1752 -0.0199 -0.0087
	1.4472 -0.1864 -0.00438
	0.5023 0.0967 0.2207
0 1 1 0. 1.
	0.322 1. 1.
0 1 1 0. 1.
	0.13 1. 1.
0 3 1 0. 1.
	0.6 1.
8  4                          |      ===== Modified OXYGEN BASIS  =====
0 0 8 2.0 1.0
 8020.0    0.00108
 1338.0    0.00804
  255.4    0.05324
   69.22   0.1681
   23.90   0.3581
    9.264  0.3855
    3.851  0.1468
    1.212  0.0728
0 1 4 6.0 1.0
   49.43  -0.00883 0.00958
   10.47  -0.0915  0.0696
    3.235 -0.0402  0.2065
    1.217  0.379   0.347
0  1  1  0. 1.                |               3sp:  1 Gaussian
.4763    1.       1.
0  1  1  0. 1.                |               3sp:  1 Gaussian
.190     1.       1.
99 0
END
SHRINK
2 2
DFT 
EXCHANGE
BECKE 
CORRELAT
LYP
HYBRID
20
NONLOCAL
0.9 0.81
XLGRID
SPIN
END
TOLINTEG
8 8 8 8 16
SCFDIR
SMEAR
0.0
MAXCYCLE                      |             maximum No.
250                            |             of cycles
FMIXING                       |
95
BROYDEN
0.0001 140 40
TOLDEE
7
END
