Created with astools
CRYSTAL
0 0 0
1
10.4861 10.8538 22.5282 90.00000 90.00000 90.00000
156
  8     0.107516000     0.990150000     0.083201000
  8     0.077604000     0.571154000     0.048501000
  8     0.590862000     0.042586000     0.070180000
  8     0.546125000     0.574626000     0.080582000
  8     0.500626000     0.803979000     0.030846000
  8     0.530695000     0.391488000     0.006527000
  8     0.804586000     0.638761000     0.998784000
  8     0.271739000     0.902177000     1.003886000
  8     0.165791000     0.431957000     0.541741000
  8     0.184326000     0.951111000     0.557561000
  8     0.594669000     0.422354000     0.524753000
  8     0.679593000     0.948696000     0.546702000
  8     0.870162000     0.391204000     0.535971000
  8     0.485838000     0.298681000     0.673947000
  8     0.698993000     0.485863000     0.608955000
  8     0.528513000     0.665773000     0.589602000
  8     0.355501000     0.284626000     0.577344000
  8     0.695436000     0.210601000     0.530253000
  8     0.996414000     0.131174000     0.583207000
  8     0.121023000     0.652934000     0.595493000
  8     1.005732000     0.808773000     0.667145000
  8     0.786726000     0.773206000     0.605750000
  8     0.517833000     0.901357000     0.633220000
  8     0.322866000     0.104458000     0.650169000
  8     0.242580000     0.862622000     0.827583000
  8     0.236182000     0.343290000     0.680866000
  8     0.178498000     0.277608000     0.880873000
  8     0.157385000     0.598571000     0.706634000
  8     0.333560000     0.085780000     0.847267000
  8     0.662195000     0.158243000     0.745722000
  8     0.166340000     0.636979000     0.939007000
  8     0.827582000     0.098152000     0.829748000
  8     0.432452000     0.463580000     0.908945000
  8     0.256578000     0.532852000     0.833263000
  8     0.007575000     0.885602000     0.776861000
  8     0.957469000     0.803091000     0.055241000
  8     0.119661000     0.024082000     0.696083000
  8     0.838045000     0.481904000     0.793045000
  8     0.478374000     0.639963000     0.828963000
  8     0.716556000     0.918251000     0.781367000
  8     0.484511000     0.001898000     0.956086000
  8     0.493480000     0.885641000     0.831665000
  8     0.415357000     0.777136000     0.925428000
  8     0.919425000     0.101912000     0.939006000
  8     0.672958000     0.160011000     0.930645000
  8     0.850628000     0.596157000     0.688849000
  8     0.031108000     0.920175000     0.888096000
  8     0.176336000     0.087356000     0.942819000
  8     0.337278000     0.627744000     0.019220000
  8     0.035341000     0.478073000     0.876922000
  8     0.089443000     0.342159000     0.778319000
  8     0.895021000     0.303491000     0.874353000
  8     0.873050000     0.034147000     0.711250000
  8     0.360864000     0.981708000     0.743063000
  8     0.463877000     0.406394000     0.790970000
  8     0.629269000     0.719163000     0.700495000
  8     0.927411000     0.369224000     0.688459000
  8     0.674270000     0.317096000     0.834854000
  8     0.252392000     0.830216000     0.667831000
  8     0.656467000     0.729668000     0.899846000
  8     0.738397000     0.501259000     0.908817000
  8     0.066394000     0.697019000     0.836717000
  8     0.669489000     0.404047000     0.720796000
  8     0.403353000     0.223863000     0.935036000
 14     0.161134000     0.450162000     0.089656000
 14     0.477895000     0.148602000     0.078203000
 14     0.058225000     0.287547000     0.146594000
 14     0.358458000     0.093392000     0.162831000
 14     0.196519000     0.192908000     0.215949000
 14     0.435807000     0.426585000     0.215293000
 14     0.108340000     0.879309000     0.029111000
 14     0.495571000     0.651423000     0.021730000
 14     0.022142000     0.760653000     0.179285000
 14     0.283273000     0.535763000     0.162971000
 14     0.199963000     0.683298000     0.223572000
 14     0.450213000     0.935278000     0.219643000
 14     0.611331000     0.432032000     0.069301000
 14     0.990608000     0.103112000     0.083516000
 14     0.545074000     0.279366000     0.157250000
 14     0.818866000     0.034255000     0.156062000
 14     0.702509000     0.177980000     0.215010000
 14     0.950853000     0.426647000     0.211733000
 14     0.693872000     0.923832000     0.077692000
 14     0.897359000     0.665602000     0.057372000
 14     0.623233000     0.854146000     0.168315000
 14     0.870133000     0.603478000     0.159996000
 14     0.707821000     0.690227000     0.219360000
 14     0.937853000     0.929647000     0.227017000
 14     0.075186000     0.059962000     0.278391000
 14     0.314159000     0.312659000     0.283149000
 14     0.065959000     0.553351000     0.280532000
 14     0.320660000     0.815234000     0.282418000
 14     0.576314000     0.059081000     0.281243000
 14     0.818594000     0.311514000     0.278122000
 14     0.572433000     0.557379000     0.271341000
 14     0.819666000     0.804129000     0.291672000
 14     0.682213000     0.619028000     0.951034000
 14     0.184293000     0.670420000     1.009912000
 14     0.412822000     0.877993000     0.980713000
 14     0.188132000     0.434246000     0.347101000
 14     0.444069000     0.183879000     0.338624000
 14     0.057966000     0.306347000     0.406828000
 14     0.318939000     0.066989000     0.402583000
 14     0.182858000     0.178582000     0.464826000
 14     0.426656000     0.424369000     0.455718000
 14     0.190168000     0.935789000     0.345012000
 14     0.454518000     0.684379000     0.335666000
 14     0.064960000     0.808051000     0.408081000
 14     0.323465000     0.572302000     0.397866000
 14     0.220136000     0.706640000     0.462178000
 14     0.417856000     0.923734000     0.461498000
 14     0.691827000     0.440526000     0.339407000
 14     0.944107000     0.181599000     0.340176000
 14     0.566884000     0.309295000     0.398257000
 14     0.822942000     0.055619000     0.407691000
 14     0.724415000     0.218321000     0.456581000
 14     0.882036000     0.376515000     0.461164000
 14     0.690180000     0.932636000     0.349459000
 14     0.945652000     0.673223000     0.349096000
 14     0.561667000     0.803469000     0.408617000
 14     0.814180000     0.553781000     0.410268000
 14     0.690903000     0.681831000     0.472972000
 14     0.938782000     0.927863000     0.474121000
 14     0.075984000     0.048547000     0.530277000
 14     0.278474000     0.333811000     0.518631000
 14     0.221971000     0.579088000     0.547605000
 14     0.298801000     0.843435000     0.538537000
 14     0.556275000     0.016196000     0.580444000
 14     0.727767000     0.346283000     0.565895000
 14     0.619560000     0.562429000     0.553138000
 14     0.780441000     0.834141000     0.535057000
 14     0.345384000     0.254739000     0.647373000
 14     0.143177000     0.716885000     0.660071000
 14     0.533797000     0.450542000     0.678011000
 14     0.901316000     0.224858000     0.625102000
 14     0.557869000     0.760827000     0.642526000
 14     0.822282000     0.743196000     0.677279000
 14     0.271938000     0.164399000     0.901579000
 14     0.360994000     0.954994000     0.813482000
 14     0.764940000     0.056200000     0.766014000
 14     0.996153000     0.940177000     0.710368000
 14     0.139264000     0.589244000     0.872712000
 14     0.784736000     0.781358000     0.779385000
 14     0.514559000     0.758333000     0.870074000
 14     0.812389000     0.157978000     0.895205000
 14     0.383406000     0.392814000     0.972361000
 14     0.057888000     0.342939000     0.848913000
 14     0.090682000     0.843466000     0.834421000
 14     0.531667000     0.144317000     0.970120000
 14     0.581609000     0.286472000     0.775529000
 14     0.823011000     0.462494000     0.719486000
 14     0.268420000     0.981869000     0.685218000
 14     0.042445000     0.005612000     0.948630000
 14     0.129477000     0.431214000     0.716272000
 14     0.410946000     0.504747000     0.840131000
 14     0.782270000     0.417318000     0.853103000
ENDGEOM
STOP
