-5.0000e+00     3.2860e+01  1.8179e-01  1.3563e-01 -3.2860e+01 -1.8179e-01 -1.3563e-01  0.0000e+00  0.0000e+00  0.0000e+00 -0.0000e+00 -0.0000e+00 -0.0000e+00
-4.9917e+00     2.8388e+01  1.4415e-01  1.0537e-01 -2.8388e+01 -1.4415e-01 -1.0537e-01  2.5478e-01  1.3559e-03  1.0025e-03 -2.5478e-01 -1.3559e-03 -1.0025e-03
-4.9833e+00     2.4713e+01  1.0989e-01  7.5672e-02 -2.4713e+01 -1.0989e-01 -7.5672e-02  4.7566e-01  2.4126e-03  1.7556e-03 -4.7566e-01 -2.4126e-03 -1.7556e-03
-4.9750e+00     2.4149e+01  1.0840e-01  7.8861e-02 -2.4149e+01 -1.0840e-01 -7.8861e-02  6.7892e-01  3.3206e-03  2.3984e-03 -6.7892e-01 -3.3206e-03 -2.3984e-03
-4.9667e+00     2.6425e+01  1.3009e-01  9.0609e-02 -2.6425e+01 -1.3009e-01 -9.0609e-02  8.8929e-01  4.3126e-03  3.1033e-03 -8.8929e-01 -4.3126e-03 -3.1033e-03
-4.9583e+00     2.5878e+01  1.2861e-01  8.9815e-02 -2.5878e+01 -1.2861e-01 -8.9815e-02  1.1069e+00  5.3888e-03  3.8538e-03 -1.1069e+00 -5.3888e-03 -3.8538e-03
-4.9500e+00     2.5178e+01  1.2053e-01  9.3948e-02 -2.5178e+01 -1.2053e-01 -9.3948e-02  1.3192e+00  6.4251e-03  4.6183e-03 -1.3192e+00 -6.4251e-03 -4.6183e-03
-4.9417e+00     2.7246e+01  1.2084e-01  1.1548e-01 -2.7246e+01 -1.2084e-01 -1.1548e-01  1.5373e+00  7.4291e-03  5.4894e-03 -1.5373e+00 -7.4291e-03 -5.4894e-03
-4.9333e+00     2.6647e+01  1.1241e-01  1.2382e-01 -2.6647e+01 -1.1241e-01 -1.2382e-01  1.7615e+00  8.3994e-03  6.4848e-03 -1.7615e+00 -8.3994e-03 -6.4848e-03
-4.9250e+00     2.1440e+01  7.7616e-02  1.1445e-01 -2.1440e+01 -7.7616e-02 -1.1445e-01  1.9615e+00  9.1899e-03  7.4759e-03 -1.9615e+00 -9.1899e-03 -7.4759e-03
-4.9167e+00     2.0620e+01  7.8245e-02  1.0826e-01 -2.0620e+01 -7.8245e-02 -1.0826e-01  2.1365e+00  9.8382e-03  8.4023e-03 -2.1365e+00 -9.8382e-03 -8.4023e-03
-4.9083e+00     2.2656e+01  8.2737e-02  1.0468e-01 -2.2656e+01 -8.2737e-02 -1.0468e-01  2.3165e+00  1.0508e-02  9.2881e-03 -2.3165e+00 -1.0508e-02 -9.2881e-03
-4.9000e+00     2.7172e+01  9.6546e-02  1.0898e-01 -2.7172e+01 -9.6546e-02 -1.0898e-01  2.5238e+00  1.1254e-02  1.0177e-02 -2.5238e+00 -1.1254e-02 -1.0177e-02
-4.8917e+00     3.0938e+01  1.0144e-01  1.1337e-01 -3.0938e+01 -1.0144e-01 -1.1337e-01  2.7655e+00  1.2077e-02  1.1102e-02 -2.7655e+00 -1.2077e-02 -1.1102e-02
-4.8833e+00     2.4358e+01  6.8205e-02  9.1231e-02 -2.4358e+01 -6.8205e-02 -9.1231e-02  2.9955e+00  1.2783e-02  1.1953e-02 -2.9955e+00 -1.2783e-02 -1.1953e-02
-4.8750e+00     1.8722e+01  5.1947e-02  7.3376e-02 -1.8722e+01 -5.1947e-02 -7.3376e-02  3.1747e+00  1.3283e-02  1.2638e-02 -3.1747e+00 -1.3283e-02 -1.2638e-02
-4.8667e+00     1.8859e+01  5.4183e-02  7.7052e-02 -1.8859e+01 -5.4183e-02 -7.7052e-02  3.3310e+00  1.3724e-02  1.3263e-02 -3.3310e+00 -1.3724e-02 -1.3263e-02
-4.8583e+00     3.1280e+01  8.3822e-02  1.6566e-01 -3.1280e+01 -8.3822e-02 -1.6566e-01  3.5396e+00  1.4298e-02  1.4273e-02 -3.5396e+00 -1.4298e-02 -1.4273e-02
-4.8500e+00     3.0389e+01  7.1280e-02  1.6971e-01 -3.0389e+01 -7.1280e-02 -1.6971e-01  3.7961e+00  1.4943e-02  1.5668e-02 -3.7961e+00 -1.4943e-02 -1.5668e-02
-4.8417e+00     3.6610e+01  7.5514e-02  2.1380e-01 -3.6610e+01 -7.5514e-02 -2.1380e-01  4.0748e+00  1.5554e-02  1.7263e-02 -4.0748e+00 -1.5554e-02 -1.7263e-02
-4.8333e+00     2.8996e+01  6.9937e-02  1.5626e-01 -2.8996e+01 -6.9937e-02 -1.5626e-01  4.3477e+00  1.6159e-02  1.8803e-02 -4.3477e+00 -1.6159e-02 -1.8803e-02
-4.8250e+00     3.0317e+01  8.6001e-02  1.6574e-01 -3.0317e+01 -8.6001e-02 -1.6574e-01  4.5945e+00  1.6808e-02  2.0142e-02 -4.5945e+00 -1.6808e-02 -2.0142e-02
-4.8167e+00     4.0597e+01  1.2639e-01  2.1016e-01 -4.0597e+01 -1.2639e-01 -2.1016e-01  4.8894e+00  1.7691e-02  2.1706e-02 -4.8894e+00 -1.7691e-02 -2.1706e-02
-4.8083e+00     3.0978e+01  1.0823e-01  1.6371e-01 -3.0978e+01 -1.0823e-01 -1.6371e-01  5.1872e+00  1.8667e-02  2.3261e-02 -5.1872e+00 -1.8667e-02 -2.3261e-02
-4.8000e+00     2.8044e+01  1.0480e-01  1.4082e-01 -2.8044e+01 -1.0480e-01 -1.4082e-01  5.4327e+00  1.9553e-02  2.4528e-02 -5.4327e+00 -1.9553e-02 -2.4528e-02
-4.7917e+00     1.7717e+01  7.3412e-02  7.6547e-02 -1.7717e+01 -7.3412e-02 -7.6547e-02  5.6230e+00  2.0295e-02  2.5432e-02 -5.6230e+00 -2.0295e-02 -2.5432e-02
-4.7833e+00     1.0269e+01  3.8229e-02  4.1766e-02 -1.0269e+01 -3.8229e-02 -4.1766e-02  5.7395e+00  2.0759e-02  2.5924e-02 -5.7395e+00 -2.0759e-02 -2.5924e-02
-4.7750e+00     1.2298e+01  4.6620e-02  5.5302e-02 -1.2298e+01 -4.6620e-02 -5.5302e-02  5.8333e+00  2.1112e-02  2.6328e-02 -5.8333e+00 -2.1112e-02 -2.6328e-02
-4.7667e+00     1.8439e+01  7.4324e-02  8.4713e-02 -1.8439e+01 -7.4324e-02 -8.4713e-02  5.9612e+00  2.1615e-02  2.6910e-02 -5.9612e+00 -2.1615e-02 -2.6910e-02
-4.7583e+00     2.8295e+01  1.2204e-01  1.4682e-01 -2.8295e+01 -1.2204e-01 -1.4682e-01  6.1556e+00  2.2432e-02  2.7874e-02 -6.1556e+00 -2.2432e-02 -2.7874e-02
-4.7500e+00     3.9838e+01  1.8446e-01  2.2721e-01 -3.9838e+01 -1.8446e-01 -2.2721e-01  6.4390e+00  2.3707e-02  2.9429e-02 -6.4390e+00 -2.3707e-02 -2.9429e-02
-4.7417e+00     2.0154e+01  8.0322e-02  1.1639e-01 -2.0154e+01 -8.0322e-02 -1.1639e-01  6.6885e+00  2.4808e-02  3.0859e-02 -6.6885e+00 -2.4808e-02 -3.0859e-02
-4.7333e+00     2.0119e+01  7.4170e-02  1.2654e-01 -2.0119e+01 -7.4170e-02 -1.2654e-01  6.8561e+00  2.5451e-02  3.1869e-02 -6.8561e+00 -2.5451e-02 -3.1869e-02
-4.7250e+00     3.0963e+01  1.1491e-01  2.1936e-01 -3.0963e+01 -1.1491e-01 -2.1936e-01  7.0686e+00  2.6237e-02  3.3308e-02 -7.0686e+00 -2.6237e-02 -3.3308e-02
-4.7167e+00     2.7751e+01  1.1123e-01  1.3053e-01 -2.7751e+01 -1.1123e-01 -1.3053e-01  7.3128e+00  2.7178e-02  3.4764e-02 -7.3128e+00 -2.7178e-02 -3.4764e-02
-4.7083e+00     2.1191e+01  8.3886e-02  9.8562e-02 -2.1191e+01 -8.3886e-02 -9.8562e-02  7.5164e+00  2.7990e-02  3.5716e-02 -7.5164e+00 -2.7990e-02 -3.5716e-02
-4.7000e+00     1.8115e+01  6.9848e-02  8.3579e-02 -1.8115e+01 -6.9848e-02 -8.3579e-02  7.6799e+00  2.8629e-02  3.6474e-02 -7.6799e+00 -2.8629e-02 -3.6474e-02
-4.6917e+00     1.5016e+01  6.2947e-02  5.7717e-02 -1.5016e+01 -6.2947e-02 -5.7717e-02  7.8177e+00  2.9182e-02  3.7062e-02 -7.8177e+00 -2.9182e-02 -3.7062e-02
-4.6833e+00     2.3139e+01  1.1570e-01  9.5981e-02 -2.3139e+01 -1.1570e-01 -9.5981e-02  7.9764e+00  2.9925e-02  3.7701e-02 -7.9764e+00 -2.9925e-02 -3.7701e-02
-4.6750e+00     3.1990e+01  1.7595e-01  1.4924e-01 -3.1990e+01 -1.7595e-01 -1.4924e-01  8.2057e+00  3.1138e-02  3.8721e-02 -8.2057e+00 -3.1138e-02 -3.8721e-02
-4.6667e+00     3.1292e+01  2.0707e-01  2.0127e-01 -3.1292e+01 -2.0707e-01 -2.0127e-01  8.4690e+00  3.2731e-02  4.0179e-02 -8.4690e+00 -3.2731e-02 -4.0179e-02
-4.6583e+00     1.5902e+01  7.7687e-02  8.3617e-02 -1.5902e+01 -7.7687e-02 -8.3617e-02  8.6653e+00  3.3916e-02  4.1364e-02 -8.6653e+00 -3.3916e-02 -4.1364e-02
-4.6500e+00     1.3481e+01  5.9244e-02  4.9232e-02 -1.3481e+01 -5.9244e-02 -4.9232e-02  8.7875e+00  3.4485e-02  4.1917e-02 -8.7875e+00 -3.4485e-02 -4.1917e-02
-4.6417e+00     2.0598e+01  8.7917e-02  6.0166e-02 -2.0598e+01 -8.7917e-02 -6.0166e-02  8.9293e+00  3.5097e-02  4.2372e-02 -8.9293e+00 -3.5097e-02 -4.2372e-02
-4.6333e+00     2.1912e+01  1.1614e-01  7.5185e-02 -2.1912e+01 -1.1614e-01 -7.5185e-02  9.1061e+00  3.5946e-02  4.2935e-02 -9.1061e+00 -3.5946e-02 -4.2935e-02
-4.6250e+00     2.3472e+01  1.3395e-01  8.3729e-02 -2.3472e+01 -1.3395e-01 -8.3729e-02  9.2949e+00  3.6987e-02  4.3596e-02 -9.2949e+00 -3.6987e-02 -4.3596e-02
-4.6167e+00     2.4834e+01  1.4466e-01  9.2069e-02 -2.4834e+01 -1.4466e-01 -9.2069e-02  9.4958e+00  3.8145e-02  4.4327e-02 -9.4958e+00 -3.8145e-02 -4.4327e-02
-4.6083e+00     1.4110e+01  6.8306e-02  7.2049e-02 -1.4110e+01 -6.8306e-02 -7.2049e-02  9.6578e+00  3.9031e-02  4.5010e-02 -9.6578e+00 -3.9031e-02 -4.5010e-02
-4.6000e+00     1.0077e+01  4.6436e-02  6.5090e-02 -1.0077e+01 -4.6436e-02 -6.5090e-02  9.7584e+00  3.9509e-02  4.5581e-02 -9.7584e+00 -3.9509e-02 -4.5581e-02
-4.5917e+00     1.2849e+01  4.8692e-02  7.5551e-02 -1.2849e+01 -4.8692e-02 -7.5551e-02  9.8538e+00  3.9904e-02  4.6166e-02 -9.8538e+00 -3.9904e-02 -4.6166e-02
-4.5833e+00     2.0775e+01  8.0144e-02  1.0551e-01 -2.0775e+01 -8.0144e-02 -1.0551e-01  9.9937e+00  4.0440e-02  4.6919e-02 -9.9937e+00 -4.0440e-02 -4.6919e-02
-4.5750e+00     2.2807e+01  8.0421e-02  1.1906e-01 -2.2807e+01 -8.0421e-02 -1.1906e-01  1.0175e+01  4.1108e-02  4.7853e-02 -1.0175e+01 -4.1108e-02 -4.7853e-02
-4.5667e+00     4.8467e+01  1.5625e-01  2.0180e-01 -4.8467e+01 -1.5625e-01 -2.0180e-01  1.0471e+01  4.2093e-02  4.9188e-02 -1.0471e+01 -4.2093e-02 -4.9188e-02
-4.5583e+00     2.0922e+01  7.5775e-02  1.1221e-01 -2.0922e+01 -7.5775e-02 -1.1221e-01  1.0760e+01  4.3058e-02  5.0494e-02 -1.0760e+01 -4.3058e-02 -5.0494e-02
-4.5500e+00     1.5797e+01  5.6807e-02  6.8367e-02 -1.5797e+01 -5.6807e-02 -6.8367e-02  1.0913e+01  4.3609e-02  5.1245e-02 -1.0913e+01 -4.3609e-02 -5.1245e-02
-4.5417e+00     1.7174e+01  6.7838e-02  5.7529e-02 -1.7174e+01 -6.7838e-02 -5.7529e-02  1.1050e+01  4.4128e-02  5.1769e-02 -1.1050e+01 -4.4128e-02 -5.1769e-02
-4.5333e+00     1.5051e+01  5.6138e-02  6.0093e-02 -1.5051e+01 -5.6138e-02 -6.0093e-02  1.1184e+01  4.4644e-02  5.2258e-02 -1.1184e+01 -4.4644e-02 -5.2258e-02
-4.5250e+00     1.4549e+01  5.1193e-02  6.0400e-02 -1.4549e+01 -5.1193e-02 -6.0400e-02  1.1307e+01  4.5090e-02  5.2759e-02 -1.1307e+01 -4.5090e-02 -5.2759e-02
-4.5167e+00     1.6007e+01  5.1867e-02  6.4779e-02 -1.6007e+01 -5.1867e-02 -6.4779e-02  1.1434e+01  4.5519e-02  5.3280e-02 -1.1434e+01 -4.5519e-02 -5.3280e-02
-4.5083e+00     2.0565e+01  7.0617e-02  7.8549e-02 -2.0565e+01 -7.0617e-02 -7.8549e-02  1.1586e+01  4.6028e-02  5.3876e-02 -1.1586e+01 -4.6028e-02 -5.3876e-02
-4.5000e+00     2.2769e+01  7.8376e-02  8.0014e-02 -2.2769e+01 -7.8376e-02 -8.0014e-02  1.1767e+01  4.6648e-02  5.4536e-02 -1.1767e+01 -4.6648e-02 -5.4536e-02
-4.4917e+00     1.7659e+01  5.5086e-02  6.7641e-02 -1.7659e+01 -5.5086e-02 -6.7641e-02  1.1935e+01  4.7203e-02  5.5150e-02 -1.1935e+01 -4.7203e-02 -5.5150e-02
-4.4833e+00     1.2248e+01  3.3124e-02  4.8619e-02 -1.2248e+01 -3.3124e-02 -4.8619e-02  1.2059e+01  4.7570e-02  5.5633e-02 -1.2059e+01 -4.7570e-02 -5.5633e-02
-4.4750e+00     2.7060e+01  8.4766e-02  1.7918e-01 -2.7060e+01 -8.4766e-02 -1.7918e-01  1.2223e+01  4.8061e-02  5.6581e-02 -1.2223e+01 -4.8061e-02 -5.6581e-02
-4.4667e+00     2.5495e+01  8.0777e-02  1.3967e-01 -2.5495e+01 -8.0777e-02 -1.3967e-01  1.2441e+01  4.8749e-02  5.7907e-02 -1.2441e+01 -4.8749e-02 -5.7907e-02
-4.4583e+00     2.4195e+01  7.3326e-02  1.2166e-01 -2.4195e+01 -7.3326e-02 -1.2166e-01  1.2648e+01  4.9390e-02  5.8994e-02 -1.2648e+01 -4.9390e-02 -5.8994e-02
-4.4500e+00     2.0509e+01  7.7163e-02  9.8266e-02 -2.0509e+01 -7.7163e-02 -9.8266e-02  1.2834e+01  5.0016e-02  5.9909e-02 -1.2834e+01 -5.0016e-02 -5.9909e-02
-4.4417e+00     1.7518e+01  6.2916e-02  1.1033e-01 -1.7518e+01 -6.2916e-02 -1.1033e-01  1.2992e+01  5.0599e-02  6.0777e-02 -1.2992e+01 -5.0599e-02 -6.0777e-02
-4.4333e+00     1.1619e+01  3.5320e-02  8.7974e-02 -1.1619e+01 -3.5320e-02 -8.7974e-02  1.3113e+01  5.1007e-02  6.1602e-02 -1.3113e+01 -5.1007e-02 -6.1602e-02
-4.4250e+00     1.2306e+01  4.0133e-02  9.4726e-02 -1.2306e+01 -4.0133e-02 -9.4726e-02  1.3213e+01  5.1321e-02  6.2362e-02 -1.3213e+01 -5.1321e-02 -6.2362e-02
-4.4167e+00     1.3649e+01  4.7145e-02  1.0467e-01 -1.3649e+01 -4.7145e-02 -1.0467e-01  1.3321e+01  5.1684e-02  6.3191e-02 -1.3321e+01 -5.1684e-02 -6.3191e-02
-4.4083e+00     2.0572e+01  6.8640e-02  1.4592e-01 -2.0572e+01 -6.8640e-02 -1.4592e-01  1.3463e+01  5.2166e-02  6.4234e-02 -1.3463e+01 -5.2166e-02 -6.4234e-02
-4.4000e+00     2.4360e+01  7.4718e-02  1.9382e-01 -2.4360e+01 -7.4718e-02 -1.9382e-01  1.3650e+01  5.2762e-02  6.5647e-02 -1.3650e+01 -5.2762e-02 -6.5647e-02
-4.3917e+00     1.8166e+01  5.2283e-02  1.3736e-01 -1.8166e+01 -5.2283e-02 -1.3736e-01  1.3827e+01  5.3291e-02  6.7025e-02 -1.3827e+01 -5.3291e-02 -6.7025e-02
-4.3833e+00     1.8028e+01  5.2647e-02  1.3861e-01 -1.8028e+01 -5.2647e-02 -1.3861e-01  1.3978e+01  5.3727e-02  6.8173e-02 -1.3978e+01 -5.3727e-02 -6.8173e-02
-4.3750e+00     2.2787e+01  6.1128e-02  2.0842e-01 -2.2787e+01 -6.1128e-02 -2.0842e-01  1.4147e+01  5.4200e-02  6.9616e-02 -1.4147e+01 -5.4200e-02 -6.9616e-02
-4.3667e+00     1.7046e+01  5.6648e-02  1.0880e-01 -1.7046e+01 -5.6648e-02 -1.0880e-01  1.4313e+01  5.4690e-02  7.0936e-02 -1.4313e+01 -5.4690e-02 -7.0936e-02
-4.3583e+00     2.1095e+01  8.0655e-02  1.1272e-01 -2.1095e+01 -8.0655e-02 -1.1272e-01  1.4472e+01  5.5261e-02  7.1857e-02 -1.4472e+01 -5.5261e-02 -7.1857e-02
-4.3500e+00     2.8759e+01  1.1296e-01  1.5683e-01 -2.8759e+01 -1.1296e-01 -1.5683e-01  1.4679e+01  5.6067e-02  7.2978e-02 -1.4679e+01 -5.6067e-02 -7.2978e-02
-4.3417e+00     2.1725e+01  6.7147e-02  1.2473e-01 -2.1725e+01 -6.7147e-02 -1.2473e-01  1.4889e+01  5.6816e-02  7.4150e-02 -1.4889e+01 -5.6816e-02 -7.4150e-02
-4.3333e+00     1.6521e+01  3.5677e-02  1.0016e-01 -1.6521e+01 -3.5677e-02 -1.0016e-01  1.5048e+01  5.7244e-02  7.5085e-02 -1.5048e+01 -5.7244e-02 -7.5085e-02
-4.3250e+00     1.8292e+01  3.7380e-02  1.1498e-01 -1.8292e+01 -3.7380e-02 -1.1498e-01  1.5193e+01  5.7548e-02  7.5980e-02 -1.5193e+01 -5.7548e-02 -7.5980e-02
-4.3167e+00     1.6613e+01  3.4091e-02  9.3213e-02 -1.6613e+01 -3.4091e-02 -9.3213e-02  1.5338e+01  5.7845e-02  7.6846e-02 -1.5338e+01 -5.7845e-02 -7.6846e-02
-4.3083e+00     1.4073e+01  3.0335e-02  7.3923e-02 -1.4073e+01 -3.0335e-02 -7.3923e-02  1.5466e+01  5.8113e-02  7.7541e-02 -1.5466e+01 -5.8113e-02 -7.7541e-02
-4.3000e+00     1.2701e+01  2.9712e-02  6.9089e-02 -1.2701e+01 -2.9712e-02 -6.9089e-02  1.5577e+01  5.8363e-02  7.8136e-02 -1.5577e+01 -5.8363e-02 -7.8136e-02
-4.2917e+00     1.5302e+01  3.9247e-02  8.3350e-02 -1.5302e+01 -3.9247e-02 -8.3350e-02  1.5694e+01  5.8650e-02  7.8770e-02 -1.5694e+01 -5.8650e-02 -7.8770e-02
-4.2833e+00     2.8411e+01  8.2035e-02  1.4517e-01 -2.8411e+01 -8.2035e-02 -1.4517e-01  1.5875e+01  5.9154e-02  7.9721e-02 -1.5875e+01 -5.9154e-02 -7.9721e-02
-4.2750e+00     2.3800e+01  8.2083e-02  1.2042e-01 -2.3800e+01 -8.2083e-02 -1.2042e-01  1.6093e+01  5.9837e-02  8.0826e-02 -1.6093e+01 -5.9837e-02 -8.0826e-02
-4.2667e+00     1.3927e+01  4.7012e-02  3.8622e-02 -1.3927e+01 -4.7012e-02 -3.8622e-02  1.6250e+01  6.0374e-02  8.1487e-02 -1.6250e+01 -6.0374e-02 -8.1487e-02
-4.2583e+00     2.2705e+01  5.6701e-02  3.6288e-02 -2.2705e+01 -5.6701e-02 -3.6288e-02  1.6402e+01  6.0805e-02  8.1799e-02 -1.6402e+01 -6.0805e-02 -8.1799e-02
-4.2500e+00     1.4781e+01  3.6598e-02  4.2204e-02 -1.4781e+01 -3.6598e-02 -4.2204e-02  1.6558e+01  6.1193e-02  8.2125e-02 -1.6558e+01 -6.1193e-02 -8.2125e-02
-4.2417e+00     1.9087e+01  3.5658e-02  9.5694e-02 -1.9087e+01 -3.5658e-02 -9.5694e-02  1.6699e+01  6.1494e-02  8.2699e-02 -1.6699e+01 -6.1494e-02 -8.2699e-02
-4.2333e+00     1.4082e+01  3.3015e-02  6.5557e-02 -1.4082e+01 -3.3015e-02 -6.5557e-02  1.6837e+01  6.1780e-02  8.3370e-02 -1.6837e+01 -6.1780e-02 -8.3370e-02
-4.2250e+00     1.8615e+01  3.9200e-02  8.4091e-02 -1.8615e+01 -3.9200e-02 -8.4091e-02  1.6973e+01  6.2080e-02  8.3992e-02 -1.6973e+01 -6.2080e-02 -8.3992e-02
-4.2167e+00     1.1221e+01  2.3330e-02  5.0544e-02 -1.1221e+01 -2.3330e-02 -5.0544e-02  1.7097e+01  6.2340e-02  8.4552e-02 -1.7097e+01 -6.2340e-02 -8.4552e-02
-4.2083e+00     8.0133e+00  2.0466e-02  3.3327e-02 -8.0133e+00 -2.0466e-02 -3.3327e-02  1.7177e+01  6.2522e-02  8.4901e-02 -1.7177e+01 -6.2522e-02 -8.4901e-02
-4.2000e+00     8.4357e+00  2.3157e-02  3.7005e-02 -8.4357e+00 -2.3157e-02 -3.7005e-02  1.7245e+01  6.2704e-02  8.5194e-02 -1.7245e+01 -6.2704e-02 -8.5194e-02
-4.1917e+00     4.7703e+00  1.4429e-02  2.1144e-02 -4.7703e+00 -1.4429e-02 -2.1144e-02  1.7300e+01  6.2860e-02  8.5436e-02 -1.7300e+01 -6.2860e-02 -8.5436e-02
-4.1833e+00     5.7225e+00  1.5461e-02  2.4874e-02 -5.7225e+00 -1.5461e-02 -2.4874e-02  1.7344e+01  6.2984e-02  8.5627e-02 -1.7344e+01 -6.2984e-02 -8.5627e-02
-4.1750e+00     1.3645e+01  2.7901e-02  4.8945e-02 -1.3645e+01 -2.7901e-02 -4.8945e-02  1.7424e+01  6.3165e-02  8.5934e-02 -1.7424e+01 -6.3165e-02 -8.5934e-02
-4.1667e+00     2.3921e+01  4.2897e-02  8.2444e-02 -2.3921e+01 -4.2897e-02 -8.2444e-02  1.7581e+01  6.3459e-02  8.6481e-02 -1.7581e+01 -6.3459e-02 -8.6481e-02
-4.1583e+00     1.7650e+01  3.8781e-02  6.3759e-02 -1.7650e+01 -3.8781e-02 -6.3759e-02  1.7754e+01  6.3799e-02  8.7089e-02 -1.7754e+01 -6.3799e-02 -8.7089e-02
-4.1500e+00     1.0960e+01  2.5340e-02  4.1465e-02 -1.0960e+01 -2.5340e-02 -4.1465e-02  1.7873e+01  6.4066e-02  8.7527e-02 -1.7873e+01 -6.4066e-02 -8.7527e-02
-4.1417e+00     1.0893e+01  2.7221e-02  3.7900e-02 -1.0893e+01 -2.7221e-02 -3.7900e-02  1.7964e+01  6.4284e-02  8.7857e-02 -1.7964e+01 -6.4284e-02 -8.7857e-02
-4.1333e+00     1.5402e+01  4.2313e-02  4.2973e-02 -1.5402e+01 -4.2313e-02 -4.2973e-02  1.8073e+01  6.4574e-02  8.8193e-02 -1.8073e+01 -6.4574e-02 -8.8193e-02
-4.1250e+00     2.1720e+01  5.9393e-02  5.9505e-02 -2.1720e+01 -5.9393e-02 -5.9505e-02  1.8227e+01  6.4997e-02  8.8619e-02 -1.8227e+01 -6.4997e-02 -8.8619e-02
-4.1167e+00     1.6261e+01  4.7606e-02  6.4297e-02 -1.6261e+01 -4.7606e-02 -6.4297e-02  1.8385e+01  6.5442e-02  8.9134e-02 -1.8385e+01 -6.5442e-02 -8.9134e-02
-4.1083e+00     1.7798e+01  4.9738e-02  7.5310e-02 -1.7798e+01 -4.9738e-02 -7.5310e-02  1.8527e+01  6.5847e-02  8.9715e-02 -1.8527e+01 -6.5847e-02 -8.9715e-02
-4.1000e+00     1.5280e+01  4.0639e-02  5.4723e-02 -1.5280e+01 -4.0639e-02 -5.4723e-02  1.8665e+01  6.6223e-02  9.0256e-02 -1.8665e+01 -6.6223e-02 -9.0256e-02
-4.0917e+00     1.5585e+01  5.0010e-02  3.5273e-02 -1.5585e+01 -5.0010e-02 -3.5273e-02  1.8793e+01  6.6600e-02  9.0630e-02 -1.8793e+01 -6.6600e-02 -9.0630e-02
-4.0833e+00     1.9710e+01  3.9924e-02  3.6784e-02 -1.9710e+01 -3.9924e-02 -3.6784e-02  1.8940e+01  6.6974e-02  9.0930e-02 -1.8940e+01 -6.6974e-02 -9.0930e-02
-4.0750e+00     1.1121e+01  3.0126e-02  3.1398e-02 -1.1121e+01 -3.0126e-02 -3.1398e-02  1.9068e+01  6.7265e-02  9.1214e-02 -1.9068e+01 -6.7265e-02 -9.1214e-02
-4.0667e+00     9.5632e+00  3.2919e-02  3.4158e-02 -9.5632e+00 -3.2919e-02 -3.4158e-02  1.9154e+01  6.7527e-02  9.1486e-02 -1.9154e+01 -6.7527e-02 -9.1486e-02
-4.0583e+00     1.3376e+01  4.2269e-02  4.4189e-02 -1.3376e+01 -4.2269e-02 -4.4189e-02  1.9250e+01  6.7840e-02  9.1812e-02 -1.9250e+01 -6.7840e-02 -9.1812e-02
-4.0500e+00     1.5718e+01  4.3246e-02  4.5657e-02 -1.5718e+01 -4.3246e-02 -4.5657e-02  1.9371e+01  6.8196e-02  9.2186e-02 -1.9371e+01 -6.8196e-02 -9.2186e-02
-4.0417e+00     1.4998e+01  3.7061e-02  3.9783e-02 -1.4998e+01 -3.7061e-02 -3.9783e-02  1.9498e+01  6.8530e-02  9.2541e-02 -1.9498e+01 -6.8530e-02 -9.2541e-02
-4.0333e+00     1.3086e+01  3.0450e-02  3.4820e-02 -1.3086e+01 -3.0450e-02 -3.4820e-02  1.9615e+01  6.8811e-02  9.2852e-02 -1.9615e+01 -6.8811e-02 -9.2852e-02
-4.0250e+00     1.0450e+01  2.2662e-02  2.6428e-02 -1.0450e+01 -2.2662e-02 -2.6428e-02  1.9713e+01  6.9032e-02  9.3107e-02 -1.9713e+01 -6.9032e-02 -9.3107e-02
-4.0167e+00     9.4165e+00  1.7743e-02  1.9481e-02 -9.4165e+00 -1.7743e-02 -1.9481e-02  1.9796e+01  6.9200e-02  9.3297e-02 -1.9796e+01 -6.9200e-02 -9.3297e-02
-4.0083e+00     1.0722e+01  1.7728e-02  1.5746e-02 -1.0722e+01 -1.7728e-02 -1.5746e-02  1.9879e+01  6.9347e-02  9.3444e-02 -1.9879e+01 -6.9347e-02 -9.3444e-02
-4.0000e+00     1.4890e+01  2.7673e-02  1.5558e-02 -1.4890e+01 -2.7673e-02 -1.5558e-02  1.9986e+01  6.9536e-02  9.3574e-02 -1.9986e+01 -6.9536e-02 -9.3574e-02
-3.9917e+00     1.3061e+01  2.6912e-02  1.1872e-02 -1.3061e+01 -2.6912e-02 -1.1872e-02  2.0102e+01  6.9763e-02  9.3688e-02 -2.0102e+01 -6.9763e-02 -9.3688e-02
-3.9833e+00     9.9151e+00  2.1847e-02  8.1364e-03 -9.9151e+00 -2.1847e-02 -8.1364e-03  2.0198e+01  6.9966e-02  9.3772e-02 -2.0198e+01 -6.9966e-02 -9.3772e-02
-3.9750e+00     8.6085e+00  1.8518e-02  6.9859e-03 -8.6085e+00 -1.8518e-02 -6.9859e-03  2.0275e+01  7.0134e-02  9.3834e-02 -2.0275e+01 -7.0134e-02 -9.3834e-02
-3.9667e+00     1.9053e+01  2.6631e-02  3.8761e-02 -1.9053e+01 -2.6631e-02 -3.8761e-02  2.0390e+01  7.0322e-02  9.4025e-02 -2.0390e+01 -7.0322e-02 -9.4025e-02
-3.9583e+00     1.3813e+01  1.8367e-02  2.6321e-02 -1.3813e+01 -1.8367e-02 -2.6321e-02  2.0527e+01  7.0509e-02  9.4295e-02 -2.0527e+01 -7.0509e-02 -9.4295e-02
-3.9500e+00     1.1009e+01  1.6198e-02  2.0473e-02 -1.1009e+01 -1.6198e-02 -2.0473e-02  2.0630e+01  7.0653e-02  9.4490e-02 -2.0630e+01 -7.0653e-02 -9.4490e-02
-3.9417e+00     1.3029e+01  2.1593e-02  2.1340e-02 -1.3029e+01 -2.1593e-02 -2.1340e-02  2.0730e+01  7.0810e-02  9.4664e-02 -2.0730e+01 -7.0810e-02 -9.4664e-02
-3.9333e+00     1.4418e+01  3.0975e-02  2.4689e-02 -1.4418e+01 -3.0975e-02 -2.4689e-02  2.0844e+01  7.1029e-02  9.4856e-02 -2.0844e+01 -7.1029e-02 -9.4856e-02
-3.9250e+00     2.3319e+01  6.2571e-02  4.7732e-02 -2.3319e+01 -6.2571e-02 -4.7732e-02  2.1001e+01  7.1418e-02  9.5157e-02 -2.1001e+01 -7.1418e-02 -9.5157e-02
-3.9167e+00     2.8051e+01  8.6357e-02  5.8822e-02 -2.8051e+01 -8.6357e-02 -5.8822e-02  2.1215e+01  7.2037e-02  9.5600e-02 -2.1215e+01 -7.2037e-02 -9.5600e-02
-3.9083e+00     1.7436e+01  5.0557e-02  3.8156e-02 -1.7436e+01 -5.0557e-02 -3.8156e-02  2.1404e+01  7.2607e-02  9.6003e-02 -2.1404e+01 -7.2607e-02 -9.6003e-02
-3.9000e+00     5.5894e+00  1.0118e-02  1.1519e-02 -5.5894e+00 -1.0118e-02 -1.1519e-02  2.1500e+01  7.2859e-02  9.6210e-02 -2.1500e+01 -7.2859e-02 -9.6210e-02
-3.8917e+00     5.6274e+00  8.9730e-03  1.1423e-02 -5.6274e+00 -8.9730e-03 -1.1423e-02  2.1546e+01  7.2939e-02  9.6306e-02 -2.1546e+01 -7.2939e-02 -9.6306e-02
-3.8833e+00     7.4489e+00  1.0806e-02  1.4669e-02 -7.4489e+00 -1.0806e-02 -1.4669e-02  2.1601e+01  7.3021e-02  9.6414e-02 -2.1601e+01 -7.3021e-02 -9.6414e-02
-3.8750e+00     9.6091e+00  1.3179e-02  1.9073e-02 -9.6091e+00 -1.3179e-02 -1.9073e-02  2.1672e+01  7.3121e-02  9.6554e-02 -2.1672e+01 -7.3121e-02 -9.6554e-02
-3.8667e+00     1.0553e+01  1.4419e-02  2.2862e-02 -1.0553e+01 -1.4419e-02 -2.2862e-02  2.1756e+01  7.3235e-02  9.6729e-02 -2.1756e+01 -7.3235e-02 -9.6729e-02
-3.8583e+00     1.5076e+01  2.2626e-02  2.5686e-02 -1.5076e+01 -2.2626e-02 -2.5686e-02  2.1862e+01  7.3390e-02  9.6931e-02 -2.1862e+01 -7.3390e-02 -9.6931e-02
-3.8500e+00     1.1492e+01  1.5199e-02  1.9631e-02 -1.1492e+01 -1.5199e-02 -1.9631e-02  2.1973e+01  7.3547e-02  9.7119e-02 -2.1973e+01 -7.3547e-02 -9.7119e-02
-3.8417e+00     1.1743e+01  1.4399e-02  2.1681e-02 -1.1743e+01 -1.4399e-02 -2.1681e-02  2.2069e+01  7.3670e-02  9.7291e-02 -2.2069e+01 -7.3670e-02 -9.7291e-02
-3.8333e+00     1.2816e+01  1.4160e-02  2.6250e-02 -1.2816e+01 -1.4160e-02 -2.6250e-02  2.2172e+01  7.3789e-02  9.7491e-02 -2.2172e+01 -7.3789e-02 -9.7491e-02
-3.8250e+00     1.4810e+01  1.4699e-02  3.3317e-02 -1.4810e+01 -1.4699e-02 -3.3317e-02  2.2287e+01  7.3909e-02  9.7738e-02 -2.2287e+01 -7.3909e-02 -9.7738e-02
-3.8167e+00     1.2350e+01  1.5735e-02  1.6647e-02 -1.2350e+01 -1.5735e-02 -1.6647e-02  2.2399e+01  7.4035e-02  9.7946e-02 -2.2399e+01 -7.4035e-02 -9.7946e-02
-3.8083e+00     2.0624e+01  3.2558e-02  2.7252e-02 -2.0624e+01 -3.2558e-02 -2.7252e-02  2.2537e+01  7.4236e-02  9.8129e-02 -2.2537e+01 -7.4236e-02 -9.8129e-02
-3.8000e+00     1.3845e+01  2.0419e-02  2.6758e-02 -1.3845e+01 -2.0419e-02 -2.6758e-02  2.2680e+01  7.4457e-02  9.8353e-02 -2.2680e+01 -7.4457e-02 -9.8353e-02
-3.7917e+00     9.8536e+00  1.2804e-02  2.0429e-02 -9.8536e+00 -1.2804e-02 -2.0429e-02  2.2779e+01  7.4595e-02  9.8550e-02 -2.2779e+01 -7.4595e-02 -9.8550e-02
-3.7833e+00     9.8144e+00  1.1912e-02  1.8614e-02 -9.8144e+00 -1.1912e-02 -1.8614e-02  2.2860e+01  7.4698e-02  9.8712e-02 -2.2860e+01 -7.4698e-02 -9.8712e-02
-3.7750e+00     1.0854e+01  1.2158e-02  1.8734e-02 -1.0854e+01 -1.2158e-02 -1.8734e-02  2.2946e+01  7.4798e-02  9.8867e-02 -2.2946e+01 -7.4798e-02 -9.8867e-02
-3.7667e+00     9.6130e+00  1.1621e-02  1.6813e-02 -9.6130e+00 -1.1621e-02 -1.6813e-02  2.3032e+01  7.4897e-02  9.9015e-02 -2.3032e+01 -7.4897e-02 -9.9015e-02
-3.7583e+00     1.2259e+01  1.4165e-02  1.9017e-02 -1.2259e+01 -1.4165e-02 -1.9017e-02  2.3123e+01  7.5004e-02  9.9164e-02 -2.3123e+01 -7.5004e-02 -9.9164e-02
-3.7500e+00     1.6775e+01  1.7966e-02  2.5331e-02 -1.6775e+01 -1.7966e-02 -2.5331e-02  2.3243e+01  7.5138e-02  9.9349e-02 -2.3243e+01 -7.5138e-02 -9.9349e-02
-3.7417e+00     1.7375e+01  1.7540e-02  2.6447e-02 -1.7375e+01 -1.7540e-02 -2.6447e-02  2.3385e+01  7.5285e-02  9.9564e-02 -2.3385e+01 -7.5285e-02 -9.9564e-02
-3.7333e+00     1.5012e+01  1.3324e-02  1.9844e-02 -1.5012e+01 -1.3324e-02 -1.9844e-02  2.3520e+01  7.5414e-02  9.9757e-02 -2.3520e+01 -7.5414e-02 -9.9757e-02
-3.7250e+00     1.5842e+01  1.5606e-02  1.6338e-02 -1.5842e+01 -1.5606e-02 -1.6338e-02  2.3648e+01  7.5534e-02  9.9907e-02 -2.3648e+01 -7.5534e-02 -9.9907e-02
-3.7167e+00     1.1347e+01  1.3756e-02  1.0852e-02 -1.1347e+01 -1.3756e-02 -1.0852e-02  2.3762e+01  7.5656e-02  1.0002e-01 -2.3762e+01 -7.5656e-02 -1.0002e-01
-3.7083e+00     9.1630e+00  1.0710e-02  9.7708e-03 -9.1630e+00 -1.0710e-02 -9.7708e-03  2.3847e+01  7.5758e-02  1.0011e-01 -2.3847e+01 -7.5758e-02 -1.0011e-01
-3.7000e+00     9.0386e+00  1.1729e-02  1.2969e-02 -9.0386e+00 -1.1729e-02 -1.2969e-02  2.3923e+01  7.5851e-02  1.0020e-01 -2.3923e+01 -7.5851e-02 -1.0020e-01
-3.6917e+00     1.0370e+01  1.5611e-02  1.7711e-02 -1.0370e+01 -1.5611e-02 -1.7711e-02  2.4003e+01  7.5965e-02  1.0033e-01 -2.4003e+01 -7.5965e-02 -1.0033e-01
-3.6833e+00     1.2303e+01  2.0775e-02  2.2660e-02 -1.2303e+01 -2.0775e-02 -2.2660e-02  2.4098e+01  7.6116e-02  1.0050e-01 -2.4098e+01 -7.6116e-02 -1.0050e-01
-3.6750e+00     2.3921e+01  6.4939e-02  7.3466e-02 -2.3921e+01 -6.4939e-02 -7.3466e-02  2.4248e+01  7.6473e-02  1.0090e-01 -2.4248e+01 -7.6473e-02 -1.0090e-01
-3.6667e+00     1.1067e+01  1.8375e-02  2.5490e-02 -1.1067e+01 -1.8375e-02 -2.5490e-02  2.4394e+01  7.6820e-02  1.0131e-01 -2.4394e+01 -7.6820e-02 -1.0131e-01
-3.6583e+00     1.3353e+01  1.9775e-02  3.0246e-02 -1.3353e+01 -1.9775e-02 -3.0246e-02  2.4495e+01  7.6978e-02  1.0154e-01 -2.4495e+01 -7.6978e-02 -1.0154e-01
-3.6500e+00     1.5440e+01  2.1878e-02  3.8247e-02 -1.5440e+01 -2.1878e-02 -3.8247e-02  2.4615e+01  7.7152e-02  1.0182e-01 -2.4615e+01 -7.7152e-02 -1.0182e-01
-3.6417e+00     1.0831e+01  1.3867e-02  2.7548e-02 -1.0831e+01 -1.3867e-02 -2.7548e-02  2.4724e+01  7.7300e-02  1.0210e-01 -2.4724e+01 -7.7300e-02 -1.0210e-01
-3.6333e+00     8.8978e+00  1.1680e-02  2.3743e-02 -8.8978e+00 -1.1680e-02 -2.3743e-02  2.4807e+01  7.7406e-02  1.0231e-01 -2.4807e+01 -7.7406e-02 -1.0231e-01
-3.6250e+00     9.0242e+00  1.2547e-02  2.4953e-02 -9.0242e+00 -1.2547e-02 -2.4953e-02  2.4881e+01  7.7507e-02  1.0251e-01 -2.4881e+01 -7.7507e-02 -1.0251e-01
-3.6167e+00     9.7514e+00  1.5781e-02  2.9295e-02 -9.7514e+00 -1.5781e-02 -2.9295e-02  2.4959e+01  7.7625e-02  1.0274e-01 -2.4959e+01 -7.7625e-02 -1.0274e-01
-3.6083e+00     1.6469e+01  3.2912e-02  4.9626e-02 -1.6469e+01 -3.2912e-02 -4.9626e-02  2.5068e+01  7.7828e-02  1.0307e-01 -2.5068e+01 -7.7828e-02 -1.0307e-01
-3.6000e+00     2.0357e+01  4.5980e-02  5.9601e-02 -2.0357e+01 -4.5980e-02 -5.9601e-02  2.5221e+01  7.8156e-02  1.0352e-01 -2.5221e+01 -7.8156e-02 -1.0352e-01
-3.5917e+00     1.1935e+01  2.2270e-02  3.5080e-02 -1.1935e+01 -2.2270e-02 -3.5080e-02  2.5356e+01  7.8440e-02  1.0392e-01 -2.5356e+01 -7.8440e-02 -1.0392e-01
-3.5833e+00     1.1479e+01  1.9618e-02  3.8809e-02 -1.1479e+01 -1.9618e-02 -3.8809e-02  2.5453e+01  7.8614e-02  1.0422e-01 -2.5453e+01 -7.8614e-02 -1.0422e-01
-3.5750e+00     1.1369e+01  1.9977e-02  3.5006e-02 -1.1369e+01 -1.9977e-02 -3.5006e-02  2.5548e+01  7.8779e-02  1.0453e-01 -2.5548e+01 -7.8779e-02 -1.0453e-01
-3.5667e+00     1.6245e+01  2.7445e-02  4.0838e-02 -1.6245e+01 -2.7445e-02 -4.0838e-02  2.5663e+01  7.8976e-02  1.0485e-01 -2.5663e+01 -7.8976e-02 -1.0485e-01
-3.5583e+00     1.6119e+01  2.3895e-02  4.0630e-02 -1.6119e+01 -2.3895e-02 -4.0630e-02  2.5798e+01  7.9189e-02  1.0519e-01 -2.5798e+01 -7.9189e-02 -1.0519e-01
-3.5500e+00     1.2339e+01  1.6778e-02  3.1137e-02 -1.2339e+01 -1.6778e-02 -3.1137e-02  2.5916e+01  7.9359e-02  1.0548e-01 -2.5916e+01 -7.9359e-02 -1.0548e-01
-3.5417e+00     9.5121e+00  1.1358e-02  2.0584e-02 -9.5121e+00 -1.1358e-02 -2.0584e-02  2.6007e+01  7.9476e-02  1.0570e-01 -2.6007e+01 -7.9476e-02 -1.0570e-01
-3.5333e+00     9.3829e+00  1.0805e-02  1.8417e-02 -9.3829e+00 -1.0805e-02 -1.8417e-02  2.6086e+01  7.9568e-02  1.0586e-01 -2.6086e+01 -7.9568e-02 -1.0586e-01
-3.5250e+00     8.0480e+00  8.8697e-03  1.8631e-02 -8.0480e+00 -8.8697e-03 -1.8631e-02  2.6158e+01  7.9650e-02  1.0602e-01 -2.6158e+01 -7.9650e-02 -1.0602e-01
-3.5167e+00     7.1187e+00  7.6893e-03  1.7724e-02 -7.1187e+00 -7.6893e-03 -1.7724e-02  2.6221e+01  7.9719e-02  1.0617e-01 -2.6221e+01 -7.9719e-02 -1.0617e-01
-3.5083e+00     6.0285e+00  6.3777e-03  1.6234e-02 -6.0285e+00 -6.3777e-03 -1.6234e-02  2.6276e+01  7.9777e-02  1.0631e-01 -2.6276e+01 -7.9777e-02 -1.0631e-01
-3.5000e+00     4.2647e+00  3.5992e-03  1.3123e-02 -4.2647e+00 -3.5992e-03 -1.3123e-02  2.6319e+01  7.9819e-02  1.0643e-01 -2.6319e+01 -7.9819e-02 -1.0643e-01
-3.4917e+00     2.8984e+00  2.5094e-03  1.0281e-02 -2.8984e+00 -2.5094e-03 -1.0281e-02  2.6348e+01  7.9844e-02  1.0653e-01 -2.6348e+01 -7.9844e-02 -1.0653e-01
-3.4833e+00     1.7622e+00  2.2888e-03  7.4656e-03 -1.7622e+00 -2.2888e-03 -7.4656e-03  2.6368e+01  7.9864e-02  1.0660e-01 -2.6368e+01 -7.9864e-02 -1.0660e-01
-3.4750e+00     2.3070e+00  3.4180e-03  9.7435e-03 -2.3070e+00 -3.4180e-03 -9.7435e-03  2.6385e+01  7.9888e-02  1.0667e-01 -2.6385e+01 -7.9888e-02 -1.0667e-01
-3.4667e+00     2.8538e+00  4.6951e-03  1.1941e-02 -2.8538e+00 -4.6951e-03 -1.1941e-02  2.6406e+01  7.9921e-02  1.0676e-01 -2.6406e+01 -7.9921e-02 -1.0676e-01
-3.4583e+00     3.4026e+00  6.1200e-03  1.4058e-02 -3.4026e+00 -6.1200e-03 -1.4058e-02  2.6432e+01  7.9966e-02  1.0687e-01 -2.6432e+01 -7.9966e-02 -1.0687e-01
-3.4500e+00     3.8413e+00  7.4777e-03  1.5988e-02 -3.8413e+00 -7.4777e-03 -1.5988e-02  2.6462e+01  8.0023e-02  1.0700e-01 -2.6462e+01 -8.0023e-02 -1.0700e-01
-3.4417e+00     9.3550e+00  3.0714e-02  2.8214e-02 -9.3550e+00 -3.0714e-02 -2.8214e-02  2.6517e+01  8.0182e-02  1.0718e-01 -2.6517e+01 -8.0182e-02 -1.0718e-01
-3.4333e+00     9.9212e+00  2.8089e-02  3.1710e-02 -9.9212e+00 -2.8089e-02 -3.1710e-02  2.6597e+01  8.0427e-02  1.0743e-01 -2.6597e+01 -8.0427e-02 -1.0743e-01
-3.4250e+00     1.2663e+01  2.7887e-02  3.7697e-02 -1.2663e+01 -2.7887e-02 -3.7697e-02  2.6691e+01  8.0659e-02  1.0772e-01 -2.6691e+01 -8.0659e-02 -1.0772e-01
-3.4167e+00     1.3965e+01  2.1763e-02  3.4507e-02 -1.3965e+01 -2.1763e-02 -3.4507e-02  2.6802e+01  8.0866e-02  1.0802e-01 -2.6802e+01 -8.0866e-02 -1.0802e-01
-3.4083e+00     1.1852e+01  1.7253e-02  3.0259e-02 -1.1852e+01 -1.7253e-02 -3.0259e-02  2.6910e+01  8.1028e-02  1.0829e-01 -2.6910e+01 -8.1028e-02 -1.0829e-01
-3.4000e+00     6.5756e+00  6.8977e-03  1.4774e-02 -6.5756e+00 -6.8977e-03 -1.4774e-02  2.6986e+01  8.1129e-02  1.0847e-01 -2.6986e+01 -8.1129e-02 -1.0847e-01
-3.3917e+00     5.0798e+00  5.2360e-03  9.2114e-03 -5.0798e+00 -5.2360e-03 -9.2114e-03  2.7035e+01  8.1179e-02  1.0857e-01 -2.7035e+01 -8.1179e-02 -1.0857e-01
-3.3833e+00     5.2140e+00  5.3335e-03  1.0115e-02 -5.2140e+00 -5.3335e-03 -1.0115e-02  2.7078e+01  8.1223e-02  1.0865e-01 -2.7078e+01 -8.1223e-02 -1.0865e-01
-3.3750e+00     7.3258e+00  6.7552e-03  1.7549e-02 -7.3258e+00 -6.7552e-03 -1.7549e-02  2.7130e+01  8.1273e-02  1.0877e-01 -2.7130e+01 -8.1273e-02 -1.0877e-01
-3.3667e+00     9.2451e+00  7.7051e-03  2.1847e-02 -9.2451e+00 -7.7051e-03 -2.1847e-02  2.7199e+01  8.1334e-02  1.0893e-01 -2.7199e+01 -8.1334e-02 -1.0893e-01
-3.3583e+00     9.9820e+00  7.6385e-03  2.1620e-02 -9.9820e+00 -7.6385e-03 -2.1620e-02  2.7279e+01  8.1397e-02  1.0911e-01 -2.7279e+01 -8.1397e-02 -1.0911e-01
-3.3500e+00     9.3420e+00  6.9193e-03  1.9305e-02 -9.3420e+00 -6.9193e-03 -1.9305e-02  2.7359e+01  8.1458e-02  1.0928e-01 -2.7359e+01 -8.1458e-02 -1.0928e-01
-3.3417e+00     9.3110e+00  6.0630e-03  1.7376e-02 -9.3110e+00 -6.0630e-03 -1.7376e-02  2.7437e+01  8.1512e-02  1.0944e-01 -2.7437e+01 -8.1512e-02 -1.0944e-01
-3.3333e+00     7.3458e+00  4.5869e-03  1.4258e-02 -7.3458e+00 -4.5869e-03 -1.4258e-02  2.7506e+01  8.1556e-02  1.0957e-01 -2.7506e+01 -8.1556e-02 -1.0957e-01
-3.3250e+00     6.9937e+00  4.2811e-03  1.4397e-02 -6.9937e+00 -4.2811e-03 -1.4397e-02  2.7565e+01  8.1593e-02  1.0969e-01 -2.7565e+01 -8.1593e-02 -1.0969e-01
-3.3167e+00     6.6870e+00  4.0953e-03  1.4305e-02 -6.6870e+00 -4.0953e-03 -1.4305e-02  2.7622e+01  8.1628e-02  1.0981e-01 -2.7622e+01 -8.1628e-02 -1.0981e-01
-3.3083e+00     6.6121e+00  4.0297e-03  1.4665e-02 -6.6121e+00 -4.0297e-03 -1.4665e-02  2.7678e+01  8.1662e-02  1.0993e-01 -2.7678e+01 -8.1662e-02 -1.0993e-01
-3.3000e+00     7.0372e+00  4.2250e-03  1.7182e-02 -7.0372e+00 -4.2250e-03 -1.7182e-02  2.7735e+01  8.1696e-02  1.1006e-01 -2.7735e+01 -8.1696e-02 -1.1006e-01
-3.2917e+00     7.6185e+00  4.5029e-03  2.0483e-02 -7.6185e+00 -4.5029e-03 -2.0483e-02  2.7795e+01  8.1732e-02  1.1022e-01 -2.7795e+01 -8.1732e-02 -1.1022e-01
-3.2833e+00     7.9127e+00  4.8543e-03  2.3924e-02 -7.9127e+00 -4.8543e-03 -2.3924e-02  2.7860e+01  8.1771e-02  1.1040e-01 -2.7860e+01 -8.1771e-02 -1.1040e-01
-3.2750e+00     7.4580e+00  4.9503e-03  2.6041e-02 -7.4580e+00 -4.9503e-03 -2.6041e-02  2.7924e+01  8.1812e-02  1.1061e-01 -2.7924e+01 -8.1812e-02 -1.1061e-01
-3.2667e+00     6.7312e+00  5.2206e-03  2.6673e-02 -6.7312e+00 -5.2206e-03 -2.6673e-02  2.7983e+01  8.1854e-02  1.1083e-01 -2.7983e+01 -8.1854e-02 -1.1083e-01
-3.2583e+00     6.3372e+00  5.7071e-03  2.5029e-02 -6.3372e+00 -5.7071e-03 -2.5029e-02  2.8037e+01  8.1900e-02  1.1104e-01 -2.8037e+01 -8.1900e-02 -1.1104e-01
-3.2500e+00     6.8258e+00  6.4925e-03  2.5161e-02 -6.8258e+00 -6.4925e-03 -2.5161e-02  2.8092e+01  8.1951e-02  1.1125e-01 -2.8092e+01 -8.1951e-02 -1.1125e-01
-3.2417e+00     6.9386e+00  6.9145e-03  2.4984e-02 -6.9386e+00 -6.9145e-03 -2.4984e-02  2.8149e+01  8.2006e-02  1.1146e-01 -2.8149e+01 -8.2006e-02 -1.1146e-01
-3.2333e+00     6.6947e+00  6.9564e-03  2.3969e-02 -6.6947e+00 -6.9564e-03 -2.3969e-02  2.8206e+01  8.2064e-02  1.1167e-01 -2.8206e+01 -8.2064e-02 -1.1167e-01
-3.2250e+00     6.1259e+00  6.6297e-03  2.1825e-02 -6.1259e+00 -6.6297e-03 -2.1825e-02  2.8259e+01  8.2121e-02  1.1186e-01 -2.8259e+01 -8.2121e-02 -1.1186e-01
-3.2167e+00     3.8980e+00  4.2489e-03  1.3495e-02 -3.8980e+00 -4.2489e-03 -1.3495e-02  2.8301e+01  8.2166e-02  1.1200e-01 -2.8301e+01 -8.2166e-02 -1.1200e-01
-3.2083e+00     0.0000e+00  0.0000e+00  0.0000e+00 -0.0000e+00 -0.0000e+00 -0.0000e+00  2.8317e+01  8.2184e-02  1.1206e-01 -2.8317e+01 -8.2184e-02 -1.1206e-01
-3.2000e+00     0.0000e+00  0.0000e+00  0.0000e+00 -0.0000e+00 -0.0000e+00 -0.0000e+00  2.8317e+01  8.2184e-02  1.1206e-01 -2.8317e+01 -8.2184e-02 -1.1206e-01
-3.1917e+00     0.0000e+00  0.0000e+00  0.0000e+00 -0.0000e+00 -0.0000e+00 -0.0000e+00  2.8317e+01  8.2184e-02  1.1206e-01 -2.8317e+01 -8.2184e-02 -1.1206e-01
-3.1833e+00     0.0000e+00  0.0000e+00  0.0000e+00 -0.0000e+00 -0.0000e+00 -0.0000e+00  2.8317e+01  8.2184e-02  1.1206e-01 -2.8317e+01 -8.2184e-02 -1.1206e-01
-3.1750e+00     0.0000e+00  0.0000e+00  0.0000e+00 -0.0000e+00 -0.0000e+00 -0.0000e+00  2.8317e+01  8.2184e-02  1.1206e-01 -2.8317e+01 -8.2184e-02 -1.1206e-01
-3.1667e+00     0.0000e+00  0.0000e+00  0.0000e+00 -0.0000e+00 -0.0000e+00 -0.0000e+00  2.8317e+01  8.2184e-02  1.1206e-01 -2.8317e+01 -8.2184e-02 -1.1206e-01
-3.1583e+00     0.0000e+00  0.0000e+00  0.0000e+00 -0.0000e+00 -0.0000e+00 -0.0000e+00  2.8317e+01  8.2184e-02  1.1206e-01 -2.8317e+01 -8.2184e-02 -1.1206e-01
-3.1500e+00     0.0000e+00  0.0000e+00  0.0000e+00 -0.0000e+00 -0.0000e+00 -0.0000e+00  2.8317e+01  8.2184e-02  1.1206e-01 -2.8317e+01 -8.2184e-02 -1.1206e-01
-3.1417e+00     0.0000e+00  0.0000e+00  0.0000e+00 -0.0000e+00 -0.0000e+00 -0.0000e+00  2.8317e+01  8.2184e-02  1.1206e-01 -2.8317e+01 -8.2184e-02 -1.1206e-01
-3.1333e+00     0.0000e+00  0.0000e+00  0.0000e+00 -0.0000e+00 -0.0000e+00 -0.0000e+00  2.8317e+01  8.2184e-02  1.1206e-01 -2.8317e+01 -8.2184e-02 -1.1206e-01
-3.1250e+00     0.0000e+00  0.0000e+00  0.0000e+00 -0.0000e+00 -0.0000e+00 -0.0000e+00  2.8317e+01  8.2184e-02  1.1206e-01 -2.8317e+01 -8.2184e-02 -1.1206e-01
-3.1167e+00     0.0000e+00  0.0000e+00  0.0000e+00 -0.0000e+00 -0.0000e+00 -0.0000e+00  2.8317e+01  8.2184e-02  1.1206e-01 -2.8317e+01 -8.2184e-02 -1.1206e-01
-3.1083e+00     0.0000e+00  0.0000e+00  0.0000e+00 -0.0000e+00 -0.0000e+00 -0.0000e+00  2.8317e+01  8.2184e-02  1.1206e-01 -2.8317e+01 -8.2184e-02 -1.1206e-01
-3.1000e+00     0.0000e+00  0.0000e+00  0.0000e+00 -0.0000e+00 -0.0000e+00 -0.0000e+00  2.8317e+01  8.2184e-02  1.1206e-01 -2.8317e+01 -8.2184e-02 -1.1206e-01
-3.0917e+00     0.0000e+00  0.0000e+00  0.0000e+00 -0.0000e+00 -0.0000e+00 -0.0000e+00  2.8317e+01  8.2184e-02  1.1206e-01 -2.8317e+01 -8.2184e-02 -1.1206e-01
-3.0833e+00     0.0000e+00  0.0000e+00  0.0000e+00 -0.0000e+00 -0.0000e+00 -0.0000e+00  2.8317e+01  8.2184e-02  1.1206e-01 -2.8317e+01 -8.2184e-02 -1.1206e-01
-3.0750e+00     0.0000e+00  0.0000e+00  0.0000e+00 -0.0000e+00 -0.0000e+00 -0.0000e+00  2.8317e+01  8.2184e-02  1.1206e-01 -2.8317e+01 -8.2184e-02 -1.1206e-01
-3.0667e+00     0.0000e+00  0.0000e+00  0.0000e+00 -0.0000e+00 -0.0000e+00 -0.0000e+00  2.8317e+01  8.2184e-02  1.1206e-01 -2.8317e+01 -8.2184e-02 -1.1206e-01
-3.0583e+00     0.0000e+00  0.0000e+00  0.0000e+00 -0.0000e+00 -0.0000e+00 -0.0000e+00  2.8317e+01  8.2184e-02  1.1206e-01 -2.8317e+01 -8.2184e-02 -1.1206e-01
-3.0500e+00     0.0000e+00  0.0000e+00  0.0000e+00 -0.0000e+00 -0.0000e+00 -0.0000e+00  2.8317e+01  8.2184e-02  1.1206e-01 -2.8317e+01 -8.2184e-02 -1.1206e-01
-3.0417e+00     0.0000e+00  0.0000e+00  0.0000e+00 -0.0000e+00 -0.0000e+00 -0.0000e+00  2.8317e+01  8.2184e-02  1.1206e-01 -2.8317e+01 -8.2184e-02 -1.1206e-01
-3.0333e+00     0.0000e+00  0.0000e+00  0.0000e+00 -0.0000e+00 -0.0000e+00 -0.0000e+00  2.8317e+01  8.2184e-02  1.1206e-01 -2.8317e+01 -8.2184e-02 -1.1206e-01
-3.0250e+00     0.0000e+00  0.0000e+00  0.0000e+00 -0.0000e+00 -0.0000e+00 -0.0000e+00  2.8317e+01  8.2184e-02  1.1206e-01 -2.8317e+01 -8.2184e-02 -1.1206e-01
-3.0167e+00     0.0000e+00  0.0000e+00  0.0000e+00 -0.0000e+00 -0.0000e+00 -0.0000e+00  2.8317e+01  8.2184e-02  1.1206e-01 -2.8317e+01 -8.2184e-02 -1.1206e-01
-3.0083e+00     0.0000e+00  0.0000e+00  0.0000e+00 -0.0000e+00 -0.0000e+00 -0.0000e+00  2.8317e+01  8.2184e-02  1.1206e-01 -2.8317e+01 -8.2184e-02 -1.1206e-01
-3.0000e+00     0.0000e+00  0.0000e+00  0.0000e+00 -0.0000e+00 -0.0000e+00 -0.0000e+00  2.8317e+01  8.2184e-02  1.1206e-01 -2.8317e+01 -8.2184e-02 -1.1206e-01
-2.9917e+00     0.0000e+00  0.0000e+00  0.0000e+00 -0.0000e+00 -0.0000e+00 -0.0000e+00  2.8317e+01  8.2184e-02  1.1206e-01 -2.8317e+01 -8.2184e-02 -1.1206e-01
-2.9833e+00     0.0000e+00  0.0000e+00  0.0000e+00 -0.0000e+00 -0.0000e+00 -0.0000e+00  2.8317e+01  8.2184e-02  1.1206e-01 -2.8317e+01 -8.2184e-02 -1.1206e-01
-2.9750e+00     0.0000e+00  0.0000e+00  0.0000e+00 -0.0000e+00 -0.0000e+00 -0.0000e+00  2.8317e+01  8.2184e-02  1.1206e-01 -2.8317e+01 -8.2184e-02 -1.1206e-01
-2.9667e+00     7.4910e+00  9.2608e-03  5.7775e-02 -7.4910e+00 -9.2608e-03 -5.7775e-02  2.8349e+01  8.2222e-02  1.1230e-01 -2.8349e+01 -8.2222e-02 -1.1230e-01
-2.9583e+00     1.1956e+01  1.5159e-02  8.8194e-02 -1.1956e+01 -1.5159e-02 -8.8194e-02  2.8429e+01  8.2324e-02  1.1291e-01 -2.8429e+01 -8.2324e-02 -1.1291e-01
-2.9500e+00     1.9577e+01  2.2262e-02  1.1759e-01 -1.9577e+01 -2.2262e-02 -1.1759e-01  2.8561e+01  8.2479e-02  1.1376e-01 -2.8561e+01 -8.2479e-02 -1.1376e-01
-2.9417e+00     2.5163e+01  2.8066e-02  1.3513e-01 -2.5163e+01 -2.8066e-02 -1.3513e-01  2.8747e+01  8.2689e-02  1.1481e-01 -2.8747e+01 -8.2689e-02 -1.1481e-01
-2.9333e+00     2.6815e+01  2.7818e-02  1.2278e-01 -2.6815e+01 -2.7818e-02 -1.2278e-01  2.8963e+01  8.2921e-02  1.1589e-01 -2.8963e+01 -8.2921e-02 -1.1589e-01
-2.9250e+00     2.4669e+01  2.0251e-02  8.4753e-02 -2.4669e+01 -2.0251e-02 -8.4753e-02  2.9177e+01  8.3121e-02  1.1675e-01 -2.9177e+01 -8.3121e-02 -1.1675e-01
-2.9167e+00     1.7471e+00  1.1755e-03  1.2077e-02 -1.7471e+00 -1.1755e-03 -1.2077e-02  2.9287e+01  8.3210e-02  1.1715e-01 -2.9287e+01 -8.3210e-02 -1.1715e-01
-2.9083e+00     3.0126e+00  2.1134e-03  2.4512e-02 -3.0126e+00 -2.1134e-03 -2.4512e-02  2.9307e+01  8.3224e-02  1.1730e-01 -2.9307e+01 -8.3224e-02 -1.1730e-01
-2.9000e+00     5.1836e+00  3.7658e-03  4.3988e-02 -5.1836e+00 -3.7658e-03 -4.3988e-02  2.9341e+01  8.3248e-02  1.1759e-01 -2.9341e+01 -8.3248e-02 -1.1759e-01
-2.8917e+00     7.6447e+00  5.7156e-03  7.4737e-02 -7.6447e+00 -5.7156e-03 -7.4737e-02  2.9394e+01  8.3288e-02  1.1808e-01 -2.9394e+01 -8.3288e-02 -1.1808e-01
-2.8833e+00     3.4090e+01  2.4981e-02  3.0330e-01 -3.4090e+01 -2.4981e-02 -3.0330e-01  2.9568e+01  8.3415e-02  1.1966e-01 -2.9568e+01 -8.3415e-02 -1.1966e-01
-2.8750e+00     4.4386e+01  4.0973e-02  4.6461e-01 -4.4386e+01 -4.0973e-02 -4.6461e-01  2.9894e+01  8.3690e-02  1.2285e-01 -2.9894e+01 -8.3690e-02 -1.2285e-01
-2.8667e+00     1.0868e+01  1.0040e-02  1.0782e-01 -1.0868e+01 -1.0040e-02 -1.0782e-01  3.0124e+01  8.3902e-02  1.2523e-01 -3.0124e+01 -8.3902e-02 -1.2523e-01
-2.8583e+00     8.9489e+00  9.0247e-03  9.0599e-02 -8.9489e+00 -9.0247e-03 -9.0599e-02  3.0207e+01  8.3981e-02  1.2606e-01 -3.0207e+01 -8.3981e-02 -1.2606e-01
-2.8500e+00     7.4880e+00  8.3547e-03  8.0404e-02 -7.4880e+00 -8.3547e-03 -8.0404e-02  3.0275e+01  8.4054e-02  1.2677e-01 -3.0275e+01 -8.4054e-02 -1.2677e-01
-2.8417e+00     1.0657e+00  1.2423e-03  1.2478e-02 -1.0657e+00 -1.2423e-03 -1.2478e-02  3.0310e+01  8.4094e-02  1.2715e-01 -3.0310e+01 -8.4094e-02 -1.2715e-01
-2.8333e+00     0.0000e+00  0.0000e+00  0.0000e+00 -0.0000e+00 -0.0000e+00 -0.0000e+00  3.0315e+01  8.4099e-02  1.2721e-01 -3.0315e+01 -8.4099e-02 -1.2721e-01
-2.8250e+00     0.0000e+00  0.0000e+00  0.0000e+00 -0.0000e+00 -0.0000e+00 -0.0000e+00  3.0315e+01  8.4099e-02  1.2721e-01 -3.0315e+01 -8.4099e-02 -1.2721e-01
-2.8167e+00     1.6264e+01  6.5572e-03  4.3844e-02 -1.6264e+01 -6.5572e-03 -4.3844e-02  3.0383e+01  8.4126e-02  1.2739e-01 -3.0383e+01 -8.4126e-02 -1.2739e-01
-2.8083e+00     1.6270e+01  8.0913e-03  4.9322e-02 -1.6270e+01 -8.0913e-03 -4.9322e-02  3.0518e+01  8.4187e-02  1.2778e-01 -3.0518e+01 -8.4187e-02 -1.2778e-01
-2.8000e+00     1.8369e+01  9.6338e-03  5.9334e-02 -1.8369e+01 -9.6338e-03 -5.9334e-02  3.0662e+01  8.4261e-02  1.2823e-01 -3.0662e+01 -8.4261e-02 -1.2823e-01
-2.7917e+00     2.2516e+01  1.0125e-02  7.7184e-02 -2.2516e+01 -1.0125e-02 -7.7184e-02  3.0832e+01  8.4343e-02  1.2880e-01 -3.0832e+01 -8.4343e-02 -1.2880e-01
-2.7833e+00     1.9447e+01  6.8576e-03  8.1816e-02 -1.9447e+01 -6.8576e-03 -8.1816e-02  3.1007e+01  8.4413e-02  1.2946e-01 -3.1007e+01 -8.4413e-02 -1.2946e-01
-2.7750e+00     1.3919e+01  4.4577e-03  5.8949e-02 -1.3919e+01 -4.4577e-03 -5.8949e-02  3.1145e+01  8.4461e-02  1.3004e-01 -3.1145e+01 -8.4461e-02 -1.3004e-01
-2.7667e+00     9.9680e+00  2.5844e-03  4.3331e-02 -9.9680e+00 -2.5844e-03 -4.3331e-02  3.1245e+01  8.4490e-02  1.3047e-01 -3.1245e+01 -8.4490e-02 -1.3047e-01
-2.7583e+00     0.0000e+00  0.0000e+00  0.0000e+00 -0.0000e+00 -0.0000e+00 -0.0000e+00  3.1286e+01  8.4501e-02  1.3065e-01 -3.1286e+01 -8.4501e-02 -1.3065e-01
-2.7500e+00     0.0000e+00  0.0000e+00  0.0000e+00 -0.0000e+00 -0.0000e+00 -0.0000e+00  3.1286e+01  8.4501e-02  1.3065e-01 -3.1286e+01 -8.4501e-02 -1.3065e-01
-2.7417e+00     0.0000e+00  0.0000e+00  0.0000e+00 -0.0000e+00 -0.0000e+00 -0.0000e+00  3.1286e+01  8.4501e-02  1.3065e-01 -3.1286e+01 -8.4501e-02 -1.3065e-01
-2.7333e+00     0.0000e+00  0.0000e+00  0.0000e+00 -0.0000e+00 -0.0000e+00 -0.0000e+00  3.1286e+01  8.4501e-02  1.3065e-01 -3.1286e+01 -8.4501e-02 -1.3065e-01
-2.7250e+00     0.0000e+00  0.0000e+00  0.0000e+00 -0.0000e+00 -0.0000e+00 -0.0000e+00  3.1286e+01  8.4501e-02  1.3065e-01 -3.1286e+01 -8.4501e-02 -1.3065e-01
-2.7167e+00     0.0000e+00  0.0000e+00  0.0000e+00 -0.0000e+00 -0.0000e+00 -0.0000e+00  3.1286e+01  8.4501e-02  1.3065e-01 -3.1286e+01 -8.4501e-02 -1.3065e-01
-2.7083e+00     0.0000e+00  0.0000e+00  0.0000e+00 -0.0000e+00 -0.0000e+00 -0.0000e+00  3.1286e+01  8.4501e-02  1.3065e-01 -3.1286e+01 -8.4501e-02 -1.3065e-01
-2.7000e+00     0.0000e+00  0.0000e+00  0.0000e+00 -0.0000e+00 -0.0000e+00 -0.0000e+00  3.1286e+01  8.4501e-02  1.3065e-01 -3.1286e+01 -8.4501e-02 -1.3065e-01
-2.6917e+00     0.0000e+00  0.0000e+00  0.0000e+00 -0.0000e+00 -0.0000e+00 -0.0000e+00  3.1286e+01  8.4501e-02  1.3065e-01 -3.1286e+01 -8.4501e-02 -1.3065e-01
-2.6833e+00     0.0000e+00  0.0000e+00  0.0000e+00 -0.0000e+00 -0.0000e+00 -0.0000e+00  3.1286e+01  8.4501e-02  1.3065e-01 -3.1286e+01 -8.4501e-02 -1.3065e-01
-2.6750e+00     0.0000e+00  0.0000e+00  0.0000e+00 -0.0000e+00 -0.0000e+00 -0.0000e+00  3.1286e+01  8.4501e-02  1.3065e-01 -3.1286e+01 -8.4501e-02 -1.3065e-01
-2.6667e+00     0.0000e+00  0.0000e+00  0.0000e+00 -0.0000e+00 -0.0000e+00 -0.0000e+00  3.1286e+01  8.4501e-02  1.3065e-01 -3.1286e+01 -8.4501e-02 -1.3065e-01
-2.6583e+00     0.0000e+00  0.0000e+00  0.0000e+00 -0.0000e+00 -0.0000e+00 -0.0000e+00  3.1286e+01  8.4501e-02  1.3065e-01 -3.1286e+01 -8.4501e-02 -1.3065e-01
-2.6500e+00     0.0000e+00  0.0000e+00  0.0000e+00 -0.0000e+00 -0.0000e+00 -0.0000e+00  3.1286e+01  8.4501e-02  1.3065e-01 -3.1286e+01 -8.4501e-02 -1.3065e-01
-2.6417e+00     0.0000e+00  0.0000e+00  0.0000e+00 -0.0000e+00 -0.0000e+00 -0.0000e+00  3.1286e+01  8.4501e-02  1.3065e-01 -3.1286e+01 -8.4501e-02 -1.3065e-01
-2.6333e+00     0.0000e+00  0.0000e+00  0.0000e+00 -0.0000e+00 -0.0000e+00 -0.0000e+00  3.1286e+01  8.4501e-02  1.3065e-01 -3.1286e+01 -8.4501e-02 -1.3065e-01
-2.6250e+00     0.0000e+00  0.0000e+00  0.0000e+00 -0.0000e+00 -0.0000e+00 -0.0000e+00  3.1286e+01  8.4501e-02  1.3065e-01 -3.1286e+01 -8.4501e-02 -1.3065e-01
-2.6167e+00     0.0000e+00  0.0000e+00  0.0000e+00 -0.0000e+00 -0.0000e+00 -0.0000e+00  3.1286e+01  8.4501e-02  1.3065e-01 -3.1286e+01 -8.4501e-02 -1.3065e-01
-2.6083e+00     0.0000e+00  0.0000e+00  0.0000e+00 -0.0000e+00 -0.0000e+00 -0.0000e+00  3.1286e+01  8.4501e-02  1.3065e-01 -3.1286e+01 -8.4501e-02 -1.3065e-01
-2.6000e+00     0.0000e+00  0.0000e+00  0.0000e+00 -0.0000e+00 -0.0000e+00 -0.0000e+00  3.1286e+01  8.4501e-02  1.3065e-01 -3.1286e+01 -8.4501e-02 -1.3065e-01
-2.5917e+00     0.0000e+00  0.0000e+00  0.0000e+00 -0.0000e+00 -0.0000e+00 -0.0000e+00  3.1286e+01  8.4501e-02  1.3065e-01 -3.1286e+01 -8.4501e-02 -1.3065e-01
-2.5833e+00     0.0000e+00  0.0000e+00  0.0000e+00 -0.0000e+00 -0.0000e+00 -0.0000e+00  3.1286e+01  8.4501e-02  1.3065e-01 -3.1286e+01 -8.4501e-02 -1.3065e-01
-2.5750e+00     0.0000e+00  0.0000e+00  0.0000e+00 -0.0000e+00 -0.0000e+00 -0.0000e+00  3.1286e+01  8.4501e-02  1.3065e-01 -3.1286e+01 -8.4501e-02 -1.3065e-01
-2.5667e+00     0.0000e+00  0.0000e+00  0.0000e+00 -0.0000e+00 -0.0000e+00 -0.0000e+00  3.1286e+01  8.4501e-02  1.3065e-01 -3.1286e+01 -8.4501e-02 -1.3065e-01
-2.5583e+00     0.0000e+00  0.0000e+00  0.0000e+00 -0.0000e+00 -0.0000e+00 -0.0000e+00  3.1286e+01  8.4501e-02  1.3065e-01 -3.1286e+01 -8.4501e-02 -1.3065e-01
-2.5500e+00     0.0000e+00  0.0000e+00  0.0000e+00 -0.0000e+00 -0.0000e+00 -0.0000e+00  3.1286e+01  8.4501e-02  1.3065e-01 -3.1286e+01 -8.4501e-02 -1.3065e-01
-2.5417e+00     0.0000e+00  0.0000e+00  0.0000e+00 -0.0000e+00 -0.0000e+00 -0.0000e+00  3.1286e+01  8.4501e-02  1.3065e-01 -3.1286e+01 -8.4501e-02 -1.3065e-01
-2.5333e+00     0.0000e+00  0.0000e+00  0.0000e+00 -0.0000e+00 -0.0000e+00 -0.0000e+00  3.1286e+01  8.4501e-02  1.3065e-01 -3.1286e+01 -8.4501e-02 -1.3065e-01
-2.5250e+00     0.0000e+00  0.0000e+00  0.0000e+00 -0.0000e+00 -0.0000e+00 -0.0000e+00  3.1286e+01  8.4501e-02  1.3065e-01 -3.1286e+01 -8.4501e-02 -1.3065e-01
-2.5167e+00     0.0000e+00  0.0000e+00  0.0000e+00 -0.0000e+00 -0.0000e+00 -0.0000e+00  3.1286e+01  8.4501e-02  1.3065e-01 -3.1286e+01 -8.4501e-02 -1.3065e-01
-2.5083e+00     0.0000e+00  0.0000e+00  0.0000e+00 -0.0000e+00 -0.0000e+00 -0.0000e+00  3.1286e+01  8.4501e-02  1.3065e-01 -3.1286e+01 -8.4501e-02 -1.3065e-01
-2.5000e+00     0.0000e+00  0.0000e+00  0.0000e+00 -0.0000e+00 -0.0000e+00 -0.0000e+00  3.1286e+01  8.4501e-02  1.3065e-01 -3.1286e+01 -8.4501e-02 -1.3065e-01
-2.4917e+00     0.0000e+00  0.0000e+00  0.0000e+00 -0.0000e+00 -0.0000e+00 -0.0000e+00  3.1286e+01  8.4501e-02  1.3065e-01 -3.1286e+01 -8.4501e-02 -1.3065e-01
-2.4833e+00     0.0000e+00  0.0000e+00  0.0000e+00 -0.0000e+00 -0.0000e+00 -0.0000e+00  3.1286e+01  8.4501e-02  1.3065e-01 -3.1286e+01 -8.4501e-02 -1.3065e-01
-2.4750e+00     4.9085e-01  5.0084e-05  5.2538e-04 -4.9085e-01 -5.0084e-05 -5.2538e-04  3.1288e+01  8.4501e-02  1.3065e-01 -3.1288e+01 -8.4501e-02 -1.3065e-01
-2.4667e+00     1.1538e+00  1.1916e-04  1.2081e-03 -1.1538e+00 -1.1916e-04 -1.2081e-03  3.1295e+01  8.4501e-02  1.3066e-01 -3.1295e+01 -8.4501e-02 -1.3066e-01
-2.4583e+00     1.8974e+00  1.9804e-04  1.9480e-03 -1.8974e+00 -1.9804e-04 -1.9480e-03  3.1308e+01  8.4503e-02  1.3067e-01 -3.1308e+01 -8.4503e-02 -1.3067e-01
-2.4500e+00     2.7217e+00  2.8674e-04  2.7451e-03 -2.7217e+00 -2.8674e-04 -2.7451e-03  3.1327e+01  8.4505e-02  1.3069e-01 -3.1327e+01 -8.4505e-02 -1.3069e-01
-2.4417e+00     9.0417e+00  1.2109e-03  1.8694e-02 -9.0417e+00 -1.2109e-03 -1.8694e-02  3.1376e+01  8.4511e-02  1.3078e-01 -3.1376e+01 -8.4511e-02 -1.3078e-01
-2.4333e+00     3.5644e+00  7.5766e-04  1.8424e-02 -3.5644e+00 -7.5766e-04 -1.8424e-02  3.1428e+01  8.4519e-02  1.3093e-01 -3.1428e+01 -8.4519e-02 -1.3093e-01
-2.4250e+00     4.1367e+00  1.0196e-03  2.5935e-02 -4.1367e+00 -1.0196e-03 -2.5935e-02  3.1460e+01  8.4527e-02  1.3112e-01 -3.1460e+01 -8.4527e-02 -1.3112e-01
-2.4167e+00     4.7766e+00  1.2955e-03  3.3251e-02 -4.7766e+00 -1.2955e-03 -3.3251e-02  3.1498e+01  8.4536e-02  1.3137e-01 -3.1498e+01 -8.4536e-02 -1.3137e-01
-2.4083e+00     5.4840e+00  1.5855e-03  4.0371e-02 -5.4840e+00 -1.5855e-03 -4.0371e-02  3.1540e+01  8.4548e-02  1.3167e-01 -3.1540e+01 -8.4548e-02 -1.3167e-01
-2.4000e+00     8.0981e+00  2.6158e-03  7.5389e-02 -8.0981e+00 -2.6158e-03 -7.5389e-02  3.1597e+01  8.4566e-02  1.3215e-01 -3.1597e+01 -8.4566e-02 -1.3215e-01
-2.3917e+00     8.6094e+00  3.1519e-03  6.9900e-02 -8.6094e+00 -3.1519e-03 -6.9900e-02  3.1666e+01  8.4590e-02  1.3276e-01 -3.1666e+01 -8.4590e-02 -1.3276e-01
-2.3833e+00     1.1153e+01  4.4940e-03  9.5025e-02 -1.1153e+01 -4.4940e-03 -9.5025e-02  3.1748e+01  8.4622e-02  1.3344e-01 -3.1748e+01 -8.4622e-02 -1.3344e-01
-2.3750e+00     2.0314e+01  8.7467e-03  1.4767e-01 -2.0314e+01 -8.7467e-03 -1.4767e-01  3.1879e+01  8.4677e-02  1.3445e-01 -3.1879e+01 -8.4677e-02 -1.3445e-01
-2.3667e+00     2.4086e+01  1.0737e-02  1.8011e-01 -2.4086e+01 -1.0737e-02 -1.8011e-01  3.2064e+01  8.4758e-02  1.3582e-01 -3.2064e+01 -8.4758e-02 -1.3582e-01
-2.3583e+00     8.6460e+00  4.8880e-03  9.5877e-02 -8.6460e+00 -4.8880e-03 -9.5877e-02  3.2200e+01  8.4823e-02  1.3696e-01 -3.2200e+01 -8.4823e-02 -1.3696e-01
-2.3500e+00     3.3541e+00  2.2134e-03  4.8344e-02 -3.3541e+00 -2.2134e-03 -4.8344e-02  3.2250e+01  8.4852e-02  1.3756e-01 -3.2250e+01 -8.4852e-02 -1.3756e-01
-2.3417e+00     6.4471e-01  4.3900e-04  9.7943e-03 -6.4471e-01 -4.3900e-04 -9.7943e-03  3.2267e+01  8.4863e-02  1.3781e-01 -3.2267e+01 -8.4863e-02 -1.3781e-01
-2.3333e+00     0.0000e+00  0.0000e+00  0.0000e+00 -0.0000e+00 -0.0000e+00 -0.0000e+00  3.2269e+01  8.4865e-02  1.3785e-01 -3.2269e+01 -8.4865e-02 -1.3785e-01
-2.3250e+00     0.0000e+00  0.0000e+00  0.0000e+00 -0.0000e+00 -0.0000e+00 -0.0000e+00  3.2269e+01  8.4865e-02  1.3785e-01 -3.2269e+01 -8.4865e-02 -1.3785e-01
-2.3167e+00     0.0000e+00  0.0000e+00  0.0000e+00 -0.0000e+00 -0.0000e+00 -0.0000e+00  3.2269e+01  8.4865e-02  1.3785e-01 -3.2269e+01 -8.4865e-02 -1.3785e-01
-2.3083e+00     0.0000e+00  0.0000e+00  0.0000e+00 -0.0000e+00 -0.0000e+00 -0.0000e+00  3.2269e+01  8.4865e-02  1.3785e-01 -3.2269e+01 -8.4865e-02 -1.3785e-01
-2.3000e+00     0.0000e+00  0.0000e+00  0.0000e+00 -0.0000e+00 -0.0000e+00 -0.0000e+00  3.2269e+01  8.4865e-02  1.3785e-01 -3.2269e+01 -8.4865e-02 -1.3785e-01
-2.2917e+00     0.0000e+00  0.0000e+00  0.0000e+00 -0.0000e+00 -0.0000e+00 -0.0000e+00  3.2269e+01  8.4865e-02  1.3785e-01 -3.2269e+01 -8.4865e-02 -1.3785e-01
-2.2833e+00     0.0000e+00  0.0000e+00  0.0000e+00 -0.0000e+00 -0.0000e+00 -0.0000e+00  3.2269e+01  8.4865e-02  1.3785e-01 -3.2269e+01 -8.4865e-02 -1.3785e-01
-2.2750e+00     0.0000e+00  0.0000e+00  0.0000e+00 -0.0000e+00 -0.0000e+00 -0.0000e+00  3.2269e+01  8.4865e-02  1.3785e-01 -3.2269e+01 -8.4865e-02 -1.3785e-01
-2.2667e+00     0.0000e+00  0.0000e+00  0.0000e+00 -0.0000e+00 -0.0000e+00 -0.0000e+00  3.2269e+01  8.4865e-02  1.3785e-01 -3.2269e+01 -8.4865e-02 -1.3785e-01
-2.2583e+00     1.2195e+01  1.7692e-02  1.3561e+00 -1.2195e+01 -1.7692e-02 -1.3561e+00  3.2320e+01  8.4939e-02  1.4349e-01 -3.2320e+01 -8.4939e-02 -1.4349e-01
-2.2500e+00     9.9455e+00  1.8174e-02  1.0911e+00 -9.9455e+00 -1.8174e-02 -1.0911e+00  3.2412e+01  8.5088e-02  1.5367e-01 -3.2412e+01 -8.5088e-02 -1.5367e-01
-2.2417e+00     9.7588e+00  1.9417e-02  1.0676e+00 -9.7588e+00 -1.9417e-02 -1.0676e+00  3.2494e+01  8.5244e-02  1.6265e-01 -3.2494e+01 -8.5244e-02 -1.6265e-01
-2.2333e+00     8.5946e+00  1.8084e-02  9.4400e-01 -8.5946e+00 -1.8084e-02 -9.4400e-01  3.2571e+01  8.5400e-02  1.7102e-01 -3.2571e+01 -8.5400e-02 -1.7102e-01
-2.2250e+00     7.9492e+00  1.7533e-02  8.8178e-01 -7.9492e+00 -1.7533e-02 -8.8178e-01  3.2639e+01  8.5548e-02  1.7861e-01 -3.2639e+01 -8.5548e-02 -1.7861e-01
-2.2167e+00     7.6191e+00  1.8473e-02  8.6169e-01 -7.6191e+00 -1.8473e-02 -8.6169e-01  3.2704e+01  8.5698e-02  1.8586e-01 -3.2704e+01 -8.5698e-02 -1.8586e-01
-2.2083e+00     8.2147e+00  2.3184e-02  9.4593e-01 -8.2147e+00 -2.3184e-02 -9.4593e-01  3.2770e+01  8.5871e-02  1.9338e-01 -3.2770e+01 -8.5871e-02 -1.9338e-01
-2.2000e+00     8.5667e+00  2.6298e-02  9.9163e-01 -8.5667e+00 -2.6298e-02 -9.9163e-01  3.2840e+01  8.6077e-02  2.0144e-01 -3.2840e+01 -8.6077e-02 -2.0144e-01
-2.1917e+00     9.2118e+00  2.9470e-02  1.0713e+00 -9.2118e+00 -2.9470e-02 -1.0713e+00  3.2914e+01  8.6309e-02  2.1002e-01 -3.2914e+01 -8.6309e-02 -2.1002e-01
-2.1833e+00     9.2246e+00  3.0435e-02  1.0749e+00 -9.2246e+00 -3.0435e-02 -1.0749e+00  3.2990e+01  8.6558e-02  2.1895e-01 -3.2990e+01 -8.6558e-02 -2.1895e-01
-2.1750e+00     6.7715e+00  2.3073e-02  7.9056e-01 -6.7715e+00 -2.3073e-02 -7.9056e-01  3.3057e+01  8.6781e-02  2.2671e-01 -3.3057e+01 -8.6781e-02 -2.2671e-01
-2.1667e+00     6.8277e+00  2.5068e-02  8.0399e-01 -6.8277e+00 -2.5068e-02 -8.0399e-01  3.3114e+01  8.6981e-02  2.3334e-01 -3.3114e+01 -8.6981e-02 -2.3334e-01
-2.1583e+00     6.9991e+00  2.7564e-02  8.3420e-01 -6.9991e+00 -2.7564e-02 -8.3420e-01  3.3171e+01  8.7200e-02  2.4016e-01 -3.3171e+01 -8.7200e-02 -2.4016e-01
-2.1500e+00     4.8191e+00  1.9079e-02  5.7693e-01 -4.8191e+00 -1.9079e-02 -5.7693e-01  3.3220e+01  8.7394e-02  2.4603e-01 -3.3220e+01 -8.7394e-02 -2.4603e-01
-2.1417e+00     0.0000e+00  0.0000e+00  0.0000e+00 -0.0000e+00 -0.0000e+00 -0.0000e+00  3.3240e+01  8.7474e-02  2.4843e-01 -3.3240e+01 -8.7474e-02 -2.4843e-01
-2.1333e+00     0.0000e+00  0.0000e+00  0.0000e+00 -0.0000e+00 -0.0000e+00 -0.0000e+00  3.3240e+01  8.7474e-02  2.4843e-01 -3.3240e+01 -8.7474e-02 -2.4843e-01
-2.1250e+00     0.0000e+00  0.0000e+00  0.0000e+00 -0.0000e+00 -0.0000e+00 -0.0000e+00  3.3240e+01  8.7474e-02  2.4843e-01 -3.3240e+01 -8.7474e-02 -2.4843e-01
-2.1167e+00     0.0000e+00  0.0000e+00  0.0000e+00 -0.0000e+00 -0.0000e+00 -0.0000e+00  3.3240e+01  8.7474e-02  2.4843e-01 -3.3240e+01 -8.7474e-02 -2.4843e-01
-2.1083e+00     0.0000e+00  0.0000e+00  0.0000e+00 -0.0000e+00 -0.0000e+00 -0.0000e+00  3.3240e+01  8.7474e-02  2.4843e-01 -3.3240e+01 -8.7474e-02 -2.4843e-01
-2.1000e+00     0.0000e+00  0.0000e+00  0.0000e+00 -0.0000e+00 -0.0000e+00 -0.0000e+00  3.3240e+01  8.7474e-02  2.4843e-01 -3.3240e+01 -8.7474e-02 -2.4843e-01
-2.0917e+00     0.0000e+00  0.0000e+00  0.0000e+00 -0.0000e+00 -0.0000e+00 -0.0000e+00  3.3240e+01  8.7474e-02  2.4843e-01 -3.3240e+01 -8.7474e-02 -2.4843e-01
-2.0833e+00     0.0000e+00  0.0000e+00  0.0000e+00 -0.0000e+00 -0.0000e+00 -0.0000e+00  3.3240e+01  8.7474e-02  2.4843e-01 -3.3240e+01 -8.7474e-02 -2.4843e-01
-2.0750e+00     0.0000e+00  0.0000e+00  0.0000e+00 -0.0000e+00 -0.0000e+00 -0.0000e+00  3.3240e+01  8.7474e-02  2.4843e-01 -3.3240e+01 -8.7474e-02 -2.4843e-01
-2.0667e+00     0.0000e+00  0.0000e+00  0.0000e+00 -0.0000e+00 -0.0000e+00 -0.0000e+00  3.3240e+01  8.7474e-02  2.4843e-01 -3.3240e+01 -8.7474e-02 -2.4843e-01
-2.0583e+00     0.0000e+00  0.0000e+00  0.0000e+00 -0.0000e+00 -0.0000e+00 -0.0000e+00  3.3240e+01  8.7474e-02  2.4843e-01 -3.3240e+01 -8.7474e-02 -2.4843e-01
-2.0500e+00     0.0000e+00  0.0000e+00  0.0000e+00 -0.0000e+00 -0.0000e+00 -0.0000e+00  3.3240e+01  8.7474e-02  2.4843e-01 -3.3240e+01 -8.7474e-02 -2.4843e-01
-2.0417e+00     0.0000e+00  0.0000e+00  0.0000e+00 -0.0000e+00 -0.0000e+00 -0.0000e+00  3.3240e+01  8.7474e-02  2.4843e-01 -3.3240e+01 -8.7474e-02 -2.4843e-01
-2.0333e+00     0.0000e+00  0.0000e+00  0.0000e+00 -0.0000e+00 -0.0000e+00 -0.0000e+00  3.3240e+01  8.7474e-02  2.4843e-01 -3.3240e+01 -8.7474e-02 -2.4843e-01
-2.0250e+00     0.0000e+00  0.0000e+00  0.0000e+00 -0.0000e+00 -0.0000e+00 -0.0000e+00  3.3240e+01  8.7474e-02  2.4843e-01 -3.3240e+01 -8.7474e-02 -2.4843e-01
-2.0167e+00     1.8100e-01  4.4350e-04  2.1804e-03 -1.8100e-01 -4.4350e-04 -2.1804e-03  3.3241e+01  8.7475e-02  2.4844e-01 -3.3241e+01 -8.7475e-02 -2.4844e-01
-2.0083e+00     7.2450e-01  1.7671e-03  8.6570e-03 -7.2450e-01 -1.7671e-03 -8.6570e-03  3.3245e+01  8.7485e-02  2.4848e-01 -3.3245e+01 -8.7485e-02 -2.4848e-01
-2.0000e+00     1.3158e+00  3.2030e-03  1.5612e-02 -1.3158e+00 -3.2030e-03 -1.5612e-02  3.3253e+01  8.7505e-02  2.4858e-01 -3.3253e+01 -8.7505e-02 -2.4858e-01
-1.9917e+00     1.9549e+00  4.7513e-03  2.3045e-02 -1.9549e+00 -4.7513e-03 -2.3045e-02  3.3267e+01  8.7538e-02  2.4874e-01 -3.3267e+01 -8.7538e-02 -2.4874e-01
-1.9833e+00     3.7267e+00  8.3494e-03  3.5411e-02 -3.7267e+00 -8.3494e-03 -3.5411e-02  3.3290e+01  8.7593e-02  2.4899e-01 -3.3290e+01 -8.7593e-02 -2.4899e-01
-1.9750e+00     7.3448e+00  1.5863e-02  5.3920e-02 -7.3448e+00 -1.5863e-02 -5.3920e-02  3.3337e+01  8.7694e-02  2.4936e-01 -3.3337e+01 -8.7694e-02 -2.4936e-01
-1.9667e+00     8.4402e+00  1.9567e-02  5.7643e-02 -8.4402e+00 -1.9567e-02 -5.7643e-02  3.3402e+01  8.7841e-02  2.4982e-01 -3.3402e+01 -8.7841e-02 -2.4982e-01
-1.9583e+00     8.5114e+00  2.1472e-02  5.6230e-02 -8.5114e+00 -2.1472e-02 -5.6230e-02  3.3473e+01  8.8012e-02  2.5030e-01 -3.3473e+01 -8.8012e-02 -2.5030e-01
-1.9500e+00     7.2489e+00  1.8429e-02  4.4125e-02 -7.2489e+00 -1.8429e-02 -4.4125e-02  3.3538e+01  8.8178e-02  2.5071e-01 -3.3538e+01 -8.8178e-02 -2.5071e-01
-1.9417e+00     6.6861e+00  1.7717e-02  3.8277e-02 -6.6861e+00 -1.7717e-02 -3.8277e-02  3.3596e+01  8.8328e-02  2.5106e-01 -3.3596e+01 -8.8328e-02 -2.5106e-01
-1.9333e+00     6.1939e+00  1.8109e-02  3.5747e-02 -6.1939e+00 -1.8109e-02 -3.5747e-02  3.3650e+01  8.8477e-02  2.5136e-01 -3.3650e+01 -8.8477e-02 -2.5136e-01
-1.9250e+00     5.8875e+00  1.9101e-02  3.4961e-02 -5.8875e+00 -1.9101e-02 -3.4961e-02  3.3700e+01  8.8632e-02  2.5166e-01 -3.3700e+01 -8.8632e-02 -2.5166e-01
-1.9167e+00     5.6481e+00  2.0353e-02  3.5248e-02 -5.6481e+00 -2.0353e-02 -3.5248e-02  3.3748e+01  8.8796e-02  2.5195e-01 -3.3748e+01 -8.8796e-02 -2.5195e-01
-1.9083e+00     9.6595e+00  4.1276e-02  6.6048e-02 -9.6595e+00 -4.1276e-02 -6.6048e-02  3.3812e+01  8.9052e-02  2.5237e-01 -3.3812e+01 -8.9052e-02 -2.5237e-01
-1.9000e+00     9.0276e+00  3.7760e-02  5.7316e-02 -9.0276e+00 -3.7760e-02 -5.7316e-02  3.3889e+01  8.9381e-02  2.5288e-01 -3.3889e+01 -8.9381e-02 -2.5288e-01
-1.8917e+00     6.1381e+00  2.0173e-02  3.0499e-02 -6.1381e+00 -2.0173e-02 -3.0499e-02  3.3953e+01  8.9622e-02  2.5325e-01 -3.3953e+01 -8.9622e-02 -2.5325e-01
-1.8833e+00     3.7659e+00  8.6535e-03  1.2854e-02 -3.7659e+00 -8.6535e-03 -1.2854e-02  3.3994e+01  8.9742e-02  2.5343e-01 -3.3994e+01 -8.9742e-02 -2.5343e-01
-1.8750e+00     3.5168e+00  8.1383e-03  1.4029e-02 -3.5168e+00 -8.1383e-03 -1.4029e-02  3.4024e+01  8.9812e-02  2.5354e-01 -3.4024e+01 -8.9812e-02 -2.5354e-01
-1.8667e+00     3.4687e+00  7.5846e-03  1.5352e-02 -3.4687e+00 -7.5846e-03 -1.5352e-02  3.4053e+01  8.9877e-02  2.5366e-01 -3.4053e+01 -8.9877e-02 -2.5366e-01
-1.8583e+00     3.4200e+00  7.1021e-03  1.6823e-02 -3.4200e+00 -7.1021e-03 -1.6823e-02  3.4082e+01  8.9938e-02  2.5380e-01 -3.4082e+01 -8.9938e-02 -2.5380e-01
-1.8500e+00     3.3706e+00  6.6909e-03  1.8442e-02 -3.3706e+00 -6.6909e-03 -1.8442e-02  3.4110e+01  8.9996e-02  2.5394e-01 -3.4110e+01 -8.9996e-02 -2.5394e-01
-1.8417e+00     3.3206e+00  6.3509e-03  2.0210e-02 -3.3206e+00 -6.3509e-03 -2.0210e-02  3.4138e+01  9.0050e-02  2.5411e-01 -3.4138e+01 -9.0050e-02 -2.5411e-01
-1.8333e+00     3.3596e+00  5.8199e-03  2.1736e-02 -3.3596e+00 -5.8199e-03 -2.1736e-02  3.4166e+01  9.0101e-02  2.5428e-01 -3.4166e+01 -9.0101e-02 -2.5428e-01
-1.8250e+00     3.7726e+00  5.7523e-03  2.3769e-02 -3.7726e+00 -5.7523e-03 -2.3769e-02  3.4195e+01  9.0149e-02  2.5447e-01 -3.4195e+01 -9.0149e-02 -2.5447e-01
-1.8167e+00     3.9111e+00  5.5594e-03  2.5918e-02 -3.9111e+00 -5.5594e-03 -2.5918e-02  3.4227e+01  9.0196e-02  2.5468e-01 -3.4227e+01 -9.0196e-02 -2.5468e-01
-1.8083e+00     3.2512e+00  4.7216e-03  2.7726e-02 -3.2512e+00 -4.7216e-03 -2.7726e-02  3.4257e+01  9.0239e-02  2.5490e-01 -3.4257e+01 -9.0239e-02 -2.5490e-01
-1.8000e+00     2.6279e+00  3.9869e-03  2.9661e-02 -2.6279e+00 -3.9869e-03 -2.9661e-02  3.4281e+01  9.0275e-02  2.5514e-01 -3.4281e+01 -9.0275e-02 -2.5514e-01
-1.7917e+00     2.0572e+00  3.3588e-03  3.1675e-02 -2.0572e+00 -3.3588e-03 -3.1675e-02  3.4301e+01  9.0305e-02  2.5539e-01 -3.4301e+01 -9.0305e-02 -2.5539e-01
-1.7833e+00     2.1776e+00  5.0952e-03  4.4702e-02 -2.1776e+00 -5.0952e-03 -4.4702e-02  3.4319e+01  9.0340e-02  2.5571e-01 -3.4319e+01 -9.0340e-02 -2.5571e-01
-1.7750e+00     3.5222e+00  1.1594e-02  6.8757e-02 -3.5222e+00 -1.1594e-02 -6.8757e-02  3.4342e+01  9.0410e-02  2.5618e-01 -3.4342e+01 -9.0410e-02 -2.5618e-01
-1.7667e+00     5.1509e+00  2.2143e-02  9.4817e-02 -5.1509e+00 -2.2143e-02 -9.4817e-02  3.4378e+01  9.0550e-02  2.5686e-01 -3.4378e+01 -9.0550e-02 -2.5686e-01
-1.7583e+00     8.9870e+00  4.8900e-02  1.4369e-01 -8.9870e+00 -4.8900e-02 -1.4369e-01  3.4437e+01  9.0846e-02  2.5786e-01 -3.4437e+01 -9.0846e-02 -2.5786e-01
-1.7500e+00     6.3708e+00  3.8241e-02  9.5646e-02 -6.3708e+00 -3.8241e-02 -9.5646e-02  3.4501e+01  9.1208e-02  2.5885e-01 -3.4501e+01 -9.1208e-02 -2.5885e-01
-1.7417e+00     6.1025e+00  3.6747e-02  8.6979e-02 -6.1025e+00 -3.6747e-02 -8.6979e-02  3.4553e+01  9.1520e-02  2.5961e-01 -3.4553e+01 -9.1520e-02 -2.5961e-01
-1.7333e+00     5.7762e+00  3.4553e-02  7.7702e-02 -5.7762e+00 -3.4553e-02 -7.7702e-02  3.4602e+01  9.1817e-02  2.6030e-01 -3.4602e+01 -9.1817e-02 -2.6030e-01
-1.7250e+00     5.3921e+00  3.1659e-02  6.7816e-02 -5.3921e+00 -3.1659e-02 -6.7816e-02  3.4649e+01  9.2092e-02  2.6090e-01 -3.4649e+01 -9.2092e-02 -2.6090e-01
-1.7167e+00     4.9528e+00  2.8092e-02  5.7356e-02 -4.9528e+00 -2.8092e-02 -5.7356e-02  3.4692e+01  9.2341e-02  2.6142e-01 -3.4692e+01 -9.2341e-02 -2.6142e-01
-1.7083e+00     4.9260e+00  2.8264e-02  5.2016e-02 -4.9260e+00 -2.8264e-02 -5.2016e-02  3.4733e+01  9.2575e-02  2.6188e-01 -3.4733e+01 -9.2575e-02 -2.6188e-01
-1.7000e+00     5.0377e+00  3.0192e-02  4.6323e-02 -5.0377e+00 -3.0192e-02 -4.6323e-02  3.4774e+01  9.2818e-02  2.6229e-01 -3.4774e+01 -9.2818e-02 -2.6229e-01
-1.6917e+00     4.9834e+00  2.9986e-02  4.1072e-02 -4.9834e+00 -2.9986e-02 -4.1072e-02  3.4816e+01  9.3069e-02  2.6265e-01 -3.4816e+01 -9.3069e-02 -2.6265e-01
-1.6833e+00     5.6789e+00  3.4288e-02  4.3444e-02 -5.6789e+00 -3.4288e-02 -4.3444e-02  3.4860e+01  9.3336e-02  2.6300e-01 -3.4860e+01 -9.3336e-02 -2.6300e-01
-1.6750e+00     6.3613e+00  3.8437e-02  4.5622e-02 -6.3613e+00 -3.8437e-02 -4.5622e-02  3.4911e+01  9.3639e-02  2.6337e-01 -3.4911e+01 -9.3639e-02 -2.6337e-01
-1.6667e+00     6.9266e+00  4.1901e-02  4.6453e-02 -6.9266e+00 -4.1901e-02 -4.6453e-02  3.4966e+01  9.3973e-02  2.6375e-01 -3.4966e+01 -9.3973e-02 -2.6375e-01
-1.6583e+00     8.4409e+00  5.5920e-02  4.3819e-02 -8.4409e+00 -5.5920e-02 -4.3819e-02  3.5030e+01  9.4380e-02  2.6413e-01 -3.5030e+01 -9.4380e-02 -2.6413e-01
-1.6500e+00     4.9901e+00  4.4049e-02  3.4407e-02 -4.9901e+00 -4.4049e-02 -3.4407e-02  3.5086e+01  9.4795e-02  2.6446e-01 -3.5086e+01 -9.4795e-02 -2.6446e-01
-1.6417e+00     3.8690e+00  4.1889e-02  3.0564e-02 -3.8690e+00 -4.1889e-02 -3.0564e-02  3.5122e+01  9.5153e-02  2.6473e-01 -3.5122e+01 -9.5153e-02 -2.6473e-01
-1.6333e+00     3.5939e+00  4.7770e-02  2.9604e-02 -3.5939e+00 -4.7770e-02 -2.9604e-02  3.5153e+01  9.5526e-02  2.6498e-01 -3.5153e+01 -9.5526e-02 -2.6498e-01
-1.6250e+00     3.3241e+00  5.3865e-02  2.8596e-02 -3.3241e+00 -5.3865e-02 -2.8596e-02  3.5182e+01  9.5949e-02  2.6522e-01 -3.5182e+01 -9.5949e-02 -2.6522e-01
-1.6167e+00     3.0595e+00  6.0176e-02  2.7540e-02 -3.0595e+00 -6.0176e-02 -2.7540e-02  3.5209e+01  9.6423e-02  2.6545e-01 -3.5209e+01 -9.6423e-02 -2.6545e-01
-1.6083e+00     2.8037e+00  6.6777e-02  2.6488e-02 -2.8037e+00 -6.6777e-02 -2.6488e-02  3.5233e+01  9.6951e-02  2.6568e-01 -3.5233e+01 -9.6951e-02 -2.6568e-01
-1.6000e+00     2.7560e+00  7.7960e-02  2.8415e-02 -2.7560e+00 -7.7960e-02 -2.8415e-02  3.5256e+01  9.7553e-02  2.6590e-01 -3.5256e+01 -9.7553e-02 -2.6590e-01
-1.5917e+00     2.7018e+00  8.7448e-02  2.9463e-02 -2.7018e+00 -8.7448e-02 -2.9463e-02  3.5279e+01  9.8241e-02  2.6615e-01 -3.5279e+01 -9.8241e-02 -2.6615e-01
-1.5833e+00     2.8084e+00  9.8601e-02  3.0897e-02 -2.8084e+00 -9.8601e-02 -3.0897e-02  3.5302e+01  9.9015e-02  2.6640e-01 -3.5302e+01 -9.9015e-02 -2.6640e-01
-1.5750e+00     2.9202e+00  1.1013e-01  3.1911e-02 -2.9202e+00 -1.1013e-01 -3.1911e-02  3.5326e+01  9.9883e-02  2.6666e-01 -3.5326e+01 -9.9883e-02 -2.6666e-01
-1.5667e+00     2.9729e+00  1.2055e-01  3.1979e-02 -2.9729e+00 -1.2055e-01 -3.1979e-02  3.5350e+01  1.0084e-01  2.6692e-01 -3.5350e+01 -1.0084e-01 -2.6692e-01
-1.5583e+00     2.9705e+00  1.2842e-01  3.1178e-02 -2.9705e+00 -1.2842e-01 -3.1178e-02  3.5375e+01  1.0188e-01  2.6719e-01 -3.5375e+01 -1.0188e-01 -2.6719e-01
-1.5500e+00     2.8044e+00  1.2919e-01  2.8031e-02 -2.8044e+00 -1.2919e-01 -2.8031e-02  3.5399e+01  1.0295e-01  2.6743e-01 -3.5399e+01 -1.0295e-01 -2.6743e-01
-1.5417e+00     2.5981e+00  1.2859e-01  2.4236e-02 -2.5981e+00 -1.2859e-01 -2.4236e-02  3.5422e+01  1.0402e-01  2.6765e-01 -3.5422e+01 -1.0402e-01 -2.6765e-01
-1.5333e+00     2.4108e+00  1.2855e-01  2.0617e-02 -2.4108e+00 -1.2855e-01 -2.0617e-02  3.5442e+01  1.0509e-01  2.6784e-01 -3.5442e+01 -1.0509e-01 -2.6784e-01
-1.5250e+00     2.2424e+00  1.2907e-01  1.7174e-02 -2.2424e+00 -1.2907e-01 -1.7174e-02  3.5462e+01  1.0616e-01  2.6799e-01 -3.5462e+01 -1.0616e-01 -2.6799e-01
-1.5167e+00     2.0930e+00  1.3015e-01  1.3908e-02 -2.0930e+00 -1.3015e-01 -1.3908e-02  3.5480e+01  1.0724e-01  2.6812e-01 -3.5480e+01 -1.0724e-01 -2.6812e-01
-1.5083e+00     1.9625e+00  1.3180e-01  1.0818e-02 -1.9625e+00 -1.3180e-01 -1.0818e-02  3.5497e+01  1.0833e-01  2.6823e-01 -3.5497e+01 -1.0833e-01 -2.6823e-01
-1.5000e+00     2.0216e+00  1.3750e-01  1.1020e-02 -2.0216e+00 -1.3750e-01 -1.1020e-02  3.5513e+01  1.0945e-01  2.6832e-01 -3.5513e+01 -1.0945e-01 -2.6832e-01
-1.4917e+00     3.4112e+00  2.0611e-01  1.7225e-02 -3.4112e+00 -2.0611e-01 -1.7225e-02  3.5536e+01  1.1088e-01  2.6843e-01 -3.5536e+01 -1.1088e-01 -2.6843e-01
-1.4833e+00     5.2887e+00  3.2836e-01  2.6242e-02 -5.2887e+00 -3.2836e-01 -2.6242e-02  3.5572e+01  1.1310e-01  2.6861e-01 -3.5572e+01 -1.1310e-01 -2.6861e-01
-1.4750e+00     5.5368e+00  3.5143e-01  2.7316e-02 -5.5368e+00 -3.5143e-01 -2.7316e-02  3.5617e+01  1.1593e-01  2.6884e-01 -3.5617e+01 -1.1593e-01 -2.6884e-01
-1.4667e+00     5.3199e+00  3.4536e-01  2.6311e-02 -5.3199e+00 -3.4536e-01 -2.6311e-02  3.5662e+01  1.1883e-01  2.6906e-01 -3.5662e+01 -1.1883e-01 -2.6906e-01
-1.4583e+00     4.7561e+00  3.0162e-01  2.3486e-02 -4.7561e+00 -3.0162e-01 -2.3486e-02  3.5704e+01  1.2152e-01  2.6927e-01 -3.5704e+01 -1.2152e-01 -2.6927e-01
-1.4500e+00     5.1621e+00  4.0304e-01  2.9683e-02 -5.1621e+00 -4.0304e-01 -2.9683e-02  3.5745e+01  1.2445e-01  2.6949e-01 -3.5745e+01 -1.2445e-01 -2.6949e-01
-1.4417e+00     6.7204e+00  6.9366e-01  4.4562e-02 -6.7204e+00 -6.9366e-01 -4.4562e-02  3.5795e+01  1.2902e-01  2.6980e-01 -3.5795e+01 -1.2902e-01 -2.6980e-01
-1.4333e+00     8.8360e+00  1.0993e+00  6.6358e-02 -8.8360e+00 -1.0993e+00 -6.6358e-02  3.5859e+01  1.3647e-01  2.7026e-01 -3.5859e+01 -1.3647e-01 -2.7026e-01
-1.4250e+00     9.9099e+00  1.2501e+00  7.2785e-02 -9.9099e+00 -1.2501e+00 -7.2785e-02  3.5937e+01  1.4625e-01  2.7084e-01 -3.5937e+01 -1.4625e-01 -2.7084e-01
-1.4167e+00     1.3298e+01  1.6698e+00  9.7426e-02 -1.3298e+01 -1.6698e+00 -9.7426e-02  3.6034e+01  1.5839e-01  2.7155e-01 -3.6034e+01 -1.5839e-01 -2.7155e-01
-1.4083e+00     1.7838e+01  2.3514e+00  1.3206e-01 -1.7838e+01 -2.3514e+00 -1.3206e-01  3.6164e+01  1.7512e-01  2.7250e-01 -3.6164e+01 -1.7512e-01 -2.7250e-01
-1.4000e+00     1.6365e+01  2.4917e+00  1.3444e-01 -1.6365e+01 -2.4917e+00 -1.3444e-01  3.6306e+01  1.9527e-01  2.7361e-01 -3.6306e+01 -1.9527e-01 -2.7361e-01
-1.3917e+00     1.1959e+01  1.7757e+00  9.5081e-02 -1.1959e+01 -1.7757e+00 -9.5081e-02  3.6424e+01  2.1302e-01  2.7456e-01 -3.6424e+01 -2.1302e-01 -2.7456e-01
-1.3833e+00     8.7305e+00  1.1311e+00  5.1970e-02 -8.7305e+00 -1.1311e+00 -5.1970e-02  3.6510e+01  2.2511e-01  2.7518e-01 -3.6510e+01 -2.2511e-01 -2.7518e-01
-1.3750e+00     6.2451e+00  6.6855e-01  1.6243e-02 -6.2451e+00 -6.6855e-01 -1.6243e-02  3.6572e+01  2.3260e-01  2.7546e-01 -3.6572e+01 -2.3260e-01 -2.7546e-01
-1.3667e+00     6.6680e+00  7.1797e-01  1.6571e-02 -6.6680e+00 -7.1797e-01 -1.6571e-02  3.6626e+01  2.3836e-01  2.7560e-01 -3.6626e+01 -2.3836e-01 -2.7560e-01
-1.3583e+00     6.9509e+00  7.4881e-01  1.6942e-02 -6.9509e+00 -7.4881e-01 -1.6942e-02  3.6682e+01  2.4446e-01  2.7574e-01 -3.6682e+01 -2.4446e-01 -2.7574e-01
-1.3500e+00     7.2858e+00  7.9546e-01  1.4976e-02 -7.2858e+00 -7.9546e-01 -1.4976e-02  3.6742e+01  2.5089e-01  2.7587e-01 -3.6742e+01 -2.5089e-01 -2.7587e-01
-1.3417e+00     9.8549e+00  9.9262e-01  1.8582e-02 -9.8549e+00 -9.9262e-01 -1.8582e-02  3.6813e+01  2.5833e-01  2.7601e-01 -3.6813e+01 -2.5833e-01 -2.7601e-01
-1.3333e+00     1.0871e+01  1.0250e+00  2.3065e-02 -1.0871e+01 -1.0250e+00 -2.3065e-02  3.6899e+01  2.6672e-01  2.7618e-01 -3.6899e+01 -2.6672e-01 -2.7618e-01
-1.3250e+00     1.1988e+01  1.0769e+00  2.6397e-02 -1.1988e+01 -1.0769e+00 -2.6397e-02  3.6994e+01  2.7546e-01  2.7639e-01 -3.6994e+01 -2.7546e-01 -2.7639e-01
-1.3167e+00     1.4353e+01  1.2012e+00  3.6574e-02 -1.4353e+01 -1.2012e+00 -3.6574e-02  3.7104e+01  2.8494e-01  2.7665e-01 -3.7104e+01 -2.8494e-01 -2.7665e-01
-1.3083e+00     1.7126e+01  1.3397e+00  4.8244e-02 -1.7126e+01 -1.3397e+00 -4.8244e-02  3.7235e+01  2.9551e-01  2.7700e-01 -3.7235e+01 -2.9551e-01 -2.7700e-01
-1.3000e+00     1.8254e+01  1.3764e+00  5.0993e-02 -1.8254e+01 -1.3764e+00 -5.0993e-02  3.7382e+01  3.0681e-01  2.7741e-01 -3.7382e+01 -3.0681e-01 -2.7741e-01
-1.2917e+00     1.3953e+01  1.0063e+00  2.9595e-02 -1.3953e+01 -1.0063e+00 -2.9595e-02  3.7516e+01  3.1672e-01  2.7775e-01 -3.7516e+01 -3.1672e-01 -2.7775e-01
-1.2833e+00     1.1595e+01  7.8444e-01  2.2256e-02 -1.1595e+01 -7.8444e-01 -2.2256e-02  3.7622e+01  3.2417e-01  2.7797e-01 -3.7622e+01 -3.2417e-01 -2.7797e-01
-1.2750e+00     1.0400e+01  6.2034e-01  1.9369e-02 -1.0400e+01 -6.2034e-01 -1.9369e-02  3.7714e+01  3.3001e-01  2.7814e-01 -3.7714e+01 -3.3001e-01 -2.7814e-01
-1.2667e+00     8.4959e+00  4.0827e-01  1.5663e-02 -8.4959e+00 -4.0827e-01 -1.5663e-02  3.7792e+01  3.3429e-01  2.7828e-01 -3.7792e+01 -3.3429e-01 -2.7828e-01
-1.2583e+00     8.3674e+00  3.3459e-01  1.5056e-02 -8.3674e+00 -3.3459e-01 -1.5056e-02  3.7862e+01  3.3738e-01  2.7841e-01 -3.7862e+01 -3.3738e-01 -2.7841e-01
-1.2500e+00     8.6777e+00  3.0757e-01  1.5620e-02 -8.6777e+00 -3.0757e-01 -1.5620e-02  3.7933e+01  3.4005e-01  2.7854e-01 -3.7933e+01 -3.4005e-01 -2.7854e-01
-1.2417e+00     1.1493e+01  3.3247e-01  1.8978e-02 -1.1493e+01 -3.3247e-01 -1.8978e-02  3.8017e+01  3.4271e-01  2.7868e-01 -3.8017e+01 -3.4271e-01 -2.7868e-01
-1.2333e+00     1.7102e+01  4.0670e-01  2.6663e-02 -1.7102e+01 -4.0670e-01 -2.6663e-02  3.8136e+01  3.4579e-01  2.7887e-01 -3.8136e+01 -3.4579e-01 -2.7887e-01
-1.2250e+00     1.2682e+01  3.0690e-01  2.0594e-02 -1.2682e+01 -3.0690e-01 -2.0594e-02  3.8260e+01  3.4876e-01  2.7907e-01 -3.8260e+01 -3.4876e-01 -2.7907e-01
-1.2167e+00     1.1966e+01  2.9661e-01  2.8066e-02 -1.1966e+01 -2.9661e-01 -2.8066e-02  3.8363e+01  3.5127e-01  2.7927e-01 -3.8363e+01 -3.5127e-01 -2.7927e-01
-1.2083e+00     1.1516e+01  2.9569e-01  3.5426e-02 -1.1516e+01 -2.9569e-01 -3.5426e-02  3.8460e+01  3.5373e-01  2.7954e-01 -3.8460e+01 -3.5373e-01 -2.7954e-01
-1.2000e+00     8.8321e+00  2.6296e-01  3.3984e-02 -8.8321e+00 -2.6296e-01 -3.3984e-02  3.8545e+01  3.5605e-01  2.7982e-01 -3.8545e+01 -3.5605e-01 -2.7982e-01
-1.1917e+00     9.8262e+00  2.7735e-01  3.4478e-02 -9.8262e+00 -2.7735e-01 -3.4478e-02  3.8622e+01  3.5830e-01  2.8011e-01 -3.8622e+01 -3.5830e-01 -2.8011e-01
-1.1833e+00     1.0894e+01  2.8534e-01  3.1576e-02 -1.0894e+01 -2.8534e-01 -3.1576e-02  3.8709e+01  3.6064e-01  2.8038e-01 -3.8709e+01 -3.6064e-01 -2.8038e-01
-1.1750e+00     1.2075e+01  3.0404e-01  2.5631e-02 -1.2075e+01 -3.0404e-01 -2.5631e-02  3.8804e+01  3.6309e-01  2.8062e-01 -3.8804e+01 -3.6309e-01 -2.8062e-01
-1.1667e+00     1.4363e+01  3.4112e-01  2.8333e-02 -1.4363e+01 -3.4112e-01 -2.8333e-02  3.8914e+01  3.6578e-01  2.8085e-01 -3.8914e+01 -3.6578e-01 -2.8085e-01
-1.1583e+00     1.8403e+01  4.0235e-01  3.4915e-02 -1.8403e+01 -4.0235e-01 -3.4915e-02  3.9050e+01  3.6887e-01  2.8111e-01 -3.9050e+01 -3.6887e-01 -2.8111e-01
-1.1500e+00     2.0588e+01  4.3517e-01  4.0301e-02 -2.0588e+01 -4.3517e-01 -4.0301e-02  3.9213e+01  3.7235e-01  2.8142e-01 -3.9213e+01 -3.7235e-01 -2.8142e-01
-1.1417e+00     1.7551e+01  3.9200e-01  4.4434e-02 -1.7551e+01 -3.9200e-01 -4.4434e-02  3.9371e+01  3.7579e-01  2.8178e-01 -3.9371e+01 -3.7579e-01 -2.8178e-01
-1.1333e+00     1.4882e+01  3.1615e-01  4.5996e-02 -1.4882e+01 -3.1615e-01 -4.5996e-02  3.9506e+01  3.7874e-01  2.8215e-01 -3.9506e+01 -3.7874e-01 -2.8215e-01
-1.1250e+00     1.1709e+01  2.8000e-01  3.6705e-02 -1.1709e+01 -2.8000e-01 -3.6705e-02  3.9617e+01  3.8122e-01  2.8250e-01 -3.9617e+01 -3.8122e-01 -2.8250e-01
-1.1167e+00     1.1109e+01  2.4952e-01  3.2184e-02 -1.1109e+01 -2.4952e-01 -3.2184e-02  3.9712e+01  3.8342e-01  2.8278e-01 -3.9712e+01 -3.8342e-01 -2.8278e-01
-1.1083e+00     1.5271e+01  2.5487e-01  3.0349e-02 -1.5271e+01 -2.5487e-01 -3.0349e-02  3.9821e+01  3.8552e-01  2.8304e-01 -3.9821e+01 -3.8552e-01 -2.8304e-01
-1.1000e+00     1.3455e+01  2.1540e-01  2.8412e-02 -1.3455e+01 -2.1540e-01 -2.8412e-02  3.9941e+01  3.8748e-01  2.8329e-01 -3.9941e+01 -3.8748e-01 -2.8329e-01
-1.0917e+00     1.1494e+01  1.7821e-01  2.5512e-02 -1.1494e+01 -1.7821e-01 -2.5512e-02  4.0045e+01  3.8911e-01  2.8351e-01 -4.0045e+01 -3.8911e-01 -2.8351e-01
-1.0833e+00     1.1230e+01  1.7610e-01  2.6137e-02 -1.1230e+01 -1.7610e-01 -2.6137e-02  4.0139e+01  3.9059e-01  2.8373e-01 -4.0139e+01 -3.9059e-01 -2.8373e-01
-1.0750e+00     1.1128e+01  1.7526e-01  2.6147e-02 -1.1128e+01 -1.7526e-01 -2.6147e-02  4.0232e+01  3.9205e-01  2.8394e-01 -4.0232e+01 -3.9205e-01 -2.8394e-01
-1.0667e+00     1.6691e+01  2.0265e-01  3.3242e-02 -1.6691e+01 -2.0265e-01 -3.3242e-02  4.0348e+01  3.9362e-01  2.8419e-01 -4.0348e+01 -3.9362e-01 -2.8419e-01
-1.0583e+00     1.6181e+01  2.0345e-01  3.2885e-02 -1.6181e+01 -2.0345e-01 -3.2885e-02  4.0485e+01  3.9531e-01  2.8447e-01 -4.0485e+01 -3.9531e-01 -2.8447e-01
-1.0500e+00     1.1525e+01  1.6081e-01  2.4045e-02 -1.1525e+01 -1.6081e-01 -2.4045e-02  4.0600e+01  3.9683e-01  2.8470e-01 -4.0600e+01 -3.9683e-01 -2.8470e-01
-1.0417e+00     1.1153e+01  1.7827e-01  2.5257e-02 -1.1153e+01 -1.7827e-01 -2.5257e-02  4.0694e+01  3.9824e-01  2.8491e-01 -4.0694e+01 -3.9824e-01 -2.8491e-01
-1.0333e+00     1.1412e+01  1.8252e-01  2.5357e-02 -1.1412e+01 -1.8252e-01 -2.5357e-02  4.0788e+01  3.9974e-01  2.8512e-01 -4.0788e+01 -3.9974e-01 -2.8512e-01
-1.0250e+00     1.3233e+01  2.1882e-01  2.6786e-02 -1.3233e+01 -2.1882e-01 -2.6786e-02  4.0891e+01  4.0141e-01  2.8533e-01 -4.0891e+01 -4.0141e-01 -2.8533e-01
-1.0167e+00     1.2888e+01  2.0330e-01  2.7221e-02 -1.2888e+01 -2.0330e-01 -2.7221e-02  4.0999e+01  4.0316e-01  2.8556e-01 -4.0999e+01 -4.0316e-01 -2.8556e-01
-1.0083e+00     1.2662e+01  1.9143e-01  2.8269e-02 -1.2662e+01 -1.9143e-01 -2.8269e-02  4.1106e+01  4.0480e-01  2.8579e-01 -4.1106e+01 -4.0480e-01 -2.8579e-01
-1.0000e+00     1.2664e+01  1.7814e-01  2.9862e-02 -1.2664e+01 -1.7814e-01 -2.9862e-02  4.1211e+01  4.0634e-01  2.8603e-01 -4.1211e+01 -4.0634e-01 -2.8603e-01
-9.9167e-01     1.1995e+01  1.6723e-01  2.8663e-02 -1.1995e+01 -1.6723e-01 -2.8663e-02  4.1314e+01  4.0778e-01  2.8628e-01 -4.1314e+01 -4.0778e-01 -2.8628e-01
-9.8333e-01     1.1040e+01  1.5239e-01  2.6647e-02 -1.1040e+01 -1.5239e-01 -2.6647e-02  4.1409e+01  4.0911e-01  2.8651e-01 -4.1409e+01 -4.0911e-01 -2.8651e-01
-9.7500e-01     1.0346e+01  1.4004e-01  2.6446e-02 -1.0346e+01 -1.4004e-01 -2.6446e-02  4.1498e+01  4.1032e-01  2.8673e-01 -4.1498e+01 -4.1032e-01 -2.8673e-01
-9.6667e-01     9.7256e+00  1.3027e-01  2.6369e-02 -9.7256e+00 -1.3027e-01 -2.6369e-02  4.1582e+01  4.1145e-01  2.8695e-01 -4.1582e+01 -4.1145e-01 -2.8695e-01
-9.5833e-01     9.7156e+00  1.3044e-01  2.8627e-02 -9.7156e+00 -1.3044e-01 -2.8627e-02  4.1663e+01  4.1253e-01  2.8717e-01 -4.1663e+01 -4.1253e-01 -2.8717e-01
-9.5000e-01     1.0222e+01  1.3900e-01  3.2150e-02 -1.0222e+01 -1.3900e-01 -3.2150e-02  4.1746e+01  4.1365e-01  2.8743e-01 -4.1746e+01 -4.1365e-01 -2.8743e-01
-9.4167e-01     1.0850e+01  1.5569e-01  3.4600e-02 -1.0850e+01 -1.5569e-01 -3.4600e-02  4.1833e+01  4.1488e-01  2.8771e-01 -4.1833e+01 -4.1488e-01 -2.8771e-01
-9.3333e-01     1.1864e+01  1.7861e-01  3.7395e-02 -1.1864e+01 -1.7861e-01 -3.7395e-02  4.1928e+01  4.1627e-01  2.8800e-01 -4.1928e+01 -4.1627e-01 -2.8800e-01
-9.2500e-01     1.4182e+01  2.2505e-01  4.3859e-02 -1.4182e+01 -2.2505e-01 -4.3859e-02  4.2036e+01  4.1795e-01  2.8834e-01 -4.2036e+01 -4.1795e-01 -2.8834e-01
-9.1667e-01     1.3430e+01  1.9887e-01  4.8336e-02 -1.3430e+01 -1.9887e-01 -4.8336e-02  4.2151e+01  4.1971e-01  2.8873e-01 -4.2151e+01 -4.1971e-01 -2.8873e-01
-9.0833e-01     1.3954e+01  2.0339e-01  5.7949e-02 -1.3954e+01 -2.0339e-01 -5.7949e-02  4.2265e+01  4.2139e-01  2.8917e-01 -4.2265e+01 -4.2139e-01 -2.8917e-01
-9.0000e-01     1.5155e+01  2.2280e-01  6.7277e-02 -1.5155e+01 -2.2280e-01 -6.7277e-02  4.2386e+01  4.2316e-01  2.8969e-01 -4.2386e+01 -4.2316e-01 -2.8969e-01
-8.9167e-01     1.2607e+01  1.8065e-01  5.3035e-02 -1.2607e+01 -1.8065e-01 -5.3035e-02  4.2501e+01  4.2484e-01  2.9019e-01 -4.2501e+01 -4.2484e-01 -2.9019e-01
-8.8333e-01     1.2059e+01  1.7821e-01  5.2698e-02 -1.2059e+01 -1.7821e-01 -5.2698e-02  4.2604e+01  4.2633e-01  2.9063e-01 -4.2604e+01 -4.2633e-01 -2.9063e-01
-8.7500e-01     1.1230e+01  1.7180e-01  5.1461e-02 -1.1230e+01 -1.7180e-01 -5.1461e-02  4.2701e+01  4.2779e-01  2.9106e-01 -4.2701e+01 -4.2779e-01 -2.9106e-01
-8.6667e-01     1.1587e+01  1.8430e-01  5.5539e-02 -1.1587e+01 -1.8430e-01 -5.5539e-02  4.2796e+01  4.2927e-01  2.9151e-01 -4.2796e+01 -4.2927e-01 -2.9151e-01
-8.5833e-01     1.1066e+01  1.7166e-01  5.9072e-02 -1.1066e+01 -1.7166e-01 -5.9072e-02  4.2890e+01  4.3075e-01  2.9198e-01 -4.2890e+01 -4.3075e-01 -2.9198e-01
-8.5000e-01     1.0941e+01  1.6306e-01  6.0517e-02 -1.0941e+01 -1.6306e-01 -6.0517e-02  4.2982e+01  4.3214e-01  2.9248e-01 -4.2982e+01 -4.3214e-01 -2.9248e-01
-8.4167e-01     1.0690e+01  1.5147e-01  6.1362e-02 -1.0690e+01 -1.5147e-01 -6.1362e-02  4.3072e+01  4.3345e-01  2.9299e-01 -4.3072e+01 -4.3345e-01 -2.9299e-01
-8.3333e-01     1.1366e+01  1.6137e-01  6.8182e-02 -1.1366e+01 -1.6137e-01 -6.8182e-02  4.3163e+01  4.3475e-01  2.9353e-01 -4.3163e+01 -4.3475e-01 -2.9353e-01
-8.2500e-01     1.2005e+01  1.7048e-01  7.5871e-02 -1.2005e+01 -1.7048e-01 -7.5871e-02  4.3261e+01  4.3613e-01  2.9413e-01 -4.3261e+01 -4.3613e-01 -2.9413e-01
-8.1667e-01     1.1737e+01  1.6330e-01  8.2754e-02 -1.1737e+01 -1.6330e-01 -8.2754e-02  4.3359e+01  4.3752e-01  2.9479e-01 -4.3359e+01 -4.3752e-01 -2.9479e-01
-8.0833e-01     1.0485e+01  1.3942e-01  8.1659e-02 -1.0485e+01 -1.3942e-01 -8.1659e-02  4.3452e+01  4.3878e-01  2.9547e-01 -4.3452e+01 -4.3878e-01 -2.9547e-01
-8.0000e-01     9.2740e+00  1.2029e-01  7.1671e-02 -9.2740e+00 -1.2029e-01 -7.1671e-02  4.3534e+01  4.3986e-01  2.9611e-01 -4.3534e+01 -4.3986e-01 -2.9611e-01
-7.9167e-01     8.9461e+00  1.1597e-01  6.9943e-02 -8.9461e+00 -1.1597e-01 -6.9943e-02  4.3610e+01  4.4084e-01  2.9670e-01 -4.3610e+01 -4.4084e-01 -2.9670e-01
-7.8333e-01     1.2878e+01  2.1336e-01  1.0348e-01 -1.2878e+01 -2.1336e-01 -1.0348e-01  4.3701e+01  4.4221e-01  2.9742e-01 -4.3701e+01 -4.4221e-01 -2.9742e-01
-7.7500e-01     1.5495e+01  2.6349e-01  1.2850e-01 -1.5495e+01 -2.6349e-01 -1.2850e-01  4.3819e+01  4.4420e-01  2.9838e-01 -4.3819e+01 -4.4420e-01 -2.9838e-01
-7.6667e-01     1.6983e+01  2.7522e-01  1.4056e-01 -1.6983e+01 -2.7522e-01 -1.4056e-01  4.3954e+01  4.4644e-01  2.9950e-01 -4.3954e+01 -4.4644e-01 -2.9950e-01
-7.5833e-01     1.3472e+01  1.8354e-01  1.1771e-01 -1.3472e+01 -1.8354e-01 -1.1771e-01  4.4080e+01  4.4834e-01  3.0058e-01 -4.4080e+01 -4.4834e-01 -3.0058e-01
-7.5000e-01     1.3864e+01  1.8367e-01  1.1649e-01 -1.3864e+01 -1.8367e-01 -1.1649e-01  4.4194e+01  4.4987e-01  3.0155e-01 -4.4194e+01 -4.4987e-01 -3.0155e-01
-7.4167e-01     1.4167e+01  1.6940e-01  1.2270e-01 -1.4167e+01 -1.6940e-01 -1.2270e-01  4.4311e+01  4.5134e-01  3.0255e-01 -4.4311e+01 -4.5134e-01 -3.0255e-01
-7.3333e-01     1.3628e+01  1.6332e-01  1.0855e-01 -1.3628e+01 -1.6332e-01 -1.0855e-01  4.4426e+01  4.5272e-01  3.0351e-01 -4.4426e+01 -4.5272e-01 -3.0351e-01
-7.2500e-01     1.2815e+01  1.6174e-01  9.8177e-02 -1.2815e+01 -1.6174e-01 -9.8177e-02  4.4536e+01  4.5408e-01  3.0437e-01 -4.4536e+01 -4.5408e-01 -3.0437e-01
-7.1667e-01     1.5451e+01  2.0610e-01  1.3391e-01 -1.5451e+01 -2.0610e-01 -1.3391e-01  4.4654e+01  4.5561e-01  3.0533e-01 -4.4654e+01 -4.5561e-01 -3.0533e-01
-7.0833e-01     1.5190e+01  2.1772e-01  1.2519e-01 -1.5190e+01 -2.1772e-01 -1.2519e-01  4.4781e+01  4.5737e-01  3.0641e-01 -4.4781e+01 -4.5737e-01 -3.0641e-01
-7.0000e-01     1.4838e+01  2.2269e-01  1.1646e-01 -1.4838e+01 -2.2269e-01 -1.1646e-01  4.4906e+01  4.5920e-01  3.0742e-01 -4.4906e+01 -4.5920e-01 -3.0742e-01
-6.9167e-01     1.5002e+01  2.3107e-01  1.1559e-01 -1.5002e+01 -2.3107e-01 -1.1559e-01  4.5030e+01  4.6109e-01  3.0838e-01 -4.5030e+01 -4.6109e-01 -3.0838e-01
-6.8333e-01     1.5192e+01  2.3815e-01  1.1463e-01 -1.5192e+01 -2.3815e-01 -1.1463e-01  4.5156e+01  4.6304e-01  3.0934e-01 -4.5156e+01 -4.6304e-01 -3.0934e-01
-6.7500e-01     1.5396e+01  2.4250e-01  1.1524e-01 -1.5396e+01 -2.4250e-01 -1.1524e-01  4.5283e+01  4.6504e-01  3.1030e-01 -4.5283e+01 -4.6504e-01 -3.1030e-01
-6.6667e-01     1.8015e+01  3.0229e-01  1.2340e-01 -1.8015e+01 -3.0229e-01 -1.2340e-01  4.5422e+01  4.6731e-01  3.1129e-01 -4.5422e+01 -4.6731e-01 -3.1129e-01
-6.5833e-01     1.7790e+01  2.7459e-01  1.3356e-01 -1.7790e+01 -2.7459e-01 -1.3356e-01  4.5571e+01  4.6971e-01  3.1236e-01 -4.5571e+01 -4.6971e-01 -3.1236e-01
-6.5000e-01     1.6813e+01  2.5276e-01  1.3023e-01 -1.6813e+01 -2.5276e-01 -1.3023e-01  4.5715e+01  4.7190e-01  3.1346e-01 -4.5715e+01 -4.7190e-01 -3.1346e-01
-6.4167e-01     1.5598e+01  2.2555e-01  1.2098e-01 -1.5598e+01 -2.2555e-01 -1.2098e-01  4.5850e+01  4.7389e-01  3.1450e-01 -4.5850e+01 -4.7389e-01 -3.1450e-01
-6.3333e-01     1.3659e+01  1.7755e-01  1.0655e-01 -1.3659e+01 -1.7755e-01 -1.0655e-01  4.5972e+01  4.7557e-01  3.1545e-01 -4.5972e+01 -4.7557e-01 -3.1545e-01
-6.2500e-01     1.3349e+01  1.7424e-01  1.0427e-01 -1.3349e+01 -1.7424e-01 -1.0427e-01  4.6084e+01  4.7703e-01  3.1632e-01 -4.6084e+01 -4.7703e-01 -3.1632e-01
-6.1667e-01     1.2994e+01  1.7045e-01  1.0133e-01 -1.2994e+01 -1.7045e-01 -1.0133e-01  4.6194e+01  4.7846e-01  3.1718e-01 -4.6194e+01 -4.7846e-01 -3.1718e-01
-6.0833e-01     1.3773e+01  1.7495e-01  1.0937e-01 -1.3773e+01 -1.7495e-01 -1.0937e-01  4.6305e+01  4.7990e-01  3.1806e-01 -4.6305e+01 -4.7990e-01 -3.1806e-01
-6.0000e-01     1.5800e+01  2.1187e-01  1.2449e-01 -1.5800e+01 -2.1187e-01 -1.2449e-01  4.6428e+01  4.8151e-01  3.1903e-01 -4.6428e+01 -4.8151e-01 -3.1903e-01
-5.9167e-01     2.0268e+01  2.8423e-01  1.5754e-01 -2.0268e+01 -2.8423e-01 -1.5754e-01  4.6578e+01  4.8357e-01  3.2020e-01 -4.6578e+01 -4.8357e-01 -3.2020e-01
-5.8333e-01     1.8681e+01  2.5937e-01  1.5556e-01 -1.8681e+01 -2.5937e-01 -1.5556e-01  4.6740e+01  4.8583e-01  3.2150e-01 -4.6740e+01 -4.8583e-01 -3.2150e-01
-5.7500e-01     1.7321e+01  2.2481e-01  1.4378e-01 -1.7321e+01 -2.2481e-01 -1.4378e-01  4.6890e+01  4.8785e-01  3.2275e-01 -4.6890e+01 -4.8785e-01 -3.2275e-01
-5.6667e-01     2.0832e+01  2.3277e-01  1.5971e-01 -2.0832e+01 -2.3277e-01 -1.5971e-01  4.7048e+01  4.8975e-01  3.2401e-01 -4.7048e+01 -4.8975e-01 -3.2401e-01
-5.5833e-01     2.0953e+01  2.3849e-01  1.6417e-01 -2.0953e+01 -2.3849e-01 -1.6417e-01  4.7222e+01  4.9171e-01  3.2536e-01 -4.7222e+01 -4.9171e-01 -3.2536e-01
-5.5000e-01     2.0966e+01  2.3176e-01  1.5856e-01 -2.0966e+01 -2.3176e-01 -1.5856e-01  4.7397e+01  4.9367e-01  3.2670e-01 -4.7397e+01 -4.9367e-01 -3.2670e-01
-5.4167e-01     1.7867e+01  1.8502e-01  1.2938e-01 -1.7867e+01 -1.8502e-01 -1.2938e-01  4.7558e+01  4.9540e-01  3.2790e-01 -4.7558e+01 -4.9540e-01 -3.2790e-01
-5.3333e-01     1.6511e+01  1.6856e-01  1.2051e-01 -1.6511e+01 -1.6856e-01 -1.2051e-01  4.7701e+01  4.9687e-01  3.2894e-01 -4.7701e+01 -4.9687e-01 -3.2894e-01
-5.2500e-01     1.6575e+01  1.6169e-01  1.1948e-01 -1.6575e+01 -1.6169e-01 -1.1948e-01  4.7839e+01  4.9825e-01  3.2994e-01 -4.7839e+01 -4.9825e-01 -3.2994e-01
-5.1667e-01     1.5995e+01  1.4525e-01  1.2086e-01 -1.5995e+01 -1.4525e-01 -1.2086e-01  4.7974e+01  4.9952e-01  3.3094e-01 -4.7974e+01 -4.9952e-01 -3.3094e-01
-5.0833e-01     1.5524e+01  1.2907e-01  1.2336e-01 -1.5524e+01 -1.2907e-01 -1.2336e-01  4.8105e+01  5.0066e-01  3.3195e-01 -4.8105e+01 -5.0066e-01 -3.3195e-01
-5.0000e-01     1.5527e+01  1.1704e-01  1.4251e-01 -1.5527e+01 -1.1704e-01 -1.4251e-01  4.8234e+01  5.0169e-01  3.3306e-01 -4.8234e+01 -5.0169e-01 -3.3306e-01
-4.9167e-01     1.7433e+01  1.2509e-01  1.8062e-01 -1.7433e+01 -1.2509e-01 -1.8062e-01  4.8372e+01  5.0269e-01  3.3440e-01 -4.8372e+01 -5.0269e-01 -3.3440e-01
-4.8333e-01     1.6441e+01  1.2408e-01  1.7341e-01 -1.6441e+01 -1.2408e-01 -1.7341e-01  4.8512e+01  5.0373e-01  3.3587e-01 -4.8512e+01 -5.0373e-01 -3.3587e-01
-4.7500e-01     1.5203e+01  1.2238e-01  1.6353e-01 -1.5203e+01 -1.2238e-01 -1.6353e-01  4.8644e+01  5.0476e-01  3.3728e-01 -4.8644e+01 -5.0476e-01 -3.3728e-01
-4.6667e-01     1.6476e+01  1.3383e-01  1.8588e-01 -1.6476e+01 -1.3383e-01 -1.8588e-01  4.8776e+01  5.0582e-01  3.3873e-01 -4.8776e+01 -5.0582e-01 -3.3873e-01
-4.5833e-01     2.1731e+01  2.1779e-01  2.5816e-01 -2.1731e+01 -2.1779e-01 -2.5816e-01  4.8935e+01  5.0728e-01  3.4058e-01 -4.8935e+01 -5.0728e-01 -3.4058e-01
-4.5000e-01     2.2245e+01  2.2615e-01  2.7210e-01 -2.2245e+01 -2.2615e-01 -2.7210e-01  4.9118e+01  5.0913e-01  3.4278e-01 -4.9118e+01 -5.0913e-01 -3.4278e-01
-4.4167e-01     1.8241e+01  1.6460e-01  2.0771e-01 -1.8241e+01 -1.6460e-01 -2.0771e-01  4.9286e+01  5.1076e-01  3.4478e-01 -4.9286e+01 -5.1076e-01 -3.4478e-01
-4.3333e-01     1.7821e+01  1.5139e-01  2.0280e-01 -1.7821e+01 -1.5139e-01 -2.0280e-01  4.9436e+01  5.1207e-01  3.4649e-01 -4.9436e+01 -5.1207e-01 -3.4649e-01
-4.2500e-01     1.7430e+01  1.4626e-01  1.9268e-01 -1.7430e+01 -1.4626e-01 -1.9268e-01  4.9583e+01  5.1331e-01  3.4813e-01 -4.9583e+01 -5.1331e-01 -3.4813e-01
-4.1667e-01     1.7822e+01  1.5613e-01  1.9087e-01 -1.7822e+01 -1.5613e-01 -1.9087e-01  4.9729e+01  5.1457e-01  3.4973e-01 -4.9729e+01 -5.1457e-01 -3.4973e-01
-4.0833e-01     2.0425e+01  1.7751e-01  2.0394e-01 -2.0425e+01 -1.7751e-01 -2.0394e-01  4.9889e+01  5.1596e-01  3.5137e-01 -4.9889e+01 -5.1596e-01 -3.5137e-01
-4.0000e-01     2.0062e+01  1.6429e-01  1.8580e-01 -2.0062e+01 -1.6429e-01 -1.8580e-01  5.0057e+01  5.1738e-01  3.5299e-01 -5.0057e+01 -5.1738e-01 -3.5299e-01
-3.9167e-01     1.7847e+01  1.4700e-01  1.7303e-01 -1.7847e+01 -1.4700e-01 -1.7303e-01  5.0215e+01  5.1867e-01  3.5448e-01 -5.0215e+01 -5.1867e-01 -3.5448e-01
-3.8333e-01     1.6875e+01  1.4569e-01  1.7706e-01 -1.6875e+01 -1.4569e-01 -1.7706e-01  5.0359e+01  5.1989e-01  3.5594e-01 -5.0359e+01 -5.1989e-01 -3.5594e-01
-3.7500e-01     1.6547e+01  1.4587e-01  1.8200e-01 -1.6547e+01 -1.4587e-01 -1.8200e-01  5.0498e+01  5.2110e-01  3.5743e-01 -5.0498e+01 -5.2110e-01 -3.5743e-01
-3.6667e-01     1.6591e+01  1.4698e-01  1.8739e-01 -1.6591e+01 -1.4698e-01 -1.8739e-01  5.0636e+01  5.2232e-01  3.5897e-01 -5.0636e+01 -5.2232e-01 -3.5897e-01
-3.5833e-01     1.7820e+01  1.5900e-01  2.0009e-01 -1.7820e+01 -1.5900e-01 -2.0009e-01  5.0779e+01  5.2359e-01  3.6058e-01 -5.0779e+01 -5.2359e-01 -3.6058e-01
-3.5000e-01     1.8493e+01  1.6499e-01  1.9963e-01 -1.8493e+01 -1.6499e-01 -1.9963e-01  5.0930e+01  5.2494e-01  3.6224e-01 -5.0930e+01 -5.2494e-01 -3.6224e-01
-3.4167e-01     1.6409e+01  1.4333e-01  1.6013e-01 -1.6409e+01 -1.4333e-01 -1.6013e-01  5.1075e+01  5.2622e-01  3.6374e-01 -5.1075e+01 -5.2622e-01 -3.6374e-01
-3.3333e-01     1.3468e+01  1.1740e-01  1.1188e-01 -1.3468e+01 -1.1740e-01 -1.1188e-01  5.1200e+01  5.2731e-01  3.6487e-01 -5.1200e+01 -5.2731e-01 -3.6487e-01
-3.2500e-01     1.6790e+01  1.5119e-01  1.5594e-01 -1.6790e+01 -1.5119e-01 -1.5594e-01  5.1325e+01  5.2843e-01  3.6599e-01 -5.1325e+01 -5.2843e-01 -3.6599e-01
-3.1667e-01     1.6640e+01  1.4374e-01  1.4641e-01 -1.6640e+01 -1.4374e-01 -1.4641e-01  5.1465e+01  5.2965e-01  3.6724e-01 -5.1465e+01 -5.2965e-01 -3.6724e-01
-3.0833e-01     1.6386e+01  1.4396e-01  1.4865e-01 -1.6386e+01 -1.4396e-01 -1.4865e-01  5.1602e+01  5.3085e-01  3.6847e-01 -5.1602e+01 -5.3085e-01 -3.6847e-01
-3.0000e-01     1.9830e+01  1.7630e-01  1.8543e-01 -1.9830e+01 -1.7630e-01 -1.8543e-01  5.1753e+01  5.3218e-01  3.6986e-01 -5.1753e+01 -5.3218e-01 -3.6986e-01
-2.9167e-01     2.1895e+01  2.0243e-01  2.1957e-01 -2.1895e+01 -2.0243e-01 -2.1957e-01  5.1926e+01  5.3376e-01  3.7155e-01 -5.1926e+01 -5.3376e-01 -3.7155e-01
-2.8333e-01     2.2989e+01  2.1642e-01  2.3459e-01 -2.2989e+01 -2.1642e-01 -2.3459e-01  5.2113e+01  5.3550e-01  3.7343e-01 -5.2113e+01 -5.3550e-01 -3.7343e-01
-2.7500e-01     2.1439e+01  2.0266e-01  2.1669e-01 -2.1439e+01 -2.0266e-01 -2.1669e-01  5.2298e+01  5.3724e-01  3.7531e-01 -5.2298e+01 -5.3724e-01 -3.7531e-01
-2.6667e-01     2.0137e+01  1.8493e-01  2.0662e-01 -2.0137e+01 -1.8493e-01 -2.0662e-01  5.2471e+01  5.3885e-01  3.7707e-01 -5.2471e+01 -5.3885e-01 -3.7707e-01
-2.5833e-01     2.0392e+01  1.8256e-01  2.0243e-01 -2.0392e+01 -1.8256e-01 -2.0243e-01  5.2639e+01  5.4038e-01  3.7877e-01 -5.2639e+01 -5.4038e-01 -3.7877e-01
-2.5000e-01     2.2788e+01  2.0998e-01  2.1414e-01 -2.2788e+01 -2.0998e-01 -2.1414e-01  5.2819e+01  5.4202e-01  3.8051e-01 -5.2819e+01 -5.4202e-01 -3.8051e-01
-2.4167e-01     2.0569e+01  1.8841e-01  1.8432e-01 -2.0569e+01 -1.8841e-01 -1.8432e-01  5.2999e+01  5.4367e-01  3.8216e-01 -5.2999e+01 -5.4367e-01 -3.8216e-01
-2.3333e-01     1.9309e+01  1.7137e-01  1.6802e-01 -1.9309e+01 -1.7137e-01 -1.6802e-01  5.3165e+01  5.4517e-01  3.8363e-01 -5.3165e+01 -5.4517e-01 -3.8363e-01
-2.2500e-01     1.9000e+01  1.6836e-01  1.5795e-01 -1.9000e+01 -1.6836e-01 -1.5795e-01  5.3324e+01  5.4658e-01  3.8499e-01 -5.3324e+01 -5.4658e-01 -3.8499e-01
-2.1667e-01     1.9729e+01  1.7886e-01  1.5863e-01 -1.9729e+01 -1.7886e-01 -1.5863e-01  5.3485e+01  5.4803e-01  3.8630e-01 -5.3485e+01 -5.4803e-01 -3.8630e-01
-2.0833e-01     2.0545e+01  1.8499e-01  1.5648e-01 -2.0545e+01 -1.8499e-01 -1.5648e-01  5.3653e+01  5.4954e-01  3.8761e-01 -5.3653e+01 -5.4954e-01 -3.8761e-01
-2.0000e-01     2.1233e+01  2.1873e-01  1.5916e-01 -2.1233e+01 -2.1873e-01 -1.5916e-01  5.3827e+01  5.5122e-01  3.8893e-01 -5.3827e+01 -5.5122e-01 -3.8893e-01
-1.9167e-01     2.1149e+01  2.1334e-01  1.9710e-01 -2.1149e+01 -2.1334e-01 -1.9710e-01  5.4003e+01  5.5302e-01  3.9041e-01 -5.4003e+01 -5.5302e-01 -3.9041e-01
-1.8333e-01     2.1485e+01  2.2550e-01  2.2223e-01 -2.1485e+01 -2.2550e-01 -2.2223e-01  5.4180e+01  5.5484e-01  3.9215e-01 -5.4180e+01 -5.5484e-01 -3.9215e-01
-1.7500e-01     2.2628e+01  2.3832e-01  2.6020e-01 -2.2628e+01 -2.3832e-01 -2.6020e-01  5.4364e+01  5.5677e-01  3.9416e-01 -5.4364e+01 -5.5677e-01 -3.9416e-01
-1.6667e-01     2.4667e+01  2.6125e-01  3.1304e-01 -2.4667e+01 -2.6125e-01 -3.1304e-01  5.4561e+01  5.5885e-01  3.9654e-01 -5.4561e+01 -5.5885e-01 -3.9654e-01
-1.5833e-01     1.9454e+01  2.1849e-01  2.2066e-01 -1.9454e+01 -2.1849e-01 -2.2066e-01  5.4744e+01  5.6085e-01  3.9876e-01 -5.4744e+01 -5.6085e-01 -3.9876e-01
-1.5000e-01     1.7770e+01  1.9868e-01  1.9217e-01 -1.7770e+01 -1.9868e-01 -1.9217e-01  5.4899e+01  5.6258e-01  4.0048e-01 -5.4899e+01 -5.6258e-01 -4.0048e-01
-1.4167e-01     2.0225e+01  1.9675e-01  1.9153e-01 -2.0225e+01 -1.9675e-01 -1.9153e-01  5.5057e+01  5.6423e-01  4.0208e-01 -5.5057e+01 -5.6423e-01 -4.0208e-01
-1.3333e-01     1.8036e+01  1.8277e-01  1.8741e-01 -1.8036e+01 -1.8277e-01 -1.8741e-01  5.5216e+01  5.6580e-01  4.0365e-01 -5.5216e+01 -5.6580e-01 -4.0365e-01
-1.2500e-01     1.8345e+01  1.7835e-01  1.9358e-01 -1.8345e+01 -1.7835e-01 -1.9358e-01  5.5368e+01  5.6731e-01  4.0524e-01 -5.5368e+01 -5.6731e-01 -4.0524e-01
-1.1667e-01     2.0027e+01  1.8308e-01  2.0848e-01 -2.0027e+01 -1.8308e-01 -2.0848e-01  5.5527e+01  5.6881e-01  4.0691e-01 -5.5527e+01 -5.6881e-01 -4.0691e-01
-1.0833e-01     2.1239e+01  1.8552e-01  2.1841e-01 -2.1239e+01 -1.8552e-01 -2.1841e-01  5.5699e+01  5.7034e-01  4.0869e-01 -5.5699e+01 -5.7034e-01 -4.0869e-01
-1.0000e-01     2.1048e+01  1.8507e-01  2.0208e-01 -2.1048e+01 -1.8507e-01 -2.0208e-01  5.5875e+01  5.7189e-01  4.1044e-01 -5.5875e+01 -5.7189e-01 -4.1044e-01
-9.1667e-02     1.9092e+01  1.6427e-01  1.8369e-01 -1.9092e+01 -1.6427e-01 -1.8369e-01  5.6042e+01  5.7334e-01  4.1204e-01 -5.6042e+01 -5.7334e-01 -4.1204e-01
-8.3333e-02     1.9702e+01  1.6955e-01  1.8481e-01 -1.9702e+01 -1.6955e-01 -1.8481e-01  5.6203e+01  5.7473e-01  4.1357e-01 -5.6203e+01 -5.7473e-01 -4.1357e-01
-7.5000e-02     1.9535e+01  1.7489e-01  1.7964e-01 -1.9535e+01 -1.7489e-01 -1.7964e-01  5.6366e+01  5.7616e-01  4.1509e-01 -5.6366e+01 -5.7616e-01 -4.1509e-01
-6.6667e-02     2.0948e+01  1.8151e-01  1.8626e-01 -2.0948e+01 -1.8151e-01 -1.8626e-01  5.6535e+01  5.7764e-01  4.1661e-01 -5.6535e+01 -5.7764e-01 -4.1661e-01
-5.8333e-02     1.9733e+01  1.7329e-01  1.7153e-01 -1.9733e+01 -1.7329e-01 -1.7153e-01  5.6704e+01  5.7912e-01  4.1810e-01 -5.6704e+01 -5.7912e-01 -4.1810e-01
-5.0000e-02     2.2752e+01  2.3161e-01  2.0930e-01 -2.2752e+01 -2.3161e-01 -2.0930e-01  5.6881e+01  5.8080e-01  4.1968e-01 -5.6881e+01 -5.8080e-01 -4.1968e-01
-4.1667e-02     2.3452e+01  2.3053e-01  2.0777e-01 -2.3452e+01 -2.3053e-01 -2.0777e-01  5.7073e+01  5.8272e-01  4.2142e-01 -5.7073e+01 -5.8272e-01 -4.2142e-01
-3.3333e-02     2.2040e+01  2.0707e-01  1.8323e-01 -2.2040e+01 -2.0707e-01 -1.8323e-01  5.7262e+01  5.8454e-01  4.2305e-01 -5.7262e+01 -5.8454e-01 -4.2305e-01
-2.5000e-02     2.1038e+01  1.9216e-01  1.7221e-01 -2.1038e+01 -1.9216e-01 -1.7221e-01  5.7441e+01  5.8621e-01  4.2452e-01 -5.7441e+01 -5.8621e-01 -4.2452e-01
-1.6667e-02     2.1762e+01  2.0274e-01  1.8238e-01 -2.1762e+01 -2.0274e-01 -1.8238e-01  5.7619e+01  5.8785e-01  4.2600e-01 -5.7619e+01 -5.8785e-01 -4.2600e-01
-8.3333e-03     1.8865e+01  1.7367e-01  1.5635e-01 -1.8865e+01 -1.7367e-01 -1.5635e-01  5.7788e+01  5.8941e-01  4.2741e-01 -5.7788e+01 -5.8941e-01 -4.2741e-01
