-5.0000e+00     1.9805e+01  7.7833e-02  3.5980e-02 -2.1147e+01 -4.0192e-02 -5.6410e-02  0.0000e+00  0.0000e+00  0.0000e+00 -0.0000e+00 -0.0000e+00 -0.0000e+00
-4.9917e+00     2.1116e+01  8.4275e-02  3.8081e-02 -2.0487e+01 -3.7968e-02 -4.5091e-02  1.7022e-01  6.7433e-04  3.0808e-04 -1.7319e-01 -3.2513e-04 -4.2222e-04
-4.9833e+00     1.9172e+01  7.4440e-02  3.6262e-02 -1.9855e+01 -3.5556e-02 -4.1815e-02  3.3781e-01  1.3345e-03  6.1732e-04 -3.4100e-01 -6.3097e-04 -7.8372e-04
-4.9750e+00     1.4275e+01  4.6750e-02  3.0420e-02 -1.5956e+01 -2.3981e-02 -3.5523e-02  4.7694e-01  1.8387e-03  8.9470e-04 -4.8997e-01 -8.7863e-04 -1.1054e-03
-4.9667e+00     1.8251e+01  6.1254e-02  3.2397e-02 -1.6816e+01 -2.2750e-02 -3.5422e-02  6.1224e-01  2.2879e-03  1.1560e-03 -6.2629e-01 -1.0730e-03 -1.4005e-03
-4.9583e+00     2.4219e+01  8.7853e-02  4.0895e-02 -2.1518e+01 -3.0203e-02 -4.0379e-02  7.8891e-01  2.9082e-03  1.4609e-03 -7.8575e-01 -1.2933e-03 -1.7158e-03
-4.9500e+00     2.8316e+01  1.0298e-01  4.7573e-02 -2.6332e+01 -4.1993e-02 -4.9552e-02  1.0074e+00  3.7020e-03  1.8289e-03 -9.8479e-01 -1.5936e-03 -2.0899e-03
-4.9417e+00     2.6077e+01  1.0666e-01  4.5073e-02 -2.7564e+01 -4.3900e-02 -5.1166e-02  1.2337e+00  4.5741e-03  2.2143e-03 -1.2090e+00 -1.9509e-03 -2.5089e-03
-4.9333e+00     2.2712e+01  8.5869e-02  4.1269e-02 -2.4946e+01 -4.1381e-02 -4.8435e-02  1.4366e+00  5.3749e-03  2.5734e-03 -1.4274e+00 -2.3056e-03 -2.9232e-03
-4.9250e+00     1.6543e+01  7.0453e-02  3.7634e-02 -1.7275e+01 -3.1707e-02 -4.0651e-02  1.5999e+00  6.0252e-03  2.9017e-03 -1.6030e+00 -2.6097e-03 -3.2938e-03
-4.9167e+00     1.8078e+01  7.8811e-02  4.3327e-02 -1.8654e+01 -3.2962e-02 -4.2365e-02  1.7439e+00  6.6461e-03  3.2384e-03 -1.7525e+00 -2.8787e-03 -3.6391e-03
-4.9083e+00     2.0876e+01  9.3188e-02  4.7495e-02 -2.1275e+01 -3.6322e-02 -4.5084e-02  1.9060e+00  7.3615e-03  3.6162e-03 -1.9186e+00 -3.1669e-03 -4.0029e-03
-4.9000e+00     2.8298e+01  1.1170e-01  6.1135e-02 -2.4943e+01 -3.7925e-02 -5.2834e-02  2.1105e+00  8.2138e-03  4.0681e-03 -2.1109e+00 -3.4757e-03 -4.4102e-03
-4.8917e+00     2.2676e+01  7.9116e-02  5.6520e-02 -2.2297e+01 -3.2520e-02 -4.5787e-02  2.3226e+00  9.0075e-03  4.5575e-03 -2.3074e+00 -3.7687e-03 -4.8204e-03
-4.8833e+00     1.4850e+01  4.9278e-02  4.0491e-02 -1.6274e+01 -2.5987e-02 -3.1735e-02  2.4787e+00  9.5416e-03  4.9611e-03 -2.4678e+00 -4.0121e-03 -5.1429e-03
-4.8750e+00     1.9942e+01  1.0150e-01  4.2273e-02 -1.5171e+01 -3.3984e-02 -2.2500e-02  2.6234e+00  1.0169e-02  5.3053e-03 -2.5986e+00 -4.2616e-03 -5.3685e-03
-4.8667e+00     2.3930e+01  1.1434e-01  5.1594e-02 -2.5374e+01 -5.9389e-02 -2.9253e-02  2.8059e+00  1.1067e-02  5.6958e-03 -2.7673e+00 -4.6500e-03 -5.5838e-03
-4.8583e+00     2.4907e+01  1.0483e-01  7.7633e-02 -2.5446e+01 -5.3768e-02 -3.8550e-02  3.0090e+00  1.1978e-02  6.2333e-03 -2.9787e+00 -5.1207e-03 -5.8658e-03
-4.8500e+00     1.8877e+01  7.0355e-02  5.3452e-02 -2.5298e+01 -5.1210e-02 -4.5272e-02  3.1912e+00  1.2707e-02  6.7786e-03 -3.1897e+00 -5.5574e-03 -6.2145e-03
-4.8417e+00     1.3307e+01  4.2979e-02  3.6409e-02 -1.5904e+01 -2.6834e-02 -2.5808e-02  3.3250e+00  1.3178e-02  7.1524e-03 -3.3611e+00 -5.8820e-03 -6.5102e-03
-4.8333e+00     1.1377e+01  3.1178e-02  3.3234e-02 -1.2445e+01 -1.5845e-02 -1.9918e-02  3.4277e+00  1.3487e-02  7.4421e-03 -3.4791e+00 -6.0595e-03 -6.7004e-03
-4.8250e+00     1.0621e+01  2.5243e-02  3.1572e-02 -1.1287e+01 -1.1642e-02 -1.9817e-02  3.5192e+00  1.3722e-02  7.7117e-03 -3.5778e+00 -6.1739e-03 -6.8657e-03
-4.8167e+00     1.1241e+01  3.2388e-02  3.0974e-02 -1.2966e+01 -1.5832e-02 -2.1958e-02  3.6102e+00  1.3961e-02  7.9719e-03 -3.6787e+00 -6.2882e-03 -7.0394e-03
-4.8083e+00     3.0348e+01  1.7120e-01  7.6258e-02 -2.1155e+01 -3.5086e-02 -3.3739e-02  3.7832e+00  1.4808e-02  8.4179e-03 -3.8206e+00 -6.5000e-03 -7.2711e-03
-4.8000e+00     2.8517e+01  1.6842e-01  5.6805e-02 -3.5769e+01 -7.6216e-02 -4.7226e-02  4.0280e+00  1.6221e-02  8.9714e-03 -4.0574e+00 -6.9630e-03 -7.6079e-03
-4.7917e+00     2.2000e+01  1.2934e-01  5.3092e-02 -2.2759e+01 -4.4025e-02 -3.4459e-02  4.2382e+00  1.7460e-02  9.4286e-03 -4.3008e+00 -7.4631e-03 -7.9477e-03
-4.7833e+00     1.7508e+01  1.0149e-01  5.0212e-02 -1.8410e+01 -3.7621e-02 -2.9999e-02  4.4025e+00  1.8420e-02  9.8583e-03 -4.4721e+00 -7.8028e-03 -8.2158e-03
-4.7750e+00     1.8580e+01  1.1454e-01  5.9487e-02 -1.7015e+01 -3.6387e-02 -2.9643e-02  4.5526e+00  1.9318e-02  1.0315e-02 -4.6195e+00 -8.1106e-03 -8.4639e-03
-4.7667e+00     2.6124e+01  2.0454e-01  9.4611e-02 -1.6016e+01 -3.4772e-02 -2.8907e-02  4.7386e+00  2.0646e-02  1.0956e-02 -4.7569e+00 -8.4066e-03 -8.7075e-03
-4.7583e+00     3.3983e+01  2.7242e-01  1.2245e-01 -2.7441e+01 -5.6570e-02 -3.9607e-02  4.9886e+00  2.2630e-02  1.1859e-02 -4.9376e+00 -8.7866e-03 -8.9925e-03
-4.7500e+00     3.2077e+01  2.4243e-01  1.0710e-01 -3.7885e+01 -9.0590e-02 -4.7946e-02  5.2634e+00  2.4771e-02  1.2813e-02 -5.2094e+00 -9.3987e-03 -9.3567e-03
-4.7417e+00     2.3916e+01  1.6420e-01  6.7368e-02 -2.5124e+01 -5.9502e-02 -3.3654e-02  5.4963e+00  2.6463e-02  1.3539e-02 -5.4715e+00 -1.0023e-02 -9.6961e-03
-4.7333e+00     2.1245e+01  1.3310e-01  5.7619e-02 -1.5886e+01 -3.9981e-02 -2.2930e-02  5.6842e+00  2.7699e-02  1.4059e-02 -5.6421e+00 -1.0437e-02 -9.9315e-03
-4.7250e+00     2.6555e+01  1.5496e-01  8.8601e-02 -1.8439e+01 -5.6120e-02 -3.1086e-02  5.8830e+00  2.8898e-02  1.4667e-02 -5.7848e+00 -1.0837e-02 -1.0156e-02
-4.7167e+00     2.0712e+01  1.1615e-01  6.1299e-02 -3.1317e+01 -9.8286e-02 -8.9242e-02  6.0796e+00  3.0025e-02  1.5291e-02 -5.9918e+00 -1.1479e-02 -1.0657e-02
-4.7083e+00     1.5305e+01  8.9480e-02  3.8984e-02 -2.4533e+01 -7.7866e-02 -5.6173e-02  6.2295e+00  3.0881e-02  1.5708e-02 -6.2241e+00 -1.2212e-02 -1.1262e-02
-4.7000e+00     1.4470e+01  8.3955e-02  3.5661e-02 -1.5329e+01 -5.2389e-02 -2.5514e-02  6.3533e+00  3.1602e-02  1.6018e-02 -6.3900e+00 -1.2753e-02 -1.1601e-02
-4.6917e+00     9.7455e+00  6.0836e-02  2.3883e-02 -1.7262e+01 -4.5813e-02 -2.4613e-02  6.4540e+00  3.2205e-02  1.6266e-02 -6.5255e+00 -1.3162e-02 -1.1810e-02
-4.6833e+00     1.1765e+01  6.0901e-02  3.0523e-02 -1.1119e+01 -2.2851e-02 -1.4898e-02  6.5435e+00  3.2711e-02  1.6492e-02 -6.6436e+00 -1.3448e-02 -1.1974e-02
-4.6750e+00     2.0582e+01  1.2158e-01  6.6865e-02 -2.0734e+01 -4.1946e-02 -4.2920e-02  6.6781e+00  3.3470e-02  1.6898e-02 -6.7761e+00 -1.3717e-02 -1.2215e-02
-4.6667e+00     3.3310e+01  2.0944e-01  1.1710e-01 -2.3242e+01 -5.7629e-02 -4.9372e-02  6.9023e+00  3.4847e-02  1.7663e-02 -6.9590e+00 -1.4131e-02 -1.2599e-02
-4.6583e+00     2.4804e+01  2.0731e-01  7.7706e-02 -2.0983e+01 -5.1664e-02 -4.1792e-02  7.1440e+00  3.6581e-02  1.8473e-02 -7.1430e+00 -1.4586e-02 -1.2978e-02
-4.6500e+00     1.7515e+01  1.4269e-01  5.8122e-02 -2.1032e+01 -4.9698e-02 -3.6340e-02  7.3200e+00  3.8036e-02  1.9038e-02 -7.3177e+00 -1.5008e-02 -1.3303e-02
-4.6417e+00     1.2057e+01  7.7428e-02  4.1764e-02 -1.6557e+01 -4.0440e-02 -2.4960e-02  7.4430e+00  3.8952e-02  1.9454e-02 -7.4741e+00 -1.5383e-02 -1.3558e-02
-4.6333e+00     1.6436e+01  1.0461e-01  6.5914e-02 -1.5656e+01 -3.5836e-02 -2.7882e-02  7.5616e+00  3.9709e-02  1.9902e-02 -7.6081e+00 -1.5700e-02 -1.3778e-02
-4.6250e+00     2.8559e+01  1.5979e-01  1.2370e-01 -2.2682e+01 -5.0683e-02 -4.9454e-02  7.7487e+00  4.0809e-02  2.0690e-02 -7.7676e+00 -1.6060e-02 -1.4099e-02
-4.6167e+00     3.0848e+01  1.5565e-01  1.2567e-01 -3.1072e+01 -7.2493e-02 -6.8344e-02  7.9958e+00  4.2121e-02  2.1728e-02 -7.9912e+00 -1.6572e-02 -1.4589e-02
-4.6083e+00     2.8482e+01  1.4597e-01  1.0907e-01 -3.0955e+01 -8.2121e-02 -6.3064e-02  8.2426e+00  4.3376e-02  2.2704e-02 -8.2492e+00 -1.7215e-02 -1.5136e-02
-4.6000e+00     1.6456e+01  1.0748e-01  4.8639e-02 -1.9790e+01 -7.7162e-02 -4.3068e-02  8.4296e+00  4.4430e-02  2.3360e-02 -8.4603e+00 -1.7878e-02 -1.5578e-02
-4.5917e+00     1.1805e+01  8.6006e-02  2.7478e-02 -1.4588e+01 -4.6447e-02 -1.3100e-02  8.5471e+00  4.5235e-02  2.3677e-02 -8.6033e+00 -1.8392e-02 -1.5811e-02
-4.5833e+00     2.4258e+01  1.6754e-01  5.1546e-02 -1.9666e+01 -5.8606e-02 -2.3924e-02  8.6971e+00  4.6290e-02  2.4006e-02 -8.7458e+00 -1.8829e-02 -1.5965e-02
-4.5750e+00     2.3047e+01  8.2510e-02  7.2487e-02 -2.1065e+01 -4.6073e-02 -3.5145e-02  8.8939e+00  4.7330e-02  2.4521e-02 -8.9152e+00 -1.9264e-02 -1.6211e-02
-4.5667e+00     2.9548e+01  1.1546e-01  8.4175e-02 -2.8024e+01 -5.7585e-02 -4.1935e-02  9.1127e+00  4.8153e-02  2.5173e-02 -9.1194e+00 -1.9696e-02 -1.6532e-02
-4.5583e+00     2.2218e+01  9.2779e-02  5.8507e-02 -2.4359e+01 -4.7325e-02 -3.3914e-02  9.3280e+00  4.9020e-02  2.5767e-02 -9.3373e+00 -2.0132e-02 -1.6847e-02
-4.5500e+00     1.3134e+01  5.1204e-02  3.3972e-02 -1.5303e+01 -2.9026e-02 -2.2760e-02  9.4751e+00  4.9619e-02  2.6151e-02 -9.5023e+00 -2.0450e-02 -1.7083e-02
-4.5417e+00     1.1549e+01  8.9563e-02  2.5655e-02 -1.0123e+01 -2.3893e-02 -1.2483e-02  9.5777e+00  5.0204e-02  2.6399e-02 -9.6080e+00 -2.0670e-02 -1.7229e-02
-4.5333e+00     1.6941e+01  1.7184e-01  3.3407e-02 -1.2006e+01 -4.2319e-02 -1.2262e-02  9.6963e+00  5.1292e-02  2.6645e-02 -9.7001e+00 -2.0945e-02 -1.7332e-02
-4.5250e+00     1.3659e+01  1.0480e-01  3.4994e-02 -1.6181e+01 -5.1600e-02 -1.9793e-02  9.8235e+00  5.2442e-02  2.6930e-02 -9.8173e+00 -2.1336e-02 -1.7466e-02
-4.5167e+00     1.7230e+01  1.0688e-01  6.7352e-02 -1.5312e+01 -4.7766e-02 -2.2028e-02  9.9520e+00  5.3323e-02  2.7355e-02 -9.9484e+00 -2.1749e-02 -1.7640e-02
-4.5083e+00     2.1427e+01  1.3781e-01  7.1592e-02 -2.2905e+01 -5.3780e-02 -4.2789e-02  1.0113e+01  5.4341e-02  2.7933e-02 -1.0107e+01 -2.2172e-02 -1.7909e-02
-4.5000e+00     1.8135e+01  1.6106e-01  6.9183e-02 -1.7589e+01 -3.7828e-02 -3.1419e-02  1.0277e+01  5.5584e-02  2.8519e-02 -1.0276e+01 -2.2553e-02 -1.8218e-02
-4.4917e+00     1.9369e+01  1.9109e-01  8.2523e-02 -1.8436e+01 -4.1032e-02 -3.7003e-02  1.0433e+01  5.7049e-02  2.9150e-02 -1.0426e+01 -2.2881e-02 -1.8503e-02
-4.4833e+00     1.5771e+01  1.2851e-01  1.0375e-01 -1.7726e+01 -4.3228e-02 -4.2319e-02  1.0580e+01  5.8378e-02  2.9925e-02 -1.0576e+01 -2.3231e-02 -1.8832e-02
-4.4750e+00     1.2595e+01  7.1599e-02  9.1094e-02 -1.4248e+01 -3.2581e-02 -3.5737e-02  1.0698e+01  5.9211e-02  3.0735e-02 -1.0709e+01 -2.3547e-02 -1.9157e-02
-4.4667e+00     1.5192e+01  9.3802e-02  8.6827e-02 -1.1989e+01 -2.5998e-02 -2.7003e-02  1.0813e+01  5.9899e-02  3.1475e-02 -1.0818e+01 -2.3790e-02 -1.9418e-02
-4.4583e+00     1.7151e+01  1.1152e-01  8.1976e-02 -1.2649e+01 -3.3801e-02 -2.3554e-02  1.0948e+01  6.0753e-02  3.2178e-02 -1.0921e+01 -2.4039e-02 -1.9628e-02
-4.4500e+00     1.8214e+01  1.2852e-01  9.0223e-02 -1.7257e+01 -5.2510e-02 -3.4579e-02  1.1095e+01  6.1751e-02  3.2894e-02 -1.1045e+01 -2.4398e-02 -1.9870e-02
-4.4417e+00     2.1606e+01  1.7491e-01  8.6468e-02 -1.9494e+01 -6.8303e-02 -4.5757e-02  1.1260e+01  6.3014e-02  3.3629e-02 -1.1198e+01 -2.4901e-02 -2.0204e-02
-4.4333e+00     1.9487e+01  1.5834e-01  6.3591e-02 -1.8059e+01 -6.9937e-02 -3.5268e-02  1.1431e+01  6.4400e-02  3.4253e-02 -1.1354e+01 -2.5476e-02 -2.0542e-02
-4.4250e+00     1.4071e+01  1.3565e-01  4.5520e-02 -1.9842e+01 -7.5273e-02 -3.2930e-02  1.1571e+01  6.5623e-02  3.4707e-02 -1.1512e+01 -2.6080e-02 -2.0825e-02
-4.4167e+00     1.1692e+01  1.1724e-01  4.3773e-02 -1.4732e+01 -4.8621e-02 -2.2765e-02  1.1678e+01  6.6675e-02  3.5078e-02 -1.1656e+01 -2.6595e-02 -2.1057e-02
-4.4083e+00     1.1185e+01  1.2160e-01  4.3972e-02 -1.5481e+01 -4.9721e-02 -2.4270e-02  1.1773e+01  6.7668e-02  3.5443e-02 -1.1781e+01 -2.7004e-02 -2.1253e-02
-4.4000e+00     1.8291e+01  1.8150e-01  8.0761e-02 -1.4579e+01 -4.9525e-02 -2.6744e-02  1.1896e+01  6.8929e-02  3.5962e-02 -1.1906e+01 -2.7417e-02 -2.1465e-02
-4.3917e+00     1.6254e+01  1.8421e-01  1.0163e-01 -1.3698e+01 -4.9154e-02 -2.8819e-02  1.2040e+01  7.0450e-02  3.6721e-02 -1.2024e+01 -2.7827e-02 -2.1696e-02
-4.3833e+00     1.6243e+01  2.0545e-01  1.1336e-01 -1.3234e+01 -4.9884e-02 -3.1386e-02  1.2175e+01  7.2071e-02  3.7615e-02 -1.2136e+01 -2.8239e-02 -2.1946e-02
-4.3750e+00     1.5089e+01  2.2909e-01  1.0122e-01 -1.5502e+01 -6.3995e-02 -3.4572e-02  1.2305e+01  7.3879e-02  3.8508e-02 -1.2256e+01 -2.8713e-02 -2.2221e-02
-4.3667e+00     1.9607e+01  3.3745e-01  9.9508e-02 -1.7032e+01 -7.5389e-02 -3.5806e-02  1.2449e+01  7.6235e-02  3.9343e-02 -1.2391e+01 -2.9293e-02 -2.2513e-02
-4.3583e+00     2.5621e+01  3.9013e-01  1.1518e-01 -1.6646e+01 -7.9316e-02 -3.2726e-02  1.2638e+01  7.9262e-02  4.0236e-02 -1.2531e+01 -2.9936e-02 -2.2799e-02
-4.3500e+00     1.8029e+01  3.1896e-01  8.7582e-02 -1.5387e+01 -8.6650e-02 -3.0457e-02  1.2819e+01  8.2211e-02  4.1079e-02 -1.2664e+01 -3.0627e-02 -2.3061e-02
-4.3417e+00     1.2696e+01  2.7200e-01  6.3415e-02 -1.3272e+01 -8.3363e-02 -2.5518e-02  1.2947e+01  8.4670e-02  4.1707e-02 -1.2783e+01 -3.1334e-02 -2.3294e-02
-4.3333e+00     1.4475e+01  2.8802e-01  7.0445e-02 -1.2993e+01 -9.5872e-02 -2.3599e-02  1.3060e+01  8.6999e-02  4.2264e-02 -1.2893e+01 -3.2080e-02 -2.3498e-02
-4.3250e+00     2.0511e+01  3.7780e-01  1.3037e-01 -2.7695e+01 -1.7385e-01 -4.8590e-02  1.3206e+01  8.9769e-02  4.3100e-02 -1.3062e+01 -3.3202e-02 -2.3799e-02
-4.3167e+00     1.6200e+01  2.0489e-01  9.6901e-02 -2.3331e+01 -1.5907e-01 -4.4372e-02  1.3358e+01  9.2193e-02  4.4045e-02 -1.3274e+01 -3.4586e-02 -2.4185e-02
-4.3083e+00     1.8255e+01  2.2763e-01  1.0518e-01 -1.5048e+01 -9.1860e-02 -2.9972e-02  1.3502e+01  9.3992e-02  4.4886e-02 -1.3434e+01 -3.5630e-02 -2.4495e-02
-4.3000e+00     1.8326e+01  2.4759e-01  1.0682e-01 -1.3767e+01 -7.6693e-02 -2.7355e-02  1.3654e+01  9.5969e-02  4.5767e-02 -1.3554e+01 -3.6331e-02 -2.4733e-02
-4.2917e+00     1.6988e+01  2.3880e-01  1.1903e-01 -1.5778e+01 -9.5239e-02 -3.0268e-02  1.3801e+01  9.7992e-02  4.6707e-02 -1.3677e+01 -3.7047e-02 -2.4973e-02
-4.2833e+00     2.6976e+01  2.9431e-01  1.6116e-01 -1.8732e+01 -1.3073e-01 -3.8941e-02  1.3984e+01  1.0021e-01  4.7873e-02 -1.3820e+01 -3.7987e-02 -2.5261e-02
-4.2750e+00     1.5135e+01  2.0226e-01  1.1330e-01 -1.5263e+01 -9.2666e-02 -3.4750e-02  1.4159e+01  1.0228e-01  4.9014e-02 -1.3962e+01 -3.8916e-02 -2.5567e-02
-4.2667e+00     1.5290e+01  2.0330e-01  1.1321e-01 -1.3857e+01 -7.9450e-02 -3.4082e-02  1.4285e+01  1.0396e-01  4.9956e-02 -1.4083e+01 -3.9632e-02 -2.5854e-02
-4.2583e+00     1.5463e+01  2.0402e-01  1.1286e-01 -1.4033e+01 -8.0731e-02 -3.6378e-02  1.4413e+01  1.0566e-01  5.0897e-02 -1.4199e+01 -4.0298e-02 -2.6147e-02
-4.2500e+00     1.5733e+01  2.0575e-01  1.1235e-01 -1.4368e+01 -8.2863e-02 -3.9258e-02  1.4543e+01  1.0736e-01  5.1834e-02 -1.4317e+01 -4.0979e-02 -2.6461e-02
-4.2417e+00     1.5550e+01  2.0389e-01  1.0731e-01 -1.4609e+01 -8.3970e-02 -4.1222e-02  1.4673e+01  1.0906e-01  5.2747e-02 -1.4437e+01 -4.1673e-02 -2.6796e-02
-4.2333e+00     1.6075e+01  2.0509e-01  1.0984e-01 -1.5206e+01 -8.8241e-02 -4.1727e-02  1.4805e+01  1.1077e-01  5.3651e-02 -1.4561e+01 -4.2389e-02 -2.7141e-02
-4.2250e+00     1.8212e+01  2.3491e-01  1.2947e-01 -1.7549e+01 -9.9549e-02 -4.4713e-02  1.4947e+01  1.1260e-01  5.4646e-02 -1.4698e+01 -4.3170e-02 -2.7501e-02
-4.2167e+00     1.9529e+01  2.7378e-01  1.4787e-01 -2.0320e+01 -1.1457e-01 -4.8111e-02  1.5104e+01  1.1471e-01  5.5800e-02 -1.4855e+01 -4.4061e-02 -2.7887e-02
-4.2083e+00     1.8002e+01  2.8119e-01  1.6735e-01 -1.7968e+01 -9.4566e-02 -5.0373e-02  1.5260e+01  1.1702e-01  5.7111e-02 -1.5014e+01 -4.4931e-02 -2.8297e-02
-4.2000e+00     1.5825e+01  2.8244e-01  1.4639e-01 -1.5303e+01 -8.1187e-02 -4.6964e-02  1.5401e+01  1.1937e-01  5.8416e-02 -1.5153e+01 -4.5662e-02 -2.8701e-02
-4.1917e+00     1.4007e+01  2.7535e-01  1.2473e-01 -1.3712e+01 -9.5259e-02 -4.2314e-02  1.5525e+01  1.2169e-01  5.9544e-02 -1.5274e+01 -4.6396e-02 -2.9073e-02
-4.1833e+00     1.1961e+01  2.5672e-01  9.9864e-02 -1.2956e+01 -1.0292e-01 -3.8209e-02  1.5633e+01  1.2390e-01  6.0478e-02 -1.5384e+01 -4.7220e-02 -2.9408e-02
-4.1750e+00     1.0473e+01  2.4804e-01  8.2151e-02 -1.1413e+01 -9.7429e-02 -3.1955e-02  1.5726e+01  1.2600e-01  6.1235e-02 -1.5486e+01 -4.8054e-02 -2.9700e-02
-4.1667e+00     1.0034e+01  2.5485e-01  7.6288e-02 -1.0197e+01 -9.3216e-02 -2.6623e-02  1.5812e+01  1.2809e-01  6.1894e-02 -1.5576e+01 -4.8847e-02 -2.9943e-02
-4.1583e+00     9.8957e+00  2.7407e-01  7.2412e-02 -9.8283e+00 -9.3797e-02 -2.4419e-02  1.5895e+01  1.3029e-01  6.2513e-02 -1.5659e+01 -4.9624e-02 -3.0156e-02
-4.1500e+00     1.1702e+01  3.4620e-01  9.1361e-02 -9.4626e+00 -9.2920e-02 -2.2781e-02  1.5985e+01  1.3287e-01  6.3194e-02 -1.5739e+01 -5.0401e-02 -3.0352e-02
-4.1417e+00     1.0710e+01  3.2532e-01  8.0834e-02 -9.6234e+00 -1.0017e-01 -2.1997e-02  1.6078e+01  1.3566e-01  6.3910e-02 -1.5819e+01 -5.1204e-02 -3.0538e-02
-4.1333e+00     1.1342e+01  2.7721e-01  9.1996e-02 -1.1785e+01 -1.2138e-01 -2.5517e-02  1.6170e+01  1.3817e-01  6.4629e-02 -1.5908e+01 -5.2126e-02 -3.0736e-02
-4.1250e+00     1.2272e+01  2.8611e-01  9.8481e-02 -1.4010e+01 -1.5490e-01 -3.0092e-02  1.6268e+01  1.4051e-01  6.5422e-02 -1.6015e+01 -5.3275e-02 -3.0967e-02
-4.1167e+00     1.3250e+01  3.0522e-01  1.0668e-01 -1.1522e+01 -1.2494e-01 -2.7344e-02  1.6374e+01  1.4297e-01  6.6275e-02 -1.6121e+01 -5.4439e-02 -3.1206e-02
-4.1083e+00     1.4594e+01  3.2455e-01  1.2360e-01 -1.2043e+01 -1.3202e-01 -2.7993e-02  1.6490e+01  1.4559e-01  6.7233e-02 -1.6219e+01 -5.5508e-02 -3.1436e-02
-4.1000e+00     1.7653e+01  3.8399e-01  1.6018e-01 -1.3098e+01 -1.4666e-01 -2.8930e-02  1.6624e+01  1.4854e-01  6.8413e-02 -1.6324e+01 -5.6667e-02 -3.1673e-02
-4.0917e+00     1.7473e+01  3.9209e-01  1.6724e-01 -1.5620e+01 -1.7375e-01 -3.6275e-02  1.6770e+01  1.5177e-01  6.9775e-02 -1.6443e+01 -5.8000e-02 -3.1944e-02
-4.0833e+00     1.7267e+01  3.9506e-01  1.5714e-01 -1.7004e+01 -1.7906e-01 -4.2345e-02  1.6914e+01  1.5504e-01  7.1125e-02 -1.6579e+01 -5.9468e-02 -3.2271e-02
-4.0750e+00     1.3681e+01  3.0533e-01  1.3369e-01 -1.6657e+01 -1.6692e-01 -4.3164e-02  1.7043e+01  1.5796e-01  7.2334e-02 -1.6719e+01 -6.0907e-02 -3.2627e-02
-4.0667e+00     1.3630e+01  3.3289e-01  1.3295e-01 -1.6008e+01 -1.5139e-01 -4.3701e-02  1.7157e+01  1.6061e-01  7.3444e-02 -1.6855e+01 -6.2231e-02 -3.2988e-02
-4.0583e+00     1.3826e+01  3.4492e-01  1.3429e-01 -1.2781e+01 -1.1061e-01 -3.5089e-02  1.7271e+01  1.6343e-01  7.4555e-02 -1.6975e+01 -6.3321e-02 -3.3316e-02
-4.0500e+00     1.3128e+01  3.0554e-01  1.3809e-01 -1.2298e+01 -1.0525e-01 -3.3460e-02  1.7383e+01  1.6614e-01  7.5688e-02 -1.7079e+01 -6.4219e-02 -3.3601e-02
-4.0417e+00     1.7824e+01  4.5142e-01  1.8327e-01 -1.4290e+01 -1.3212e-01 -3.5999e-02  1.7512e+01  1.6929e-01  7.7025e-02 -1.7190e+01 -6.5206e-02 -3.3890e-02
-4.0333e+00     2.1369e+01  5.6147e-01  2.2910e-01 -1.4413e+01 -1.2641e-01 -3.7330e-02  1.7675e+01  1.7350e-01  7.8740e-02 -1.7309e+01 -6.6282e-02 -3.4195e-02
-4.0250e+00     1.7654e+01  3.7839e-01  1.8228e-01 -1.5115e+01 -1.2030e-01 -4.1091e-02  1.7837e+01  1.7741e-01  8.0452e-02 -1.7432e+01 -6.7308e-02 -3.4521e-02
-4.0167e+00     1.9483e+01  3.5814e-01  1.8326e-01 -1.8674e+01 -1.3850e-01 -5.2811e-02  1.7992e+01  1.8047e-01  8.1972e-02 -1.7572e+01 -6.8384e-02 -3.4912e-02
-4.0083e+00     2.3644e+01  4.4960e-01  2.0074e-01 -2.2793e+01 -1.8548e-01 -5.6271e-02  1.8171e+01  1.8383e-01  8.3569e-02 -1.7745e+01 -6.9732e-02 -3.5366e-02
-4.0000e+00     2.9655e+01  6.3227e-01  3.1056e-01 -2.5806e+01 -2.1407e-01 -6.0137e-02  1.8393e+01  1.8833e-01  8.5696e-02 -1.7947e+01 -7.1394e-02 -3.5850e-02
-3.9917e+00     2.3151e+01  3.9178e-01  2.1357e-01 -2.3451e+01 -2.0054e-01 -5.6490e-02  1.8613e+01  1.9259e-01  8.7877e-02 -1.8152e+01 -7.3119e-02 -3.6335e-02
-3.9833e+00     2.1402e+01  3.8197e-01  1.9100e-01 -2.6890e+01 -2.5138e-01 -6.4491e-02  1.8798e+01  1.9581e-01  8.9559e-02 -1.8361e+01 -7.4999e-02 -3.6838e-02
-3.9750e+00     2.2893e+01  3.7641e-01  2.2241e-01 -2.4085e+01 -2.5256e-01 -5.4936e-02  1.8982e+01  1.9897e-01  9.1279e-02 -1.8573e+01 -7.7095e-02 -3.7335e-02
-3.9667e+00     1.9687e+01  3.6993e-01  1.8774e-01 -2.0619e+01 -2.2335e-01 -5.3541e-02  1.9159e+01  2.0207e-01  9.2985e-02 -1.8759e+01 -7.9075e-02 -3.7786e-02
-3.9583e+00     1.7346e+01  3.8495e-01  1.5797e-01 -1.7200e+01 -1.9758e-01 -4.8382e-02  1.9313e+01  2.0521e-01  9.4423e-02 -1.8917e+01 -8.0826e-02 -3.8210e-02
-3.9500e+00     1.4147e+01  3.1346e-01  1.3601e-01 -1.3669e+01 -1.8550e-01 -3.8711e-02  1.9444e+01  2.0812e-01  9.5646e-02 -1.9045e+01 -8.2419e-02 -3.8573e-02
-3.9417e+00     1.3314e+01  2.7105e-01  1.3374e-01 -1.3747e+01 -2.1518e-01 -4.1137e-02  1.9559e+01  2.1055e-01  9.6768e-02 -1.9159e+01 -8.4086e-02 -3.8905e-02
-3.9333e+00     1.4372e+01  2.9141e-01  1.4004e-01 -1.5632e+01 -2.9892e-01 -5.2083e-02  1.9674e+01  2.1289e-01  9.7907e-02 -1.9281e+01 -8.6224e-02 -3.9293e-02
-3.9250e+00     1.6254e+01  3.5305e-01  1.6771e-01 -1.9023e+01 -3.4006e-01 -5.9083e-02  1.9801e+01  2.1557e-01  9.9187e-02 -1.9425e+01 -8.8882e-02 -3.9755e-02
-3.9167e+00     9.3271e+00  1.6555e-01  1.1062e-01 -2.3199e+01 -3.4498e-01 -6.2424e-02  1.9907e+01  2.1772e-01  1.0035e-01 -1.9601e+01 -9.1732e-02 -4.0260e-02
-3.9083e+00     7.0588e+00  1.2897e-01  1.0141e-01 -1.1597e+01 -1.8558e-01 -3.0684e-02  1.9976e+01  2.1895e-01  1.0123e-01 -1.9746e+01 -9.3939e-02 -4.0648e-02
-3.9000e+00     8.1220e+00  1.7072e-01  1.1354e-01 -7.9817e+00 -1.2300e-01 -2.1632e-02  2.0039e+01  2.2020e-01  1.0212e-01 -1.9827e+01 -9.5222e-02 -4.0865e-02
-3.8917e+00     8.9532e+00  1.9038e-01  1.2703e-01 -6.5300e+00 -1.0011e-01 -1.8139e-02  2.0110e+01  2.2170e-01  1.0312e-01 -1.9888e+01 -9.6151e-02 -4.1031e-02
-3.8833e+00     9.8688e+00  1.8758e-01  1.4816e-01 -8.5612e+00 -1.2487e-01 -2.4768e-02  2.0188e+01  2.2327e-01  1.0427e-01 -1.9950e+01 -9.7086e-02 -4.1209e-02
-3.8750e+00     1.0702e+01  1.7970e-01  1.6576e-01 -1.2133e+01 -1.6470e-01 -3.2464e-02  2.0274e+01  2.2480e-01  1.0557e-01 -2.0037e+01 -9.8291e-02 -4.1447e-02
-3.8667e+00     1.2407e+01  1.9490e-01  2.0603e-01 -1.4123e+01 -1.8661e-01 -3.5302e-02  2.0370e+01  2.2636e-01  1.0712e-01 -2.0146e+01 -9.9752e-02 -4.1729e-02
-3.8583e+00     1.5895e+01  2.5078e-01  2.8968e-01 -1.5136e+01 -1.9825e-01 -4.3429e-02  2.0488e+01  2.2821e-01  1.0918e-01 -2.0267e+01 -1.0135e-01 -4.2057e-02
-3.8500e+00     1.8058e+01  2.7843e-01  3.6439e-01 -1.5587e+01 -2.1068e-01 -5.1014e-02  2.0629e+01  2.3041e-01  1.1190e-01 -2.0395e+01 -1.0305e-01 -4.2450e-02
-3.8417e+00     1.8374e+01  2.6445e-01  4.3869e-01 -2.5937e+01 -3.0128e-01 -8.8417e-02  2.0780e+01  2.3267e-01  1.1524e-01 -2.0568e+01 -1.0518e-01 -4.3030e-02
-3.8333e+00     2.0374e+01  2.5401e-01  5.8880e-01 -2.8457e+01 -3.2680e-01 -9.9907e-02  2.0942e+01  2.3483e-01  1.1952e-01 -2.0794e+01 -1.0780e-01 -4.3813e-02
-3.8250e+00     1.5005e+01  1.9184e-01  3.6550e-01 -1.7025e+01 -2.3619e-01 -4.9226e-02  2.1089e+01  2.3668e-01  1.2349e-01 -2.0983e+01 -1.1014e-01 -4.4433e-02
-3.8167e+00     1.3053e+01  1.5461e-01  2.8882e-01 -1.5153e+01 -2.1003e-01 -4.2870e-02  2.1205e+01  2.3812e-01  1.2621e-01 -2.1117e+01 -1.1199e-01 -4.4816e-02
-3.8083e+00     1.5640e+01  1.8422e-01  2.9864e-01 -1.4288e+01 -1.9142e-01 -4.2038e-02  2.1325e+01  2.3953e-01  1.2865e-01 -2.1240e+01 -1.1366e-01 -4.5170e-02
-3.8000e+00     1.7660e+01  2.0258e-01  3.0824e-01 -1.6944e+01 -2.4546e-01 -5.1004e-02  2.1463e+01  2.4114e-01  1.3118e-01 -2.1370e+01 -1.1548e-01 -4.5557e-02
-3.7917e+00     2.1136e+01  2.4951e-01  3.5293e-01 -1.6661e+01 -2.5667e-01 -4.7390e-02  2.1625e+01  2.4302e-01  1.3393e-01 -2.1509e+01 -1.1757e-01 -4.5966e-02
-3.7833e+00     1.8428e+01  2.4460e-01  3.2330e-01 -1.3679e+01 -1.9748e-01 -3.7835e-02  2.1789e+01  2.4508e-01  1.3674e-01 -2.1636e+01 -1.1946e-01 -4.6320e-02
-3.7750e+00     1.8086e+01  2.7677e-01  2.9403e-01 -1.0589e+01 -1.5673e-01 -3.3193e-02  2.1941e+01  2.4725e-01  1.3931e-01 -2.1737e+01 -1.2093e-01 -4.6616e-02
-3.7667e+00     1.7501e+01  3.2182e-01  2.7836e-01 -6.7711e+00 -9.6284e-02 -2.9625e-02  2.2089e+01  2.4974e-01  1.4169e-01 -2.1809e+01 -1.2199e-01 -4.6877e-02
-3.7583e+00     1.8348e+01  4.1028e-01  2.8218e-01 -6.2727e+00 -9.2418e-02 -2.8977e-02  2.2238e+01  2.5278e-01  1.4402e-01 -2.1863e+01 -1.2277e-01 -4.7121e-02
-3.7500e+00     1.6757e+01  3.8298e-01  2.9059e-01 -1.1051e+01 -1.7257e-01 -5.5725e-02  2.2384e+01  2.5608e-01  1.4640e-01 -2.1935e+01 -1.2387e-01 -4.7473e-02
-3.7417e+00     1.5228e+01  3.5164e-01  2.7177e-01 -1.5710e+01 -2.7641e-01 -7.9421e-02  2.2517e+01  2.5914e-01  1.4874e-01 -2.2046e+01 -1.2574e-01 -4.8036e-02
-3.7333e+00     9.5921e+00  1.9052e-01  1.4658e-01 -2.3923e+01 -3.7995e-01 -1.0709e-01  2.2621e+01  2.6139e-01  1.5048e-01 -2.2211e+01 -1.2847e-01 -4.8811e-02
-3.7250e+00     7.5259e+00  1.4113e-01  1.1480e-01 -1.7763e+01 -3.5085e-01 -8.9583e-02  2.2692e+01  2.6277e-01  1.5157e-01 -2.2385e+01 -1.3151e-01 -4.9629e-02
-3.7167e+00     6.1693e+00  1.1379e-01  9.5407e-02 -1.9260e+01 -4.1774e-01 -1.0489e-01  2.2749e+01  2.6383e-01  1.5244e-01 -2.2539e+01 -1.3471e-01 -5.0438e-02
-3.7083e+00     5.2182e+00  1.0364e-01  7.9968e-02 -1.1782e+01 -2.6318e-01 -4.5150e-02  2.2796e+01  2.6474e-01  1.5317e-01 -2.2668e+01 -1.3754e-01 -5.1063e-02
-3.7000e+00     4.9006e+00  1.2039e-01  7.0392e-02 -6.8389e+00 -1.3526e-01 -2.6588e-02  2.2838e+01  2.6567e-01  1.5380e-01 -2.2745e+01 -1.3920e-01 -5.1361e-02
-3.6917e+00     6.7392e+00  2.0245e-01  9.1468e-02 -5.6385e+00 -1.0459e-01 -2.1726e-02  2.2887e+01  2.6701e-01  1.5447e-01 -2.2797e+01 -1.4020e-01 -5.1562e-02
-3.6833e+00     9.3805e+00  2.6826e-01  1.2077e-01 -6.4982e+00 -1.2123e-01 -2.6702e-02  2.2954e+01  2.6897e-01  1.5535e-01 -2.2848e+01 -1.4113e-01 -5.1763e-02
-3.6750e+00     1.2260e+01  3.0507e-01  1.6271e-01 -1.1196e+01 -2.2787e-01 -5.2382e-02  2.3044e+01  2.7135e-01  1.5653e-01 -2.2921e+01 -1.4259e-01 -5.2092e-02
-3.6667e+00     1.6401e+01  3.2485e-01  2.4473e-01 -1.6016e+01 -3.1852e-01 -6.9699e-02  2.3163e+01  2.7397e-01  1.5823e-01 -2.3034e+01 -1.4486e-01 -5.2600e-02
-3.6583e+00     2.9415e+01  4.4074e-01  3.5799e-01 -2.3702e+01 -4.0057e-01 -6.9542e-02  2.3354e+01  2.7716e-01  1.6074e-01 -2.3200e+01 -1.4785e-01 -5.3179e-02
-3.6500e+00     1.6034e+01  2.0228e-01  2.4776e-01 -2.5925e+01 -3.8012e-01 -6.1946e-02  2.3543e+01  2.7983e-01  1.6326e-01 -2.3406e+01 -1.5110e-01 -5.3726e-02
-3.6417e+00     1.2481e+01  1.3060e-01  2.3187e-01 -1.4139e+01 -1.5493e-01 -3.7478e-02  2.3661e+01  2.8122e-01  1.6525e-01 -2.3573e+01 -1.5332e-01 -5.4140e-02
-3.6333e+00     8.8658e+00  8.2462e-02  1.8879e-01 -9.6151e+00 -8.7919e-02 -2.5844e-02  2.3750e+01  2.8210e-01  1.6700e-01 -2.3672e+01 -1.5433e-01 -5.4403e-02
-3.6250e+00     8.7125e+00  9.3166e-02  1.9491e-01 -1.1022e+01 -9.0447e-02 -3.2788e-02  2.3823e+01  2.8284e-01  1.6860e-01 -2.3757e+01 -1.5508e-01 -5.4647e-02
-3.6167e+00     9.5054e+00  9.6091e-02  1.9525e-01 -1.0627e+01 -8.0837e-02 -3.3322e-02  2.3899e+01  2.8362e-01  1.7022e-01 -2.3848e+01 -1.5579e-01 -5.4922e-02
-3.6083e+00     1.1882e+01  7.7874e-02  2.1297e-01 -9.8343e+00 -7.0195e-02 -3.0437e-02  2.3988e+01  2.8435e-01  1.7192e-01 -2.3933e+01 -1.5642e-01 -5.5187e-02
-3.6000e+00     8.5675e+00  6.9336e-02  1.2819e-01 -1.1481e+01 -7.0206e-02 -3.3177e-02  2.4073e+01  2.8496e-01  1.7334e-01 -2.4021e+01 -1.5700e-01 -5.5452e-02
-3.5917e+00     8.2389e+00  8.0232e-02  1.3675e-01 -1.0603e+01 -6.1913e-02 -2.9767e-02  2.4143e+01  2.8558e-01  1.7444e-01 -2.4113e+01 -1.5755e-01 -5.5714e-02
-3.5833e+00     7.8046e+00  9.1714e-02  1.4913e-01 -9.0666e+00 -5.3195e-02 -2.4651e-02  2.4210e+01  2.8630e-01  1.7563e-01 -2.4195e+01 -1.5803e-01 -5.5940e-02
-3.5750e+00     6.6437e+00  7.7991e-02  1.5420e-01 -8.3164e+00 -5.0749e-02 -2.2766e-02  2.4270e+01  2.8700e-01  1.7689e-01 -2.4267e+01 -1.5846e-01 -5.6137e-02
-3.5667e+00     6.1311e+00  7.3047e-02  1.5592e-01 -9.8369e+00 -5.6539e-02 -2.8833e-02  2.4323e+01  2.8763e-01  1.7818e-01 -2.4343e+01 -1.5891e-01 -5.6352e-02
-3.5583e+00     5.5571e+00  6.7597e-02  1.5458e-01 -1.3198e+01 -6.4198e-02 -3.5584e-02  2.4371e+01  2.8822e-01  1.7947e-01 -2.4439e+01 -1.5941e-01 -5.6620e-02
-3.5500e+00     5.1793e+00  6.2043e-02  1.5451e-01 -1.3255e+01 -5.7910e-02 -2.9829e-02  2.4416e+01  2.8875e-01  1.8076e-01 -2.4549e+01 -1.5992e-01 -5.6892e-02
-3.5417e+00     4.7434e+00  5.5894e-02  1.5147e-01 -1.1602e+01 -4.6991e-02 -2.0493e-02  2.4457e+01  2.8925e-01  1.8203e-01 -2.4652e+01 -1.6035e-01 -5.7101e-02
-3.5333e+00     5.0095e+00  5.2428e-02  1.8930e-01 -1.0100e+01 -4.1419e-02 -1.3426e-02  2.4498e+01  2.8970e-01  1.8345e-01 -2.4742e+01 -1.6072e-01 -5.7243e-02
-3.5250e+00     6.9359e+00  6.1325e-02  3.0255e-01 -5.1972e+00 -2.3566e-02 -5.5802e-03  2.4548e+01  2.9017e-01  1.8549e-01 -2.4806e+01 -1.6099e-01 -5.7322e-02
-3.5167e+00     7.4181e+00  6.1810e-02  3.3584e-01 -5.0214e+00 -2.2754e-02 -4.4851e-03  2.4607e+01  2.9068e-01  1.8815e-01 -2.4848e+01 -1.6119e-01 -5.7364e-02
-3.5083e+00     7.7786e+00  5.7690e-02  3.7711e-01 -4.6671e+00 -2.1414e-02 -3.3879e-03  2.4671e+01  2.9118e-01  1.9111e-01 -2.4889e+01 -1.6137e-01 -5.7396e-02
-3.5000e+00     4.7681e+00  4.4573e-02  2.1606e-01 -4.6007e+00 -2.1732e-02 -2.7794e-03  2.4723e+01  2.9160e-01  1.9358e-01 -2.4927e+01 -1.6155e-01 -5.7422e-02
-3.4917e+00     3.9497e+00  4.1203e-02  1.7863e-01 -2.9587e+00 -1.4121e-02 -1.5769e-03  2.4759e+01  2.9196e-01  1.9522e-01 -2.4959e+01 -1.6170e-01 -5.7440e-02
-3.4833e+00     3.4299e+00  3.7552e-02  1.8315e-01 -1.2082e+00 -5.8407e-03 -5.7638e-04  2.4790e+01  2.9229e-01  1.9673e-01 -2.4976e+01 -1.6178e-01 -5.7449e-02
-3.4750e+00     2.9109e+00  3.3309e-02  1.7389e-01 -0.0000e+00 -0.0000e+00 -0.0000e+00  2.4816e+01  2.9258e-01  1.9821e-01 -2.4981e+01 -1.6180e-01 -5.7451e-02
-3.4667e+00     2.6773e+00  3.1304e-02  1.5213e-01 -0.0000e+00 -0.0000e+00 -0.0000e+00  2.4839e+01  2.9285e-01  1.9957e-01 -2.4981e+01 -1.6180e-01 -5.7451e-02
-3.4583e+00     2.5207e+00  3.0164e-02  1.3316e-01 -0.0000e+00 -0.0000e+00 -0.0000e+00  2.4861e+01  2.9311e-01  2.0076e-01 -2.4981e+01 -1.6180e-01 -5.7451e-02
-3.4500e+00     4.3052e+00  3.2427e-02  4.2912e-01 -0.0000e+00 -0.0000e+00 -0.0000e+00  2.4889e+01  2.9337e-01  2.0310e-01 -2.4981e+01 -1.6180e-01 -5.7451e-02
-3.4417e+00     1.1462e+01  4.4293e-02  1.4801e+00 -8.6543e-01 -6.8114e-03 -8.0034e-04  2.4955e+01  2.9369e-01  2.1104e-01 -2.4985e+01 -1.6183e-01 -5.7455e-02
-3.4333e+00     1.4684e+01  8.8766e-02  1.9455e+00 -6.7395e+00 -5.2839e-02 -5.8520e-03  2.5064e+01  2.9424e-01  2.2529e-01 -2.5016e+01 -1.6208e-01 -5.7482e-02
-3.4250e+00     1.3881e+01  7.3877e-02  1.8635e+00 -1.5776e+01 -1.6064e-01 -1.1827e-02  2.5182e+01  2.9492e-01  2.4113e-01 -2.5110e+01 -1.6297e-01 -5.7556e-02
-3.4167e+00     1.7475e+01  5.2242e-02  2.8807e+00 -5.2352e+01 -6.3785e-01 -2.8357e-02  2.5313e+01  2.9544e-01  2.6087e-01 -2.5393e+01 -1.6629e-01 -5.7723e-02
-3.4083e+00     1.5532e+01  7.1344e-02  2.2319e+00 -2.4512e+01 -2.5157e-01 -6.9356e-03  2.5450e+01  2.9596e-01  2.8213e-01 -2.5713e+01 -1.6999e-01 -5.7870e-02
-3.4000e+00     1.5630e+01  7.8426e-02  1.8549e+00 -1.4830e+01 -1.3247e-01 -3.4036e-03  2.5580e+01  2.9658e-01  2.9913e-01 -2.5877e+01 -1.7159e-01 -5.7913e-02
-3.3917e+00     1.3539e+01  6.4173e-02  1.6231e+00 -5.5595e-01 -5.4023e-03 -2.2254e-03  2.5701e+01  2.9717e-01  3.1360e-01 -2.5941e+01 -1.7216e-01 -5.7936e-02
-3.3833e+00     6.0521e+00  1.9661e-02  6.2338e-01 -2.3086e+01 -2.1176e-01 -5.6925e-02  2.5783e+01  2.9752e-01  3.2295e-01 -2.6039e+01 -1.7307e-01 -5.8182e-02
-3.3750e+00     5.0770e+00  1.5030e-02  4.9106e-01 -2.7624e+01 -2.6675e-01 -4.3433e-02  2.5829e+01  2.9766e-01  3.2758e-01 -2.6250e+01 -1.7506e-01 -5.8600e-02
-3.3667e+00     1.1555e+01  2.6020e-02  7.3337e-01 -1.6911e+01 -1.5930e-01 -2.1802e-02  2.5898e+01  2.9784e-01  3.3267e-01 -2.6435e+01 -1.7683e-01 -5.8871e-02
-3.3583e+00     1.5563e+01  3.4189e-02  1.0802e+00 -1.2070e+01 -1.1714e-01 -1.7471e-02  2.6011e+01  2.9809e-01  3.4022e-01 -2.6556e+01 -1.7798e-01 -5.9035e-02
-3.3500e+00     3.0024e+01  5.9506e-02  2.2200e+00 -1.2401e+01 -1.1349e-01 -1.6246e-02  2.6201e+01  2.9848e-01  3.5395e-01 -2.6658e+01 -1.7894e-01 -5.9175e-02
-3.3417e+00     2.3749e+01  5.4002e-02  1.3037e+00 -1.6195e+01 -1.2130e-01 -2.3156e-02  2.6424e+01  2.9895e-01  3.6860e-01 -2.6777e+01 -1.7991e-01 -5.9339e-02
-3.3333e+00     3.0558e+01  6.3604e-02  1.4897e+00 -4.0035e+00 -2.3935e-02 -7.2011e-03  2.6650e+01  2.9944e-01  3.8022e-01 -2.6861e+01 -1.8052e-01 -5.9465e-02
-3.3250e+00     1.9844e+01  3.5898e-02  9.4143e-01 -2.0104e+00 -1.3517e-02 -3.9008e-03  2.6860e+01  2.9985e-01  3.9034e-01 -2.6886e+01 -1.8067e-01 -5.9511e-02
-3.3167e+00     5.6737e+00  9.3484e-03  3.3574e-01 -1.0746e+00 -7.5454e-03 -2.1251e-03  2.6966e+01  3.0004e-01  3.9565e-01 -2.6899e+01 -1.8076e-01 -5.9536e-02
-3.3083e+00     2.7053e-01  4.4777e-04  3.0612e-02 -2.4573e-01 -1.8088e-03 -4.9638e-04  2.6991e+01  3.0008e-01  3.9717e-01 -2.6904e+01 -1.8080e-01 -5.9547e-02
-3.3000e+00     0.0000e+00  0.0000e+00  0.0000e+00 -0.0000e+00 -0.0000e+00 -0.0000e+00  2.6992e+01  3.0008e-01  3.9730e-01 -2.6905e+01 -1.8081e-01 -5.9549e-02
-3.2917e+00     0.0000e+00  0.0000e+00  0.0000e+00 -1.1033e+01 -6.0022e-02 -6.4046e-02  2.6992e+01  3.0008e-01  3.9730e-01 -2.6951e+01 -1.8106e-01 -5.9816e-02
-3.2833e+00     0.0000e+00  0.0000e+00  0.0000e+00 -2.1706e+01 -1.2376e-01 -1.3303e-01  2.6992e+01  3.0008e-01  3.9730e-01 -2.7087e+01 -1.8182e-01 -6.0635e-02
-3.2750e+00     2.3569e-02  1.3027e-04  5.7423e-04 -1.5274e+01 -8.6711e-02 -8.5101e-02  2.6992e+01  3.0008e-01  3.9730e-01 -2.7241e+01 -1.8270e-01 -6.1543e-02
-3.2667e+00     2.2552e+00  1.2386e-02  6.3299e-02 -1.5106e+01 -8.3753e-02 -9.0376e-02  2.7001e+01  3.0013e-01  3.9757e-01 -2.7367e+01 -1.8341e-01 -6.2273e-02
-3.2583e+00     2.6589e+01  1.1176e-01  9.4046e-01 -2.2320e+01 -1.3667e-01 -1.3690e-01  2.7121e+01  3.0065e-01  4.0174e-01 -2.7523e+01 -1.8432e-01 -6.3218e-02
-3.2500e+00     1.4630e+01  6.0758e-02  5.0244e-01 -1.8559e+01 -1.0503e-01 -1.3420e-01  2.7293e+01  3.0137e-01  4.0775e-01 -2.7693e+01 -1.8533e-01 -6.4346e-02
-3.2417e+00     1.4709e+01  5.4476e-02  4.9482e-01 -1.1559e+01 -8.1455e-02 -5.7696e-02  2.7415e+01  3.0185e-01  4.1189e-01 -2.7818e+01 -1.8610e-01 -6.5144e-02
-3.2333e+00     1.3425e+01  4.5323e-02  4.0203e-01 -5.4471e+00 -3.9186e-02 -2.6828e-02  2.7532e+01  3.0226e-01  4.1563e-01 -2.7889e+01 -1.8661e-01 -6.5496e-02
-3.2250e+00     1.9058e+01  6.1134e-02  3.9561e-01 -0.0000e+00 -0.0000e+00 -0.0000e+00  2.7667e+01  3.0271e-01  4.1894e-01 -2.7912e+01 -1.8677e-01 -6.5607e-02
-3.2167e+00     1.8763e+01  5.9372e-02  4.8568e-01 -0.0000e+00 -0.0000e+00 -0.0000e+00  2.7824e+01  3.0321e-01  4.2261e-01 -2.7912e+01 -1.8677e-01 -6.5607e-02
-3.2083e+00     1.0915e+01  4.0029e-02  3.6801e-01 -0.0000e+00 -0.0000e+00 -0.0000e+00  2.7948e+01  3.0362e-01  4.2616e-01 -2.7912e+01 -1.8677e-01 -6.5607e-02
-3.2000e+00     2.6617e+00  1.1583e-02  1.2734e-01 -0.0000e+00 -0.0000e+00 -0.0000e+00  2.8004e+01  3.0384e-01  4.2822e-01 -2.7912e+01 -1.8677e-01 -6.5607e-02
-3.1917e+00     6.7963e-02  2.8973e-04  3.1860e-03 -0.0000e+00 -0.0000e+00 -0.0000e+00  2.8016e+01  3.0388e-01  4.2876e-01 -2.7912e+01 -1.8677e-01 -6.5607e-02
-3.1833e+00     0.0000e+00  0.0000e+00  0.0000e+00 -0.0000e+00 -0.0000e+00 -0.0000e+00  2.8016e+01  3.0389e-01  4.2878e-01 -2.7912e+01 -1.8677e-01 -6.5607e-02
-3.1750e+00     0.0000e+00  0.0000e+00  0.0000e+00 -0.0000e+00 -0.0000e+00 -0.0000e+00  2.8016e+01  3.0389e-01  4.2878e-01 -2.7912e+01 -1.8677e-01 -6.5607e-02
-3.1667e+00     0.0000e+00  0.0000e+00  0.0000e+00 -0.0000e+00 -0.0000e+00 -0.0000e+00  2.8016e+01  3.0389e-01  4.2878e-01 -2.7912e+01 -1.8677e-01 -6.5607e-02
-3.1583e+00     0.0000e+00  0.0000e+00  0.0000e+00 -0.0000e+00 -0.0000e+00 -0.0000e+00  2.8016e+01  3.0389e-01  4.2878e-01 -2.7912e+01 -1.8677e-01 -6.5607e-02
-3.1500e+00     0.0000e+00  0.0000e+00  0.0000e+00 -1.0781e+00 -6.8817e-03 -1.4581e-03  2.8016e+01  3.0389e-01  4.2878e-01 -2.7916e+01 -1.8680e-01 -6.5613e-02
-3.1417e+00     0.0000e+00  0.0000e+00  0.0000e+00 -2.9573e+00 -1.9123e-02 -4.3270e-03  2.8016e+01  3.0389e-01  4.2878e-01 -2.7933e+01 -1.8691e-01 -6.5637e-02
-3.1333e+00     0.0000e+00  0.0000e+00  0.0000e+00 -4.9342e+00 -3.1886e-02 -7.7574e-03  2.8016e+01  3.0389e-01  4.2878e-01 -2.7966e+01 -1.8712e-01 -6.5688e-02
-3.1250e+00     0.0000e+00  0.0000e+00  0.0000e+00 -7.9917e+00 -6.1880e-02 -1.7615e-02  2.8016e+01  3.0389e-01  4.2878e-01 -2.8020e+01 -1.8751e-01 -6.5793e-02
-3.1167e+00     0.0000e+00  0.0000e+00  0.0000e+00 -1.2319e+01 -1.1010e-01 -3.2648e-02  2.8016e+01  3.0389e-01  4.2878e-01 -2.8104e+01 -1.8822e-01 -6.6002e-02
-3.1083e+00     0.0000e+00  0.0000e+00  0.0000e+00 -1.8201e+01 -1.6341e-01 -4.8651e-02  2.8016e+01  3.0389e-01  4.2878e-01 -2.8231e+01 -1.8936e-01 -6.6340e-02
-3.1000e+00     0.0000e+00  0.0000e+00  0.0000e+00 -1.6876e+01 -1.3326e-01 -3.6237e-02  2.8016e+01  3.0389e-01  4.2878e-01 -2.8377e+01 -1.9060e-01 -6.6694e-02
-3.0917e+00     0.0000e+00  0.0000e+00  0.0000e+00 -1.8449e+01 -1.2910e-01 -3.2787e-02  2.8016e+01  3.0389e-01  4.2878e-01 -2.8524e+01 -1.9169e-01 -6.6981e-02
-3.0833e+00     8.2737e-01  1.4395e-03  2.3266e-03 -1.3541e+01 -9.0380e-02 -2.2074e-02  2.8019e+01  3.0389e-01  4.2879e-01 -2.8657e+01 -1.9260e-01 -6.7209e-02
-3.0750e+00     2.5964e+00  4.3295e-03  7.1368e-03 -8.9914e+00 -6.5632e-02 -1.4960e-02  2.8034e+01  3.0392e-01  4.2883e-01 -2.8751e+01 -1.9325e-01 -6.7363e-02
-3.0667e+00     5.3858e+00  8.8007e-03  1.3932e-02 -5.0458e+00 -4.5641e-02 -6.7231e-03  2.8067e+01  3.0397e-01  4.2891e-01 -2.8809e+01 -1.9371e-01 -6.7453e-02
-3.0583e+00     9.2504e+00  2.5919e-02  1.7959e-02 -4.1777e+00 -3.7621e-02 -4.3455e-03  2.8128e+01  3.0411e-01  4.2905e-01 -2.8847e+01 -1.9406e-01 -6.7499e-02
-3.0500e+00     1.3684e+01  8.7191e-02  2.3542e-02 -2.6694e+00 -2.4248e-02 -2.8311e-03  2.8223e+01  3.0459e-01  4.2922e-01 -2.8876e+01 -1.9432e-01 -6.7529e-02
-3.0417e+00     1.8395e+01  1.5376e-01  3.8420e-02 -1.3223e+00 -1.2129e-02 -1.4324e-03  2.8357e+01  3.0559e-01  4.2948e-01 -2.8893e+01 -1.9447e-01 -6.7547e-02
-3.0333e+00     1.3785e+01  7.5377e-02  2.4315e-02 -1.3633e-01 -1.2638e-03 -1.4943e-04  2.8490e+01  3.0654e-01  4.2974e-01 -2.8899e+01 -1.9452e-01 -6.7553e-02
-3.0250e+00     1.7596e+01  8.5956e-02  2.8214e-02 -0.0000e+00 -0.0000e+00 -0.0000e+00  2.8621e+01  3.0721e-01  4.2996e-01 -2.8899e+01 -1.9453e-01 -6.7554e-02
-3.0167e+00     1.4167e+01  6.7345e-02  2.5743e-02 -0.0000e+00 -0.0000e+00 -0.0000e+00  2.8753e+01  3.0785e-01  4.3018e-01 -2.8899e+01 -1.9453e-01 -6.7554e-02
-3.0083e+00     1.3571e+01  8.0563e-02  2.7884e-02 -0.0000e+00 -0.0000e+00 -0.0000e+00  2.8868e+01  3.0846e-01  4.3040e-01 -2.8899e+01 -1.9453e-01 -6.7554e-02
-3.0000e+00     1.0782e+01  6.3469e-02  2.1943e-02 -0.0000e+00 -0.0000e+00 -0.0000e+00  2.8970e+01  3.0906e-01  4.3061e-01 -2.8899e+01 -1.9453e-01 -6.7554e-02
-2.9917e+00     0.0000e+00  0.0000e+00  0.0000e+00 -0.0000e+00 -0.0000e+00 -0.0000e+00  2.9015e+01  3.0933e-01  4.3070e-01 -2.8899e+01 -1.9453e-01 -6.7554e-02
-2.9833e+00     0.0000e+00  0.0000e+00  0.0000e+00 -0.0000e+00 -0.0000e+00 -0.0000e+00  2.9015e+01  3.0933e-01  4.3070e-01 -2.8899e+01 -1.9453e-01 -6.7554e-02
-2.9750e+00     0.0000e+00  0.0000e+00  0.0000e+00 -0.0000e+00 -0.0000e+00 -0.0000e+00  2.9015e+01  3.0933e-01  4.3070e-01 -2.8899e+01 -1.9453e-01 -6.7554e-02
-2.9667e+00     0.0000e+00  0.0000e+00  0.0000e+00 -0.0000e+00 -0.0000e+00 -0.0000e+00  2.9015e+01  3.0933e-01  4.3070e-01 -2.8899e+01 -1.9453e-01 -6.7554e-02
-2.9583e+00     0.0000e+00  0.0000e+00  0.0000e+00 -0.0000e+00 -0.0000e+00 -0.0000e+00  2.9015e+01  3.0933e-01  4.3070e-01 -2.8899e+01 -1.9453e-01 -6.7554e-02
-2.9500e+00     0.0000e+00  0.0000e+00  0.0000e+00 -0.0000e+00 -0.0000e+00 -0.0000e+00  2.9015e+01  3.0933e-01  4.3070e-01 -2.8899e+01 -1.9453e-01 -6.7554e-02
-2.9417e+00     0.0000e+00  0.0000e+00  0.0000e+00 -0.0000e+00 -0.0000e+00 -0.0000e+00  2.9015e+01  3.0933e-01  4.3070e-01 -2.8899e+01 -1.9453e-01 -6.7554e-02
-2.9333e+00     0.0000e+00  0.0000e+00  0.0000e+00 -0.0000e+00 -0.0000e+00 -0.0000e+00  2.9015e+01  3.0933e-01  4.3070e-01 -2.8899e+01 -1.9453e-01 -6.7554e-02
-2.9250e+00     0.0000e+00  0.0000e+00  0.0000e+00 -0.0000e+00 -0.0000e+00 -0.0000e+00  2.9015e+01  3.0933e-01  4.3070e-01 -2.8899e+01 -1.9453e-01 -6.7554e-02
-2.9167e+00     0.0000e+00  0.0000e+00  0.0000e+00 -0.0000e+00 -0.0000e+00 -0.0000e+00  2.9015e+01  3.0933e-01  4.3070e-01 -2.8899e+01 -1.9453e-01 -6.7554e-02
-2.9083e+00     0.0000e+00  0.0000e+00  0.0000e+00 -7.6155e-03 -3.6005e-05 -2.9141e-05  2.9015e+01  3.0933e-01  4.3070e-01 -2.8899e+01 -1.9453e-01 -6.7554e-02
-2.9000e+00     0.0000e+00  0.0000e+00  0.0000e+00 -1.0191e+00 -4.8116e-03 -4.0299e-03  2.9015e+01  3.0933e-01  4.3070e-01 -2.8903e+01 -1.9455e-01 -6.7571e-02
-2.8917e+00     0.0000e+00  0.0000e+00  0.0000e+00 -1.5788e+00 -7.1770e-03 -1.2776e-02  2.9015e+01  3.0933e-01  4.3070e-01 -2.8914e+01 -1.9460e-01 -6.7641e-02
-2.8833e+00     0.0000e+00  0.0000e+00  0.0000e+00 -2.0329e+00 -8.9632e-03 -2.2335e-02  2.9015e+01  3.0933e-01  4.3070e-01 -2.8929e+01 -1.9466e-01 -6.7787e-02
-2.8750e+00     0.0000e+00  0.0000e+00  0.0000e+00 -2.4680e+00 -1.0631e-02 -3.1821e-02  2.9015e+01  3.0933e-01  4.3070e-01 -2.8948e+01 -1.9475e-01 -6.8012e-02
-2.8667e+00     0.0000e+00  0.0000e+00  0.0000e+00 -2.8840e+00 -1.2179e-02 -4.1236e-02  2.9015e+01  3.0933e-01  4.3070e-01 -2.8970e+01 -1.9484e-01 -6.8316e-02
-2.8583e+00     0.0000e+00  0.0000e+00  0.0000e+00 -3.2809e+00 -1.3609e-02 -5.0577e-02  2.9015e+01  3.0933e-01  4.3070e-01 -2.8996e+01 -1.9495e-01 -6.8698e-02
-2.8500e+00     0.0000e+00  0.0000e+00  0.0000e+00 -3.7689e+00 -1.4866e-02 -7.9132e-02  2.9015e+01  3.0933e-01  4.3070e-01 -2.9025e+01 -1.9507e-01 -6.9238e-02
-2.8417e+00     0.0000e+00  0.0000e+00  0.0000e+00 -4.0422e+00 -1.5176e-02 -1.0660e-01  2.9015e+01  3.0933e-01  4.3070e-01 -2.9058e+01 -1.9519e-01 -7.0010e-02
-2.8333e+00     0.0000e+00  0.0000e+00  0.0000e+00 -4.0772e+00 -1.4162e-02 -1.2650e-01  2.9015e+01  3.0933e-01  4.3070e-01 -2.9092e+01 -1.9531e-01 -7.0980e-02
-2.8250e+00     8.3330e-02  1.2864e-02  4.6942e-05 -4.3655e+00 -1.4207e-02 -1.5031e-01  2.9015e+01  3.0938e-01  4.3070e-01 -2.9127e+01 -1.9543e-01 -7.2131e-02
-2.8167e+00     1.7289e+00  2.6719e-01  9.3187e-04 -4.6846e+00 -1.4289e-02 -1.7732e-01  2.9022e+01  3.1055e-01  4.3071e-01 -2.9164e+01 -1.9555e-01 -7.3494e-02
-2.8083e+00     3.2635e+00  5.3539e-01  2.1991e-03 -4.7787e+00 -1.3365e-02 -2.1436e-01  2.9043e+01  3.1388e-01  4.3072e-01 -2.9204e+01 -1.9567e-01 -7.5123e-02
-2.8000e+00     4.4873e+00  7.8032e-01  3.6851e-03 -4.7508e+00 -1.2028e-02 -2.4993e-01  2.9076e+01  3.1936e-01  4.3074e-01 -2.9243e+01 -1.9577e-01 -7.7055e-02
-2.7917e+00     5.4778e+00  9.9217e-01  5.0870e-03 -4.6302e+00 -1.0371e-02 -2.8429e-01  2.9117e+01  3.2673e-01  4.3078e-01 -2.9282e+01 -1.9586e-01 -7.9277e-02
-2.7833e+00     6.1374e+00  1.1782e+00  5.9049e-03 -4.5917e+00 -9.0207e-03 -3.3557e-01  2.9165e+01  3.3576e-01  4.3083e-01 -2.9321e+01 -1.9595e-01 -8.1855e-02
-2.7750e+00     6.2839e+00  1.2994e+00  6.2035e-03 -4.5242e+00 -7.6444e-03 -3.8420e-01  2.9217e+01  3.4607e-01  4.3088e-01 -2.9359e+01 -1.9601e-01 -8.4849e-02
-2.7667e+00     7.5309e+00  1.6319e+00  7.0247e-03 -4.3861e+00 -6.1512e-03 -4.2723e-01  2.9274e+01  3.5826e-01  4.3093e-01 -2.9396e+01 -1.9607e-01 -8.8225e-02
-2.7583e+00     9.1531e+00  2.0925e+00  7.7269e-03 -9.4412e+00 -9.0890e-03 -1.1665e+00  2.9344e+01  3.7375e-01  4.3099e-01 -2.9453e+01 -1.9614e-01 -9.4854e-02
-2.7500e+00     1.0679e+01  2.6246e+00  8.7200e-03 -7.2071e+00 -4.6835e-03 -9.4800e-01  2.9426e+01  3.9337e-01  4.3106e-01 -2.9522e+01 -1.9619e-01 -1.0365e-01
-2.7417e+00     2.0732e+01  5.8775e+00  1.2321e-02 -6.1897e+00 -4.3628e-03 -8.3449e-01  2.9557e+01  4.2874e-01  4.3115e-01 -2.9578e+01 -1.9623e-01 -1.1106e-01
-2.7333e+00     1.7969e+01  5.0747e+00  8.5988e-03 -5.3150e+00 -4.0300e-03 -7.4368e-01  2.9718e+01  4.7430e-01  4.3124e-01 -2.9626e+01 -1.9626e-01 -1.1763e-01
-2.7250e+00     2.5599e+01  7.4694e+00  7.3645e-03 -4.5772e+00 -3.4091e-03 -6.8431e-01  2.9899e+01  5.2648e-01  4.3130e-01 -2.9667e+01 -1.9630e-01 -1.2357e-01
-2.7167e+00     3.3032e+00  9.5246e-01  7.6652e-04 -6.7013e+00 -3.5994e-03 -1.0484e+00  3.0019e+01  5.6151e-01  4.3134e-01 -2.9714e+01 -1.9633e-01 -1.3078e-01
-2.7083e+00     0.0000e+00  0.0000e+00  0.0000e+00 -1.0520e+01 -5.8989e-03 -1.4988e+00  3.0033e+01  5.6547e-01  4.3134e-01 -2.9786e+01 -1.9636e-01 -1.4137e-01
-2.7000e+00     0.0000e+00  0.0000e+00  0.0000e+00 -1.0719e+01 -6.5163e-03 -1.5103e+00  3.0033e+01  5.6547e-01  4.3134e-01 -2.9874e+01 -1.9642e-01 -1.5389e-01
-2.6917e+00     0.0000e+00  0.0000e+00  0.0000e+00 -1.1936e+01 -6.4578e-03 -2.0716e+00  3.0033e+01  5.6547e-01  4.3134e-01 -2.9968e+01 -1.9647e-01 -1.6879e-01
-2.6833e+00     0.0000e+00  0.0000e+00  0.0000e+00 -9.5587e+00 -5.1942e-03 -1.6791e+00  3.0033e+01  5.6547e-01  4.3134e-01 -3.0058e+01 -1.9652e-01 -1.8439e-01
-2.6750e+00     0.0000e+00  0.0000e+00  0.0000e+00 -5.1864e+00 -3.9520e-03 -5.4144e-01  3.0033e+01  5.6547e-01  4.3134e-01 -3.0119e+01 -1.9656e-01 -1.9363e-01
-2.6667e+00     0.0000e+00  0.0000e+00  0.0000e+00 -5.7045e+00 -4.5229e-03 -6.2795e-01  3.0033e+01  5.6547e-01  4.3134e-01 -3.0164e+01 -1.9659e-01 -1.9849e-01
-2.6583e+00     0.0000e+00  0.0000e+00  0.0000e+00 -6.1092e+00 -5.1398e-03 -7.1071e-01  3.0033e+01  5.6547e-01  4.3134e-01 -3.0213e+01 -1.9663e-01 -2.0406e-01
-2.6500e+00     4.4869e-01  6.6042e-02  8.4948e-05 -6.6902e+00 -5.8014e-03 -8.2504e-01  3.0035e+01  5.6575e-01  4.3134e-01 -3.0267e+01 -1.9668e-01 -2.1045e-01
-2.6417e+00     9.1806e+00  1.3256e+00  3.2118e-03 -1.0976e+01 -6.8700e-03 -1.1336e+00  3.0075e+01  5.7154e-01  4.3135e-01 -3.0340e+01 -1.9673e-01 -2.1860e-01
-2.6333e+00     1.0010e+01  1.2681e+00  5.6011e-03 -2.3894e+01 -2.8543e-02 -2.4613e+00  3.0155e+01  5.8233e-01  4.3139e-01 -3.0485e+01 -1.9688e-01 -2.3355e-01
-2.6250e+00     9.0935e+00  9.9848e-01  6.7993e-03 -2.4488e+01 -2.7466e-02 -1.9002e+00  3.0234e+01  5.9175e-01  4.3144e-01 -3.0687e+01 -1.9711e-01 -2.5169e-01
-2.6167e+00     7.3896e+00  6.6471e-01  7.0919e-03 -1.0337e+01 -8.5920e-03 -7.9319e-01  3.0303e+01  5.9867e-01  4.3150e-01 -3.0831e+01 -1.9726e-01 -2.6290e-01
-2.6083e+00     5.2310e+00  4.0407e-01  5.8831e-03 -4.5424e+00 -3.2299e-03 -4.3485e-01  3.0355e+01  6.0312e-01  4.3155e-01 -3.0893e+01 -1.9731e-01 -2.6801e-01
-2.6000e+00     4.4108e+00  2.8924e-01  5.5681e-03 -1.1528e+00 -5.9033e-04 -1.2661e-01  3.0396e+01  6.0600e-01  4.3160e-01 -3.0917e+01 -1.9733e-01 -2.7034e-01
-2.5917e+00     3.5412e+00  2.0711e-01  4.7783e-03 -0.0000e+00 -0.0000e+00 -0.0000e+00  3.0429e+01  6.0807e-01  4.3164e-01 -3.0922e+01 -1.9733e-01 -2.7087e-01
-2.5833e+00     3.4908e+00  1.7914e-01  5.0237e-03 -0.0000e+00 -0.0000e+00 -0.0000e+00  3.0458e+01  6.0967e-01  4.3169e-01 -3.0922e+01 -1.9733e-01 -2.7087e-01
-2.5750e+00     3.4563e+00  1.5196e-01  5.2901e-03 -0.0000e+00 -0.0000e+00 -0.0000e+00  3.0487e+01  6.1105e-01  4.3173e-01 -3.0922e+01 -1.9733e-01 -2.7087e-01
-2.5667e+00     3.4375e+00  1.2557e-01  5.5775e-03 -2.0703e+00 -9.6796e-04 -5.0660e-01  3.0515e+01  6.1221e-01  4.3177e-01 -3.0930e+01 -1.9733e-01 -2.7298e-01
-2.5583e+00     6.6099e+00  1.3796e-01  1.1390e-02 -4.3666e+00 -2.0220e-03 -1.0235e+00  3.0557e+01  6.1330e-01  4.3184e-01 -3.0957e+01 -1.9734e-01 -2.7934e-01
-2.5500e+00     4.4369e+00  9.0324e-02  7.8267e-03 -4.9165e+00 -2.5800e-03 -1.1218e+00  3.0603e+01  6.1425e-01  4.3192e-01 -3.0996e+01 -1.9736e-01 -2.8826e-01
-2.5417e+00     3.6777e+00  7.2784e-02  6.6711e-03 -4.6522e+00 -2.8756e-03 -1.0340e+00  3.0637e+01  6.1493e-01  4.3198e-01 -3.1036e+01 -1.9739e-01 -2.9723e-01
-2.5333e+00     3.5672e+00  6.5091e-02  6.6459e-03 -1.4955e+01 -7.1896e-03 -3.1463e+00  3.0667e+01  6.1550e-01  4.3204e-01 -3.1117e+01 -1.9743e-01 -3.1462e-01
-2.5250e+00     3.4458e+00  5.7578e-02  6.5855e-03 -1.1493e+01 -8.6564e-03 -2.5026e+00  3.0696e+01  6.1601e-01  4.3209e-01 -3.1227e+01 -1.9749e-01 -3.3812e-01
-2.5167e+00     3.3135e+00  5.0247e-02  6.4901e-03 -8.1500e+00 -7.1245e-03 -1.6115e+00  3.0724e+01  6.1646e-01  4.3215e-01 -3.1309e+01 -1.9756e-01 -3.5523e-01
-2.5083e+00     3.1703e+00  4.3097e-02  6.3596e-03 -6.7348e+00 -7.0180e-03 -1.2322e+00  3.0751e+01  6.1685e-01  4.3220e-01 -3.1371e+01 -1.9762e-01 -3.6706e-01
-2.5000e+00     3.0163e+00  3.6127e-02  6.1940e-03 -5.8467e+00 -7.2788e-03 -1.0062e+00  3.0777e+01  6.1718e-01  4.3225e-01 -3.1423e+01 -1.9768e-01 -3.7637e-01
-2.4917e+00     3.1384e+00  3.0961e-02  6.5794e-03 -5.8768e+00 -8.1692e-03 -9.3815e-01  3.0803e+01  6.1746e-01  4.3231e-01 -3.1472e+01 -1.9774e-01 -3.8446e-01
-2.4833e+00     3.9509e+00  2.8647e-02  8.4048e-03 -6.2075e+00 -9.0124e-03 -9.1251e-01  3.0832e+01  6.1771e-01  4.3237e-01 -3.1522e+01 -1.9781e-01 -3.9216e-01
-2.4750e+00     4.5924e+00  2.5783e-02  9.8421e-03 -5.7937e+00 -7.9306e-03 -7.7902e-01  3.0868e+01  6.1793e-01  4.3245e-01 -3.1572e+01 -1.9788e-01 -3.9919e-01
-2.4667e+00     4.3080e+00  2.2803e-02  9.2169e-03 -5.3056e+00 -6.9979e-03 -6.7344e-01  3.0905e+01  6.1814e-01  4.3253e-01 -3.1618e+01 -1.9795e-01 -4.0524e-01
-2.4583e+00     5.7885e+00  3.0559e-02  1.0232e-02 -5.0186e+00 -6.6291e-03 -6.2715e-01  3.0947e+01  6.1836e-01  4.3261e-01 -3.1661e+01 -1.9800e-01 -4.1065e-01
-2.4500e+00     1.0868e+01  4.0098e-02  1.2697e-02 -4.6736e+00 -5.9468e-03 -5.6740e-01  3.1016e+01  6.1865e-01  4.3270e-01 -3.1702e+01 -1.9806e-01 -4.1562e-01
-2.4417e+00     1.3952e+01  3.6762e-02  1.0854e-02 -4.1935e+00 -4.9888e-03 -4.8842e-01  3.1119e+01  6.1897e-01  4.3280e-01 -3.1738e+01 -1.9810e-01 -4.2001e-01
-2.4333e+00     9.2833e+00  2.2311e-02  6.9861e-03 -3.6653e+00 -4.0767e-03 -4.0469e-01  3.1216e+01  6.1922e-01  4.3287e-01 -3.1771e+01 -1.9814e-01 -4.2372e-01
-2.4250e+00     9.6641e+00  2.0749e-02  6.6849e-03 -3.3796e+00 -4.0263e-03 -3.5917e-01  3.1295e+01  6.1940e-01  4.3293e-01 -3.1800e+01 -1.9817e-01 -4.2690e-01
-2.4167e+00     1.0259e+01  2.1692e-02  6.4544e-03 -3.1160e+00 -4.3264e-03 -3.2399e-01  3.1378e+01  6.1957e-01  4.3299e-01 -3.1827e+01 -1.9821e-01 -4.2974e-01
-2.4083e+00     1.1168e+01  2.3952e-02  6.4767e-03 -2.8693e+00 -4.2910e-03 -2.8538e-01  3.1467e+01  6.1976e-01  4.3304e-01 -3.1852e+01 -1.9824e-01 -4.3228e-01
-2.4000e+00     1.5230e+01  3.4648e-02  8.5432e-03 -2.5716e+00 -4.1273e-03 -2.4349e-01  3.1577e+01  6.2001e-01  4.3310e-01 -3.1875e+01 -1.9828e-01 -4.3448e-01
-2.3917e+00     1.6769e+01  3.6994e-02  1.0199e-02 -2.2231e+00 -3.8352e-03 -1.9832e-01  3.1710e+01  6.2030e-01  4.3318e-01 -3.1895e+01 -1.9831e-01 -4.3631e-01
-2.3833e+00     1.3867e+01  3.2870e-02  9.2194e-03 -1.8237e+00 -3.4147e-03 -1.4987e-01  3.1837e+01  6.2060e-01  4.3326e-01 -3.1912e+01 -1.9834e-01 -4.3776e-01
-2.3750e+00     1.1254e+01  2.5875e-02  8.5270e-03 -1.2861e+00 -2.5298e-03 -1.0289e-01  3.1942e+01  6.2084e-01  4.3333e-01 -3.1925e+01 -1.9837e-01 -4.3881e-01
-2.3667e+00     1.0895e+01  2.1584e-02  1.0049e-02 -7.5826e-01 -1.5492e-03 -6.0466e-02  3.2034e+01  6.2104e-01  4.3341e-01 -3.1933e+01 -1.9838e-01 -4.3949e-01
-2.3583e+00     6.5915e+00  1.0677e-02  7.1369e-03 -2.7706e-01 -5.8933e-04 -2.2014e-02  3.2106e+01  6.2117e-01  4.3348e-01 -3.1937e+01 -1.9839e-01 -4.3984e-01
-2.3500e+00     7.3990e+00  8.0229e-03  5.3652e-03 -0.0000e+00 -0.0000e+00 -0.0000e+00  3.2165e+01  6.2125e-01  4.3353e-01 -3.1939e+01 -1.9839e-01 -4.3993e-01
-2.3417e+00     1.1444e+01  1.1594e-02  7.0541e-03 -0.0000e+00 -0.0000e+00 -0.0000e+00  3.2243e+01  6.2133e-01  4.3359e-01 -3.1939e+01 -1.9839e-01 -4.3993e-01
-2.3333e+00     1.4059e+01  1.4613e-02  8.0985e-03 -0.0000e+00 -0.0000e+00 -0.0000e+00  3.2349e+01  6.2144e-01  4.3365e-01 -3.1939e+01 -1.9839e-01 -4.3993e-01
-2.3250e+00     1.6368e+01  1.7267e-02  9.1455e-03 -0.0000e+00 -0.0000e+00 -0.0000e+00  3.2476e+01  6.2157e-01  4.3372e-01 -3.1939e+01 -1.9839e-01 -4.3993e-01
-2.3167e+00     1.6109e+01  1.7141e-02  9.6697e-03 -0.0000e+00 -0.0000e+00 -0.0000e+00  3.2611e+01  6.2172e-01  4.3380e-01 -3.1939e+01 -1.9839e-01 -4.3993e-01
-2.3083e+00     1.0800e+01  1.1086e-02  9.3794e-03 -0.0000e+00 -0.0000e+00 -0.0000e+00  3.2723e+01  6.2183e-01  4.3388e-01 -3.1939e+01 -1.9839e-01 -4.3993e-01
-2.3000e+00     1.0869e+01  9.2334e-03  1.0002e-02 -0.0000e+00 -0.0000e+00 -0.0000e+00  3.2813e+01  6.2192e-01  4.3396e-01 -3.1939e+01 -1.9839e-01 -4.3993e-01
-2.2917e+00     1.2066e+01  8.7688e-03  1.1558e-02 -0.0000e+00 -0.0000e+00 -0.0000e+00  3.2908e+01  6.2199e-01  4.3405e-01 -3.1939e+01 -1.9839e-01 -4.3993e-01
-2.2833e+00     4.5719e+00  4.7481e-03  2.8117e-03 -1.5736e+00 -9.0149e-03 -1.9122e-03  3.2977e+01  6.2205e-01  4.3411e-01 -3.1945e+01 -1.9843e-01 -4.3994e-01
-2.2750e+00     1.3139e+00  1.5652e-03  5.3753e-04 -3.7377e+00 -2.1700e-02 -4.4314e-03  3.3002e+01  6.2207e-01  4.3412e-01 -3.1967e+01 -1.9856e-01 -4.3996e-01
-2.2667e+00     2.5580e-02  2.8998e-05  1.0432e-05 -5.0390e+00 -3.0355e-02 -6.8225e-03  3.3008e+01  6.2208e-01  4.3413e-01 -3.2004e+01 -1.9878e-01 -4.4001e-01
-2.2583e+00     0.0000e+00  0.0000e+00  0.0000e+00 -6.4764e+00 -3.9480e-02 -9.9247e-03  3.3008e+01  6.2208e-01  4.3413e-01 -3.2052e+01 -1.9907e-01 -4.4008e-01
-2.2500e+00     0.0000e+00  0.0000e+00  0.0000e+00 -6.2908e+00 -3.8388e-02 -1.2040e-02  3.3008e+01  6.2208e-01  4.3413e-01 -3.2105e+01 -1.9939e-01 -4.4017e-01
-2.2417e+00     0.0000e+00  0.0000e+00  0.0000e+00 -4.7852e+00 -2.7536e-02 -1.2497e-02  3.3008e+01  6.2208e-01  4.3413e-01 -3.2151e+01 -1.9966e-01 -4.4027e-01
-2.2333e+00     0.0000e+00  0.0000e+00  0.0000e+00 -5.0280e+00 -2.8687e-02 -1.5423e-02  3.3008e+01  6.2208e-01  4.3413e-01 -3.2192e+01 -1.9990e-01 -4.4039e-01
-2.2250e+00     0.0000e+00  0.0000e+00  0.0000e+00 -7.5064e+00 -4.6904e-02 -3.9065e-02  3.3008e+01  6.2208e-01  4.3413e-01 -3.2244e+01 -2.0021e-01 -4.4062e-01
-2.2167e+00     0.0000e+00  0.0000e+00  0.0000e+00 -6.4345e+00 -4.0342e-02 -3.2394e-02  3.3008e+01  6.2208e-01  4.3413e-01 -3.2302e+01 -2.0058e-01 -4.4091e-01
-2.2083e+00     0.0000e+00  0.0000e+00  0.0000e+00 -5.4833e+00 -3.2538e-02 -2.6921e-02  3.3008e+01  6.2208e-01  4.3413e-01 -3.2351e+01 -2.0088e-01 -4.4116e-01
-2.2000e+00     0.0000e+00  0.0000e+00  0.0000e+00 -5.1606e+00 -2.8974e-02 -2.3997e-02  3.3008e+01  6.2208e-01  4.3413e-01 -3.2396e+01 -2.0114e-01 -4.4137e-01
-2.1917e+00     0.0000e+00  0.0000e+00  0.0000e+00 -5.2460e+00 -2.9401e-02 -2.2641e-02  3.3008e+01  6.2208e-01  4.3413e-01 -3.2439e+01 -2.0138e-01 -4.4157e-01
-2.1833e+00     0.0000e+00  0.0000e+00  0.0000e+00 -5.1963e+00 -2.9503e-02 -2.1044e-02  3.3008e+01  6.2208e-01  4.3413e-01 -3.2482e+01 -2.0162e-01 -4.4175e-01
-2.1750e+00     0.0000e+00  0.0000e+00  0.0000e+00 -5.3448e+00 -3.1577e-02 -1.9803e-02  3.3008e+01  6.2208e-01  4.3413e-01 -3.2526e+01 -2.0188e-01 -4.4192e-01
-2.1667e+00     0.0000e+00  0.0000e+00  0.0000e+00 -5.5567e+00 -3.3948e-02 -1.9037e-02  3.3008e+01  6.2208e-01  4.3413e-01 -3.2572e+01 -2.0215e-01 -4.4208e-01
-2.1583e+00     0.0000e+00  0.0000e+00  0.0000e+00 -5.8528e+00 -3.7360e-02 -1.8776e-02  3.3008e+01  6.2208e-01  4.3413e-01 -3.2619e+01 -2.0245e-01 -4.4224e-01
-2.1500e+00     0.0000e+00  0.0000e+00  0.0000e+00 -8.4888e+00 -1.1461e-01 -2.3288e-02  3.3008e+01  6.2208e-01  4.3413e-01 -3.2679e+01 -2.0308e-01 -4.4241e-01
-2.1417e+00     8.4851e-02  6.9836e-05  4.5291e-05 -9.6904e+00 -1.7103e-01 -2.3625e-02  3.3008e+01  6.2208e-01  4.3413e-01 -3.2754e+01 -2.0427e-01 -4.4261e-01
-2.1333e+00     5.9009e+00  4.9875e-03  3.2072e-03 -1.0325e+01 -2.1042e-01 -2.2932e-02  3.3033e+01  6.2210e-01  4.3414e-01 -3.2838e+01 -2.0585e-01 -4.4280e-01
-2.1250e+00     1.2435e+01  1.1171e-02  7.3094e-03 -1.3794e+01 -2.4398e-01 -2.6317e-02  3.3109e+01  6.2217e-01  4.3418e-01 -3.2938e+01 -2.0774e-01 -4.4300e-01
-2.1167e+00     1.5021e+01  1.3165e-02  9.4198e-03 -1.2724e+01 -2.5316e-01 -2.3261e-02  3.3223e+01  6.2227e-01  4.3425e-01 -3.3048e+01 -2.0981e-01 -4.4321e-01
-2.1083e+00     1.4925e+01  1.0736e-02  8.9201e-03 -3.3937e+00 -2.4421e-01 -4.5862e-03  3.3348e+01  6.2237e-01  4.3433e-01 -3.3115e+01 -2.1188e-01 -4.4333e-01
-2.1000e+00     1.0512e+01  8.6003e-03  5.7193e-03 -4.3894e+00 -3.3234e-01 -5.7730e-03  3.3454e+01  6.2245e-01  4.3439e-01 -3.3148e+01 -2.1428e-01 -4.4337e-01
-2.0917e+00     1.0930e+01  8.8323e-03  6.0255e-03 -5.1327e+00 -4.2512e-01 -6.8754e-03  3.3543e+01  6.2252e-01  4.3444e-01 -3.3187e+01 -2.1743e-01 -4.4342e-01
-2.0833e+00     1.1071e+01  8.8542e-03  5.9219e-03 -5.0000e+00 -4.9798e-01 -6.4129e-03  3.3634e+01  6.2260e-01  4.3449e-01 -3.3229e+01 -2.2127e-01 -4.4348e-01
-2.0750e+00     1.1614e+01  8.7628e-03  6.1195e-03 -5.7946e+00 -5.9925e-01 -7.5746e-03  3.3729e+01  6.2267e-01  4.3454e-01 -3.3274e+01 -2.2583e-01 -4.4354e-01
-2.0667e+00     9.8521e+00  6.9796e-03  5.0938e-03 -6.7013e+00 -7.1934e-01 -8.8238e-03  3.3818e+01  6.2274e-01  4.3458e-01 -3.3326e+01 -2.3132e-01 -4.4360e-01
-2.0583e+00     8.8865e+00  5.6027e-03  4.6436e-03 -8.3697e+00 -9.4691e-01 -1.0889e-02  3.3896e+01  6.2279e-01  4.3463e-01 -3.3389e+01 -2.3825e-01 -4.4369e-01
-2.0500e+00     5.8898e+00  3.4155e-03  3.1066e-03 -1.6340e+01 -1.9397e+00 -1.9822e-02  3.3958e+01  6.2283e-01  4.3466e-01 -3.3492e+01 -2.5026e-01 -4.4381e-01
-2.0417e+00     1.7875e+00  1.0200e-03  9.5387e-04 -8.9219e+00 -1.0978e+00 -1.0551e-02  3.3989e+01  6.2284e-01  4.3467e-01 -3.3597e+01 -2.6289e-01 -4.4394e-01
-2.0333e+00     0.0000e+00  0.0000e+00  0.0000e+00 -6.7024e+00 -8.4666e-01 -7.6889e-03  3.3997e+01  6.2285e-01  4.3468e-01 -3.3662e+01 -2.7098e-01 -4.4402e-01
-2.0250e+00     0.0000e+00  0.0000e+00  0.0000e+00 -8.4131e+00 -1.3112e+00 -6.8298e-03  3.3997e+01  6.2285e-01  4.3468e-01 -3.3725e+01 -2.7996e-01 -4.4408e-01
-2.0167e+00     0.0000e+00  0.0000e+00  0.0000e+00 -8.8839e+00 -1.4864e+00 -5.7292e-03  3.3997e+01  6.2285e-01  4.3468e-01 -3.3797e+01 -2.9159e-01 -4.4413e-01
-2.0083e+00     0.0000e+00  0.0000e+00  0.0000e+00 -1.6835e+01 -2.6262e+00 -1.0439e-02  3.3997e+01  6.2285e-01  4.3468e-01 -3.3904e+01 -3.0870e-01 -4.4420e-01
-2.0000e+00     0.0000e+00  0.0000e+00  0.0000e+00 -2.3471e+01 -3.3210e+00 -1.7780e-02  3.3997e+01  6.2285e-01  4.3468e-01 -3.4071e+01 -3.3344e-01 -4.4431e-01
-1.9917e+00     0.0000e+00  0.0000e+00  0.0000e+00 -2.7094e+01 -3.7495e+00 -2.0949e-02  3.3997e+01  6.2285e-01  4.3468e-01 -3.4282e+01 -3.6285e-01 -4.4447e-01
-1.9833e+00     0.0000e+00  0.0000e+00  0.0000e+00 -1.5608e+01 -2.5088e+00 -1.1495e-02  3.3997e+01  6.2285e-01  4.3468e-01 -3.4459e+01 -3.8888e-01 -4.4461e-01
-1.9750e+00     6.4117e-02  3.1619e-04  4.8952e-06 -1.0657e+01 -1.8840e+00 -8.2948e-03  3.3997e+01  6.2285e-01  4.3468e-01 -3.4568e+01 -4.0716e-01 -4.4469e-01
-1.9667e+00     8.2645e+00  3.1779e-02  1.7980e-03 -9.2292e+00 -1.6814e+00 -6.9444e-03  3.4032e+01  6.2298e-01  4.3469e-01 -3.4651e+01 -4.2199e-01 -4.4475e-01
-1.9583e+00     9.1528e+00  3.7938e-02  1.8833e-03 -9.0312e+00 -1.7056e+00 -6.1277e-03  3.4104e+01  6.2327e-01  4.3470e-01 -3.4727e+01 -4.3608e-01 -4.4481e-01
-1.9500e+00     1.0034e+01  4.3934e-02  2.0278e-03 -1.1364e+01 -2.0467e+00 -6.5731e-03  3.4184e+01  6.2361e-01  4.3472e-01 -3.4812e+01 -4.5168e-01 -4.4486e-01
-1.9417e+00     8.9404e+00  4.3133e-02  1.6137e-03 -9.7480e+00 -1.6470e+00 -4.8095e-03  3.4263e+01  6.2398e-01  4.3473e-01 -3.4900e+01 -4.6705e-01 -4.4491e-01
-1.9333e+00     9.8864e+00  5.0745e-02  1.4390e-03 -4.3194e+00 -7.0184e-01 -2.1119e-03  3.4341e+01  6.2437e-01  4.3475e-01 -3.4958e+01 -4.7682e-01 -4.4494e-01
-1.9250e+00     1.1231e+01  6.0827e-02  1.4617e-03 -1.2175e-01 -1.8868e-02 -5.8788e-05  3.4429e+01  6.2483e-01  4.3476e-01 -3.4977e+01 -4.7982e-01 -4.4495e-01
-1.9167e+00     1.1504e+01  6.6100e-02  1.3267e-03 -0.0000e+00 -0.0000e+00 -0.0000e+00  3.4524e+01  6.2536e-01  4.3477e-01 -3.4977e+01 -4.7990e-01 -4.4495e-01
-1.9083e+00     1.4242e+01  8.2670e-02  1.6974e-03 -0.0000e+00 -0.0000e+00 -0.0000e+00  3.4631e+01  6.2598e-01  4.3478e-01 -3.4977e+01 -4.7990e-01 -4.4495e-01
-1.9000e+00     1.3865e+01  8.3986e-02  1.4006e-03 -1.5941e+01 -2.8582e+00 -2.3548e-03  3.4748e+01  6.2667e-01  4.3479e-01 -3.5044e+01 -4.9179e-01 -4.4496e-01
-1.8917e+00     8.5726e+00  5.3646e-02  9.1163e-04 -1.4131e+01 -2.3859e+00 -2.1401e-03  3.4841e+01  6.2724e-01  4.3480e-01 -3.5169e+01 -5.1360e-01 -4.4498e-01
-1.8833e+00     6.8834e+00  4.3762e-02  7.0282e-04 -1.2950e+01 -1.9976e+00 -2.1123e-03  3.4905e+01  6.2765e-01  4.3481e-01 -3.5281e+01 -5.3183e-01 -4.4499e-01
-1.8750e+00     4.6302e+00  2.9944e-02  4.4957e-04 -1.2335e+01 -1.7956e+00 -2.6964e-03  3.4953e+01  6.2795e-01  4.3482e-01 -3.5387e+01 -5.4761e-01 -4.4501e-01
-1.8667e+00     1.0872e-01  7.5377e-04  9.2928e-06 -9.1867e+00 -1.3373e+00 -1.9427e-03  3.4973e+01  6.2808e-01  4.3482e-01 -3.5476e+01 -5.6065e-01 -4.4503e-01
-1.8583e+00     0.0000e+00  0.0000e+00  0.0000e+00 -1.0832e+01 -1.6458e+00 -2.1986e-03  3.4973e+01  6.2809e-01  4.3482e-01 -3.5559e+01 -5.7305e-01 -4.4505e-01
-1.8500e+00     0.0000e+00  0.0000e+00  0.0000e+00 -1.1571e+01 -1.7382e+00 -2.3126e-03  3.4973e+01  6.2809e-01  4.3482e-01 -3.5653e+01 -5.8713e-01 -4.4507e-01
-1.8417e+00     0.0000e+00  0.0000e+00  0.0000e+00 -1.1907e+01 -1.5318e+00 -2.5772e-03  3.4973e+01  6.2809e-01  4.3482e-01 -3.5750e+01 -6.0073e-01 -4.4509e-01
-1.8333e+00     0.0000e+00  0.0000e+00  0.0000e+00 -1.4179e+01 -1.5020e+00 -3.6605e-03  3.4973e+01  6.2809e-01  4.3482e-01 -3.5859e+01 -6.1335e-01 -4.4512e-01
-1.8250e+00     1.0307e-01  1.1289e-03  3.7721e-05 -4.0384e+00 -9.8762e-02 -1.6270e-03  3.4974e+01  6.2809e-01  4.3482e-01 -3.5935e+01 -6.2001e-01 -4.4514e-01
-1.8167e+00     1.4528e+01  9.9895e-02  5.0749e-03 -2.7260e+00 -6.1741e-02 -1.1042e-03  3.5035e+01  6.2851e-01  4.3484e-01 -3.5963e+01 -6.2068e-01 -4.4515e-01
-1.8083e+00     3.3089e+01  2.5229e-01  1.1910e-02 -5.9711e+00 -8.0894e-02 -1.9374e-03  3.5233e+01  6.2998e-01  4.3491e-01 -3.5999e+01 -6.2127e-01 -4.4516e-01
-1.8000e+00     2.8261e+01  2.5048e-01  1.1079e-02 -6.8390e+00 -8.2181e-02 -2.1961e-03  3.5488e+01  6.3207e-01  4.3501e-01 -3.6052e+01 -6.2195e-01 -4.4518e-01
-1.7917e+00     1.2280e+01  1.1484e-01  4.3660e-03 -6.8346e+00 -8.5813e-02 -2.3871e-03  3.5657e+01  6.3359e-01  4.3507e-01 -3.6109e+01 -6.2265e-01 -4.4520e-01
-1.7833e+00     7.4309e+00  7.8969e-02  2.8299e-03 -6.7572e+00 -9.6386e-02 -2.7094e-03  3.5739e+01  6.3439e-01  4.3510e-01 -3.6166e+01 -6.2341e-01 -4.4522e-01
-1.7750e+00     6.1934e+00  6.7107e-02  2.4456e-03 -7.6677e+00 -1.2145e-01 -3.3657e-03  3.5795e+01  6.3500e-01  4.3512e-01 -3.6226e+01 -6.2431e-01 -4.4524e-01
-1.7667e+00     5.4298e+00  7.4325e-02  2.0585e-03 -9.6677e+00 -1.6271e-01 -4.2751e-03  3.5844e+01  6.3559e-01  4.3514e-01 -3.6298e+01 -6.2550e-01 -4.4528e-01
-1.7583e+00     5.8635e+00  1.1198e-01  2.0746e-03 -2.9908e+01 -5.5054e-01 -1.7289e-02  3.5891e+01  6.3636e-01  4.3516e-01 -3.6462e+01 -6.2846e-01 -4.4537e-01
-1.7500e+00     7.2679e+00  1.6432e-01  2.4696e-03 -1.8570e+01 -3.0885e-01 -1.0608e-02  3.5945e+01  6.3751e-01  4.3518e-01 -3.6664e+01 -6.3204e-01 -4.4548e-01
-1.7417e+00     7.1907e+00  1.6965e-01  2.4240e-03 -1.1099e+01 -1.9976e-01 -5.9459e-03  3.6005e+01  6.3890e-01  4.3520e-01 -3.6787e+01 -6.3415e-01 -4.4555e-01
-1.7333e+00     9.2409e+00  2.1800e-01  3.3546e-03 -6.0666e+00 -6.9829e-02 -3.4575e-03  3.6074e+01  6.4051e-01  4.3522e-01 -3.6859e+01 -6.3527e-01 -4.4559e-01
-1.7250e+00     1.4345e+01  3.4502e-01  4.9170e-03 -3.8798e+00 -1.4496e-02 -2.1770e-03  3.6172e+01  6.4286e-01  4.3525e-01 -3.6900e+01 -6.3563e-01 -4.4561e-01
-1.7167e+00     3.7876e+01  1.0056e+00  1.1144e-02 -3.5550e+00 -1.6718e-02 -1.8803e-03  3.6389e+01  6.4848e-01  4.3532e-01 -3.6931e+01 -6.3576e-01 -4.4563e-01
-1.7083e+00     1.9095e+01  4.1304e-01  6.8640e-03 -4.3671e+00 -4.1542e-02 -2.2025e-03  3.6626e+01  6.5438e-01  4.3540e-01 -3.6964e+01 -6.3600e-01 -4.4565e-01
-1.7000e+00     1.7993e+01  3.2956e-01  7.9117e-03 -5.1649e+00 -6.1585e-02 -2.5971e-03  3.6780e+01  6.5747e-01  4.3546e-01 -3.7004e+01 -6.3643e-01 -4.4567e-01
-1.6917e+00     1.5627e+01  2.5379e-01  6.9030e-03 -4.8675e+00 -5.5292e-02 -2.7942e-03  3.6920e+01  6.5989e-01  4.3552e-01 -3.7045e+01 -6.3691e-01 -4.4569e-01
-1.6833e+00     4.9692e+00  5.8185e-02  1.9949e-03 -4.8152e+00 -4.8486e-02 -3.1801e-03  3.7006e+01  6.6119e-01  4.3556e-01 -3.7086e+01 -6.3734e-01 -4.4571e-01
-1.6750e+00     1.6519e+00  1.7969e-02  6.2662e-04 -4.7145e+00 -3.1122e-02 -3.2999e-03  3.7033e+01  6.6151e-01  4.3557e-01 -3.7125e+01 -6.3768e-01 -4.4574e-01
-1.6667e+00     0.0000e+00  0.0000e+00  0.0000e+00 -4.8778e+00 -2.8316e-02 -3.4139e-03  3.7040e+01  6.6158e-01  4.3557e-01 -3.7165e+01 -6.3792e-01 -4.4577e-01
-1.6583e+00     0.0000e+00  0.0000e+00  0.0000e+00 -4.6609e+00 -2.1024e-02 -3.0098e-03  3.7040e+01  6.6158e-01  4.3557e-01 -3.7205e+01 -6.3813e-01 -4.4580e-01
-1.6500e+00     0.0000e+00  0.0000e+00  0.0000e+00 -5.3605e+00 -1.9825e-02 -3.3209e-03  3.7040e+01  6.6158e-01  4.3557e-01 -3.7247e+01 -6.3830e-01 -4.4582e-01
-1.6417e+00     1.6535e+00  3.8165e-02  4.7678e-04 -5.6456e+00 -1.8684e-02 -3.4699e-03  3.7047e+01  6.6174e-01  4.3557e-01 -3.7292e+01 -6.3846e-01 -4.4585e-01
-1.6333e+00     4.7048e+00  1.0007e-01  1.5345e-03 -5.5094e+00 -1.7280e-02 -3.3173e-03  3.7074e+01  6.6231e-01  4.3558e-01 -3.7339e+01 -6.3861e-01 -4.4588e-01
-1.6250e+00     5.6511e+00  1.0812e-01  1.9651e-03 -5.5034e+00 -1.7554e-02 -3.1680e-03  3.7117e+01  6.6318e-01  4.3560e-01 -3.7385e+01 -6.3875e-01 -4.4591e-01
-1.6167e+00     5.8522e+00  9.8446e-02  2.2099e-03 -5.5472e+00 -1.8052e-02 -3.0367e-03  3.7165e+01  6.6404e-01  4.3561e-01 -3.7431e+01 -6.3890e-01 -4.4593e-01
-1.6083e+00     5.5179e+00  8.2332e-02  2.2044e-03 -5.6398e+00 -1.8740e-02 -2.9246e-03  3.7212e+01  6.6479e-01  4.3563e-01 -3.7477e+01 -6.3905e-01 -4.4596e-01
-1.6000e+00     5.2010e+00  6.9786e-02  2.0524e-03 -5.7073e+00 -1.7997e-02 -2.8762e-03  3.7256e+01  6.6542e-01  4.3565e-01 -3.7524e+01 -6.3921e-01 -4.4598e-01
-1.5917e+00     5.1594e+00  6.1758e-02  1.9511e-03 -5.4205e+00 -1.6909e-02 -2.5903e-03  3.7299e+01  6.6597e-01  4.3567e-01 -3.7571e+01 -6.3935e-01 -4.4600e-01
-1.5833e+00     5.5842e+00  5.9399e-02  2.0473e-03 -4.7205e+00 -1.5884e-02 -1.9434e-03  3.7344e+01  6.6648e-01  4.3568e-01 -3.7613e+01 -6.3949e-01 -4.4602e-01
-1.5750e+00     6.3261e+00  6.1266e-02  2.2622e-03 -4.4014e+00 -1.5058e-02 -1.8197e-03  3.7394e+01  6.6698e-01  4.3570e-01 -3.7651e+01 -6.3962e-01 -4.4604e-01
-1.5667e+00     7.0762e+00  6.3434e-02  2.4774e-03 -4.0255e+00 -1.4111e-02 -1.6913e-03  3.7449e+01  6.6750e-01  4.3572e-01 -3.7686e+01 -6.3974e-01 -4.4605e-01
-1.5583e+00     7.1105e+00  5.9953e-02  2.4582e-03 -3.5942e+00 -1.3072e-02 -1.5513e-03  3.7508e+01  6.6801e-01  4.3574e-01 -3.7717e+01 -6.3985e-01 -4.4607e-01
-1.5500e+00     6.8784e+00  5.2949e-02  2.4498e-03 -3.2434e+00 -1.2040e-02 -1.4521e-03  3.7567e+01  6.6848e-01  4.3576e-01 -3.7746e+01 -6.3996e-01 -4.4608e-01
-1.5417e+00     6.8618e+00  4.4521e-02  2.6538e-03 -3.1569e+00 -1.1249e-02 -1.4613e-03  3.7624e+01  6.6889e-01  4.3578e-01 -3.7772e+01 -6.4005e-01 -4.4609e-01
-1.5333e+00     6.3926e+00  3.1371e-02  2.6622e-03 -3.1105e+00 -1.0580e-02 -1.4926e-03  3.7679e+01  6.6920e-01  4.3580e-01 -3.7799e+01 -6.4014e-01 -4.4610e-01
-1.5250e+00     5.7031e+00  2.4217e-02  2.6521e-03 -3.1042e+00 -1.0035e-02 -1.5462e-03  3.7729e+01  6.6943e-01  4.3583e-01 -3.7824e+01 -6.4023e-01 -4.4612e-01
-1.5167e+00     5.0977e+00  2.1101e-02  2.6127e-03 -3.1379e+00 -9.6129e-03 -1.6220e-03  3.7774e+01  6.6962e-01  4.3585e-01 -3.7850e+01 -6.4031e-01 -4.4613e-01
-1.5083e+00     4.5506e+00  1.8118e-02  2.6178e-03 -3.2116e+00 -9.3136e-03 -1.7199e-03  3.7814e+01  6.6978e-01  4.3587e-01 -3.7877e+01 -6.4039e-01 -4.4614e-01
-1.5000e+00     4.4575e+00  1.5487e-02  2.9117e-03 -3.3254e+00 -9.1374e-03 -1.8401e-03  3.7852e+01  6.6992e-01  4.3589e-01 -3.7904e+01 -6.4047e-01 -4.4616e-01
-1.4917e+00     4.8068e+00  1.3478e-02  3.7527e-03 -3.3905e+00 -6.7944e-03 -2.3498e-03  3.7890e+01  6.7004e-01  4.3592e-01 -3.7932e+01 -6.4053e-01 -4.4617e-01
-1.4833e+00     6.0400e+00  1.2528e-02  5.4942e-03 -2.9411e+00 -4.4750e-03 -2.0678e-03  3.7935e+01  6.7015e-01  4.3596e-01 -3.7958e+01 -6.4058e-01 -4.4619e-01
-1.4750e+00     7.4690e+00  1.1567e-02  8.1837e-03 -2.9510e+00 -3.0929e-03 -1.8267e-03  3.7992e+01  6.7025e-01  4.3602e-01 -3.7983e+01 -6.4061e-01 -4.4621e-01
-1.4667e+00     6.4026e+00  7.1693e-03  8.1140e-03 -4.1470e+00 -4.5444e-03 -2.3504e-03  3.8049e+01  6.7033e-01  4.3608e-01 -3.8012e+01 -6.4064e-01 -4.4623e-01
-1.4583e+00     2.5689e+00  2.0286e-03  2.0178e-03 -5.6994e+00 -6.8546e-03 -3.0350e-03  3.8087e+01  6.7037e-01  4.3613e-01 -3.8053e+01 -6.4069e-01 -4.4625e-01
-1.4500e+00     3.7169e+00  3.3386e-03  2.6470e-03 -1.2291e+01 -1.6907e-02 -5.3158e-03  3.8113e+01  6.7039e-01  4.3615e-01 -3.8128e+01 -6.4079e-01 -4.4628e-01
-1.4417e+00     5.0762e+00  4.9178e-03  3.4009e-03 -1.7028e+01 -2.4377e-02 -7.1911e-03  3.8149e+01  6.7043e-01  4.3617e-01 -3.8250e+01 -6.4096e-01 -4.4634e-01
-1.4333e+00     6.6468e+00  6.7664e-03  4.2796e-03 -1.6714e+01 -3.1681e-02 -8.2700e-03  3.8198e+01  6.7047e-01  4.3620e-01 -3.8390e+01 -6.4119e-01 -4.4640e-01
-1.4250e+00     1.0690e+01  1.0418e-02  7.2370e-03 -2.0270e+01 -5.0504e-02 -9.5353e-03  3.8270e+01  6.7055e-01  4.3625e-01 -3.8544e+01 -6.4154e-01 -4.4647e-01
-1.4167e+00     2.3531e+01  2.5136e-02  1.5697e-02 -9.2199e+00 -2.5097e-02 -4.7752e-03  3.8413e+01  6.7069e-01  4.3635e-01 -3.8667e+01 -6.4185e-01 -4.4653e-01
-1.4083e+00     4.1939e+01  5.4454e-02  2.6040e-02 -9.7013e+00 -2.4924e-02 -5.2974e-03  3.8685e+01  6.7102e-01  4.3652e-01 -3.8746e+01 -6.4206e-01 -4.4658e-01
-1.4000e+00     1.2444e+01  1.7323e-02  1.1375e-02 -1.1666e+01 -2.7261e-02 -6.6714e-03  3.8911e+01  6.7132e-01  4.3667e-01 -3.8835e+01 -6.4228e-01 -4.4663e-01
-1.3917e+00     1.0228e+01  1.4895e-02  1.0190e-02 -1.6431e+01 -3.8722e-02 -1.2169e-02  3.9006e+01  6.7146e-01  4.3676e-01 -3.8951e+01 -6.4255e-01 -4.4670e-01
-1.3833e+00     1.0035e+01  1.4787e-02  1.0789e-02 -2.1750e+01 -5.3139e-02 -1.6930e-02  3.9090e+01  6.7158e-01  4.3685e-01 -3.9110e+01 -6.4293e-01 -4.4682e-01
-1.3750e+00     1.1973e+01  1.1554e-02  1.5183e-02 -1.7788e+01 -3.9427e-02 -1.4756e-02  3.9181e+01  6.7169e-01  4.3696e-01 -3.9275e+01 -6.4332e-01 -4.4696e-01
-1.3667e+00     1.3379e+01  1.2034e-02  1.6561e-02 -1.1006e+01 -1.9288e-02 -1.0182e-02  3.9287e+01  6.7179e-01  4.3709e-01 -3.9394e+01 -6.4356e-01 -4.4706e-01
-1.3583e+00     2.0133e+01  2.4080e-02  2.4777e-02 -1.3295e+01 -2.2399e-02 -1.3071e-02  3.9426e+01  6.7194e-01  4.3726e-01 -3.9496e+01 -6.4373e-01 -4.4716e-01
-1.3500e+00     1.9029e+01  2.0159e-02  2.4239e-02 -1.2111e+01 -2.0491e-02 -1.1973e-02  3.9589e+01  6.7212e-01  4.3747e-01 -3.9601e+01 -6.4391e-01 -4.4726e-01
-1.3417e+00     1.2336e+01  1.1479e-02  1.5758e-02 -9.8025e+00 -1.7120e-02 -9.6928e-03  3.9720e+01  6.7225e-01  4.3763e-01 -3.9692e+01 -6.4407e-01 -4.4735e-01
-1.3333e+00     9.8833e+00  8.6502e-03  1.1868e-02 -8.4609e+00 -1.4583e-02 -8.3314e-03  3.9812e+01  6.7234e-01  4.3775e-01 -3.9768e+01 -6.4420e-01 -4.4743e-01
-1.3250e+00     9.0529e+00  7.9918e-03  1.1025e-02 -8.0849e+00 -1.4053e-02 -7.9207e-03  3.9891e+01  6.7241e-01  4.3784e-01 -3.9837e+01 -6.4432e-01 -4.4749e-01
-1.3167e+00     8.2655e+00  7.3997e-03  1.0170e-02 -8.2786e+00 -1.5132e-02 -8.5295e-03  3.9963e+01  6.7247e-01  4.3793e-01 -3.9905e+01 -6.4444e-01 -4.4756e-01
-1.3083e+00     7.9366e+00  7.5131e-03  1.0034e-02 -8.1826e+00 -1.6771e-02 -9.6988e-03  4.0030e+01  6.7253e-01  4.3802e-01 -3.9974e+01 -6.4457e-01 -4.4764e-01
-1.3000e+00     7.0666e+00  6.9156e-03  9.5389e-03 -7.4392e+00 -1.6834e-02 -1.0196e-02  4.0093e+01  6.7259e-01  4.3810e-01 -4.0039e+01 -6.4471e-01 -4.4772e-01
-1.2917e+00     6.0033e+00  5.9777e-03  8.7028e-03 -6.9362e+00 -1.7292e-02 -1.0994e-02  4.0147e+01  6.7265e-01  4.3817e-01 -4.0099e+01 -6.4486e-01 -4.4781e-01
-1.2833e+00     5.9657e+00  6.9636e-03  1.0378e-02 -7.7576e+00 -2.0520e-02 -1.3888e-02  4.0197e+01  6.7270e-01  4.3825e-01 -4.0160e+01 -6.4501e-01 -4.4791e-01
-1.2750e+00     6.5076e+00  9.5146e-03  1.4136e-02 -1.0975e+01 -3.1081e-02 -2.0943e-02  4.0249e+01  6.7277e-01  4.3835e-01 -4.0238e+01 -6.4523e-01 -4.4806e-01
-1.2667e+00     9.4791e+00  1.5833e-02  2.5426e-02 -1.1470e+01 -3.3210e-02 -2.1761e-02  4.0315e+01  6.7287e-01  4.3852e-01 -4.0331e+01 -6.4550e-01 -4.4823e-01
-1.2583e+00     1.3854e+01  2.2812e-02  4.0234e-02 -1.0930e+01 -3.3005e-02 -2.0086e-02  4.0412e+01  6.7304e-01  4.3879e-01 -4.0424e+01 -6.4577e-01 -4.4841e-01
-1.2500e+00     1.6297e+01  2.5955e-02  4.7392e-02 -1.1913e+01 -3.5043e-02 -2.1816e-02  4.0538e+01  6.7324e-01  4.3916e-01 -4.0519e+01 -6.4605e-01 -4.4858e-01
-1.2417e+00     1.5081e+01  2.2323e-02  4.2965e-02 -1.1656e+01 -3.1889e-02 -2.0858e-02  4.0668e+01  6.7344e-01  4.3953e-01 -4.0617e+01 -6.4633e-01 -4.4876e-01
-1.2333e+00     1.2836e+01  1.7407e-02  3.5462e-02 -1.2680e+01 -2.8870e-02 -2.0139e-02  4.0784e+01  6.7360e-01  4.3986e-01 -4.0718e+01 -6.4659e-01 -4.4893e-01
-1.2250e+00     1.1100e+01  1.3348e-02  2.7936e-02 -1.0695e+01 -2.0338e-02 -1.4825e-02  4.0884e+01  6.7373e-01  4.4012e-01 -4.0816e+01 -6.4679e-01 -4.4908e-01
-1.2167e+00     1.0982e+01  1.1995e-02  2.7718e-02 -1.3850e+01 -2.3820e-02 -1.7953e-02  4.0976e+01  6.7384e-01  4.4035e-01 -4.0918e+01 -6.4697e-01 -4.4921e-01
-1.2083e+00     1.2639e+01  1.1521e-02  3.3373e-02 -1.5598e+01 -2.4010e-02 -2.1574e-02  4.1074e+01  6.7394e-01  4.4061e-01 -4.1040e+01 -6.4717e-01 -4.4938e-01
-1.2000e+00     1.4414e+01  1.1361e-02  3.9886e-02 -1.4679e+01 -2.1088e-02 -2.2470e-02  4.1187e+01  6.7403e-01  4.4091e-01 -4.1166e+01 -6.4736e-01 -4.4956e-01
-1.1917e+00     1.6638e+01  1.1705e-02  4.8675e-02 -1.2893e+01 -1.7368e-02 -2.2057e-02  4.1316e+01  6.7413e-01  4.4128e-01 -4.1281e+01 -6.4752e-01 -4.4975e-01
-1.1833e+00     1.5880e+01  1.0764e-02  5.0164e-02 -1.4495e+01 -1.9781e-02 -2.3213e-02  4.1451e+01  6.7422e-01  4.4169e-01 -4.1395e+01 -6.4767e-01 -4.4993e-01
-1.1750e+00     1.6167e+01  1.3357e-02  4.9991e-02 -9.8464e+00 -1.3586e-02 -2.2241e-02  4.1584e+01  6.7432e-01  4.4211e-01 -4.1496e+01 -6.4781e-01 -4.5012e-01
-1.1667e+00     2.0488e+01  1.4623e-02  8.4033e-02 -1.0958e+01 -1.5114e-02 -2.7629e-02  4.1737e+01  6.7444e-01  4.4267e-01 -4.1583e+01 -6.4793e-01 -4.5033e-01
-1.1583e+00     1.4419e+01  1.0118e-02  7.4632e-02 -1.5731e+01 -2.3263e-02 -4.5587e-02  4.1882e+01  6.7454e-01  4.4333e-01 -4.1694e+01 -6.4809e-01 -4.5064e-01
-1.1500e+00     1.3679e+01  9.7913e-03  7.5124e-02 -1.7141e+01 -2.7317e-02 -5.6729e-02  4.1999e+01  6.7462e-01  4.4395e-01 -4.1830e+01 -6.4830e-01 -4.5106e-01
-1.1417e+00     1.3984e+01  1.0294e-02  8.5668e-02 -1.3529e+01 -1.9908e-02 -5.3353e-02  4.2114e+01  6.7471e-01  4.4462e-01 -4.1958e+01 -6.4850e-01 -4.5152e-01
-1.1333e+00     1.2852e+01  1.0589e-02  1.0228e-01 -1.2087e+01 -1.9299e-02 -7.2873e-02  4.2226e+01  6.7479e-01  4.4540e-01 -4.2064e+01 -6.4866e-01 -4.5204e-01
-1.1250e+00     1.4831e+01  1.2493e-02  1.5532e-01 -1.2561e+01 -2.1346e-02 -8.5853e-02  4.2341e+01  6.7489e-01  4.4647e-01 -4.2167e+01 -6.4883e-01 -4.5270e-01
-1.1167e+00     6.4685e+00  7.8332e-03  5.6969e-02 -6.7274e+00 -1.5239e-02 -3.8350e-02  4.2429e+01  6.7497e-01  4.4736e-01 -4.2247e+01 -6.4898e-01 -4.5322e-01
-1.1083e+00     7.5893e+00  9.7237e-03  6.8029e-02 -7.7258e+00 -1.7992e-02 -4.4070e-02  4.2488e+01  6.7505e-01  4.4788e-01 -4.2307e+01 -6.4912e-01 -4.5356e-01
-1.1000e+00     8.8510e+00  1.2622e-02  7.8136e-02 -8.4365e+00 -2.1287e-02 -4.7424e-02  4.2556e+01  6.7514e-01  4.4848e-01 -4.2375e+01 -6.4929e-01 -4.5394e-01
-1.0917e+00     1.0251e+01  1.6493e-02  9.3821e-02 -9.5720e+00 -2.6145e-02 -5.4250e-02  4.2636e+01  6.7526e-01  4.4920e-01 -4.2449e+01 -6.4948e-01 -4.5437e-01
-1.0833e+00     1.2453e+01  2.3884e-02  1.2503e-01 -1.1955e+01 -3.3995e-02 -7.2718e-02  4.2730e+01  6.7543e-01  4.5011e-01 -4.2539e+01 -6.4973e-01 -4.5490e-01
-1.0750e+00     1.8826e+01  3.3324e-02  1.9180e-01 -2.0486e+01 -5.5682e-02 -1.3198e-01  4.2860e+01  6.7567e-01  4.5143e-01 -4.2674e+01 -6.5011e-01 -4.5575e-01
-1.0667e+00     2.5612e+01  4.8250e-02  2.4837e-01 -2.0192e+01 -6.8534e-02 -1.3636e-01  4.3045e+01  6.7601e-01  4.5326e-01 -4.2843e+01 -6.5062e-01 -4.5686e-01
-1.0583e+00     1.7158e+01  4.9461e-02  1.6986e-01 -1.5706e+01 -7.8476e-02 -1.0162e-01  4.3223e+01  6.7641e-01  4.5500e-01 -4.2993e+01 -6.5123e-01 -4.5785e-01
-1.0500e+00     1.7232e+01  5.2689e-02  1.6235e-01 -1.8033e+01 -9.1678e-02 -1.1397e-01  4.3366e+01  6.7684e-01  4.5638e-01 -4.3133e+01 -6.5194e-01 -4.5875e-01
-1.0417e+00     1.2750e+01  3.5560e-02  9.9451e-02 -1.4295e+01 -6.7509e-02 -8.1250e-02  4.3491e+01  6.7720e-01  4.5747e-01 -4.3267e+01 -6.5260e-01 -4.5956e-01
-1.0333e+00     1.0021e+01  3.1645e-02  8.5314e-02 -1.0962e+01 -4.8100e-02 -5.9351e-02  4.3585e+01  6.7748e-01  4.5824e-01 -4.3372e+01 -6.5309e-01 -4.6015e-01
-1.0250e+00     1.1516e+01  3.7602e-02  1.0150e-01 -1.3872e+01 -6.7038e-02 -8.4976e-02  4.3675e+01  6.7777e-01  4.5901e-01 -4.3476e+01 -6.5356e-01 -4.6075e-01
-1.0167e+00     1.3270e+01  4.2635e-02  1.1461e-01 -1.8291e+01 -8.3573e-02 -1.2129e-01  4.3778e+01  6.7811e-01  4.5991e-01 -4.3609e+01 -6.5419e-01 -4.6161e-01
-1.0083e+00     1.5954e+01  5.2678e-02  1.3690e-01 -2.2524e+01 -1.0232e-01 -1.3984e-01  4.3900e+01  6.7850e-01  4.6096e-01 -4.3779e+01 -6.5496e-01 -4.6269e-01
-1.0000e+00     2.9011e+01  1.0182e-01  2.2743e-01 -2.0298e+01 -9.9456e-02 -1.2362e-01  4.4087e+01  6.7914e-01  4.6247e-01 -4.3957e+01 -6.5580e-01 -4.6379e-01
-9.9167e-01     2.4265e+01  9.1910e-02  2.2141e-01 -1.7949e+01 -9.7352e-02 -1.0718e-01  4.4308e+01  6.7995e-01  4.6434e-01 -4.4116e+01 -6.5662e-01 -4.6475e-01
-9.8333e-01     1.5125e+01  5.1007e-02  1.0102e-01 -1.1033e+01 -4.8282e-02 -4.9368e-02  4.4472e+01  6.8055e-01  4.6568e-01 -4.4237e+01 -6.5723e-01 -4.6540e-01
-9.7500e-01     1.1758e+01  3.6863e-02  7.1302e-02 -1.1613e+01 -4.9663e-02 -5.1041e-02  4.4584e+01  6.8091e-01  4.6640e-01 -4.4331e+01 -6.5764e-01 -4.6582e-01
-9.6667e-01     1.1136e+01  3.3711e-02  6.6170e-02 -1.1605e+01 -4.7785e-02 -4.9829e-02  4.4679e+01  6.8120e-01  4.6697e-01 -4.4428e+01 -6.5804e-01 -4.6624e-01
-9.5833e-01     1.1817e+01  3.5900e-02  6.6826e-02 -1.2511e+01 -5.1877e-02 -5.0469e-02  4.4775e+01  6.8149e-01  4.6753e-01 -4.4528e+01 -6.5845e-01 -4.6665e-01
-9.5000e-01     1.4090e+01  3.9461e-02  7.7252e-02 -1.3667e+01 -5.5652e-02 -5.1393e-02  4.4882e+01  6.8181e-01  4.6812e-01 -4.4637e+01 -6.5890e-01 -4.6708e-01
-9.4167e-01     1.5230e+01  4.1881e-02  8.0403e-02 -1.5786e+01 -5.8033e-02 -5.1965e-02  4.5004e+01  6.8215e-01  4.6878e-01 -4.4760e+01 -6.5938e-01 -4.6751e-01
-9.3333e-01     1.6629e+01  4.1958e-02  7.5785e-02 -1.3425e+01 -6.3188e-02 -4.3085e-02  4.5137e+01  6.8249e-01  4.6943e-01 -4.4881e+01 -6.5988e-01 -4.6790e-01
-9.2500e-01     1.3359e+01  3.7505e-02  6.8316e-02 -1.3341e+01 -5.6794e-02 -4.2923e-02  4.5262e+01  6.8282e-01  4.7003e-01 -4.4992e+01 -6.6038e-01 -4.6826e-01
-9.1667e-01     1.3844e+01  3.7436e-02  6.7603e-02 -1.7698e+01 -6.3331e-02 -5.1062e-02  4.5375e+01  6.8314e-01  4.7059e-01 -4.5122e+01 -6.6088e-01 -4.6865e-01
-9.0833e-01     2.0142e+01  4.9686e-02  8.1524e-02 -2.2849e+01 -7.1770e-02 -7.1473e-02  4.5516e+01  6.8350e-01  4.7122e-01 -4.5290e+01 -6.6144e-01 -4.6916e-01
-9.0000e-01     2.7091e+01  6.4939e-02  1.0646e-01 -2.4296e+01 -6.8494e-02 -7.3406e-02  4.5713e+01  6.8398e-01  4.7200e-01 -4.5486e+01 -6.6202e-01 -4.6976e-01
-8.9167e-01     1.8354e+01  4.8413e-02  7.0045e-02 -1.7361e+01 -5.2482e-02 -5.0480e-02  4.5902e+01  6.8445e-01  4.7273e-01 -4.5660e+01 -6.6253e-01 -4.7028e-01
-8.8333e-01     1.6018e+01  4.1723e-02  6.0308e-02 -1.6504e+01 -5.7386e-02 -4.2750e-02  4.6045e+01  6.8482e-01  4.7327e-01 -4.5800e+01 -6.6298e-01 -4.7067e-01
-8.7500e-01     1.8541e+01  5.0856e-02  8.3358e-02 -1.7589e+01 -8.1159e-02 -6.0628e-02  4.6188e+01  6.8521e-01  4.7387e-01 -4.5942e+01 -6.6356e-01 -4.7110e-01
-8.6667e-01     1.4376e+01  4.0297e-02  5.6043e-02 -1.8151e+01 -7.2588e-02 -5.0188e-02  4.6325e+01  6.8559e-01  4.7445e-01 -4.6091e+01 -6.6420e-01 -4.7156e-01
-8.5833e-01     1.4164e+01  4.5340e-02  4.9540e-02 -1.7175e+01 -7.7453e-02 -4.1860e-02  4.6444e+01  6.8594e-01  4.7489e-01 -4.6238e+01 -6.6482e-01 -4.7194e-01
-8.5000e-01     1.6538e+01  5.7839e-02  4.8310e-02 -1.8304e+01 -7.6974e-02 -3.9240e-02  4.6572e+01  6.8637e-01  4.7530e-01 -4.6385e+01 -6.6547e-01 -4.7228e-01
-8.4167e-01     1.9723e+01  7.0745e-02  5.0641e-02 -1.8907e+01 -8.1796e-02 -4.0138e-02  4.6723e+01  6.8691e-01  4.7571e-01 -4.6540e+01 -6.6613e-01 -4.7261e-01
-8.3333e-01     2.2612e+01  8.0346e-02  5.5157e-02 -2.0649e+01 -9.1494e-02 -4.1550e-02  4.6899e+01  6.8754e-01  4.7615e-01 -4.6705e+01 -6.6685e-01 -4.7295e-01
-8.2500e-01     2.1321e+01  7.4720e-02  5.3023e-02 -2.1601e+01 -9.6113e-02 -4.2195e-02  4.7082e+01  6.8818e-01  4.7660e-01 -4.6881e+01 -6.6763e-01 -4.7330e-01
-8.1667e-01     1.7335e+01  6.0943e-02  4.5501e-02 -2.0794e+01 -9.0974e-02 -3.9594e-02  4.7242e+01  6.8874e-01  4.7701e-01 -4.7057e+01 -6.6841e-01 -4.7364e-01
-8.0833e-01     1.5233e+01  5.3042e-02  4.0491e-02 -1.4875e+01 -6.9136e-02 -2.6324e-02  4.7378e+01  6.8922e-01  4.7737e-01 -4.7205e+01 -6.6907e-01 -4.7391e-01
-8.0000e-01     1.3455e+01  4.7942e-02  3.5171e-02 -1.3853e+01 -6.3093e-02 -2.4511e-02  4.7497e+01  6.8964e-01  4.7768e-01 -4.7325e+01 -6.6962e-01 -4.7412e-01
-7.9167e-01     1.7138e+01  5.6608e-02  4.1820e-02 -1.5840e+01 -6.8038e-02 -2.6418e-02  4.7624e+01  6.9007e-01  4.7800e-01 -4.7448e+01 -6.7017e-01 -4.7433e-01
-7.8333e-01     2.0329e+01  6.1486e-02  4.9798e-02 -2.2400e+01 -8.3819e-02 -3.5191e-02  4.7780e+01  6.9056e-01  4.7838e-01 -4.7607e+01 -6.7080e-01 -4.7459e-01
-7.7500e-01     2.3349e+01  7.1310e-02  5.2724e-02 -2.2846e+01 -8.7163e-02 -3.6463e-02  4.7962e+01  6.9112e-01  4.7881e-01 -4.7796e+01 -6.7151e-01 -4.7489e-01
-7.6667e-01     1.9123e+01  6.2399e-02  4.4720e-02 -1.6667e+01 -7.1655e-02 -2.9008e-02  4.8139e+01  6.9167e-01  4.7921e-01 -4.7960e+01 -6.7217e-01 -4.7516e-01
-7.5833e-01     1.5633e+01  5.4570e-02  3.8319e-02 -1.3694e+01 -6.3385e-02 -2.3627e-02  4.8283e+01  6.9216e-01  4.7956e-01 -4.8086e+01 -6.7273e-01 -4.7538e-01
-7.5000e-01     1.2702e+01  4.7515e-02  2.8653e-02 -1.2330e+01 -6.0967e-02 -2.0003e-02  4.8401e+01  6.9258e-01  4.7984e-01 -4.8194e+01 -6.7325e-01 -4.7556e-01
-7.4167e-01     1.2438e+01  4.7955e-02  2.6717e-02 -1.3059e+01 -6.5835e-02 -2.0179e-02  4.8506e+01  6.9298e-01  4.8007e-01 -4.8300e+01 -6.7378e-01 -4.7573e-01
-7.3333e-01     1.3122e+01  5.0847e-02  2.7286e-02 -1.4403e+01 -7.2603e-02 -2.0986e-02  4.8612e+01  6.9339e-01  4.8029e-01 -4.8414e+01 -6.7435e-01 -4.7590e-01
-7.2500e-01     1.5292e+01  5.7565e-02  2.9520e-02 -1.6684e+01 -8.0293e-02 -2.2419e-02  4.8730e+01  6.9384e-01  4.8053e-01 -4.8544e+01 -6.7499e-01 -4.7608e-01
-7.1667e-01     1.8915e+01  6.9445e-02  3.3461e-02 -1.8524e+01 -8.8662e-02 -2.3790e-02  4.8872e+01  6.9437e-01  4.8079e-01 -4.8690e+01 -6.7569e-01 -4.7627e-01
-7.0833e-01     2.0097e+01  7.8543e-02  3.3463e-02 -1.3342e+01 -7.6799e-02 -1.7896e-02  4.9035e+01  6.9499e-01  4.8107e-01 -4.8823e+01 -6.7638e-01 -4.7645e-01
-7.0000e-01     1.3767e+01  5.8575e-02  2.4699e-02 -1.5711e+01 -8.2109e-02 -2.1928e-02  4.9176e+01  6.9556e-01  4.8131e-01 -4.8944e+01 -6.7704e-01 -4.7661e-01
-6.9167e-01     1.6528e+01  6.3051e-02  2.9167e-02 -1.7429e+01 -9.1217e-02 -2.3306e-02  4.9302e+01  6.9606e-01  4.8154e-01 -4.9081e+01 -6.7776e-01 -4.7680e-01
-6.8333e-01     2.3094e+01  1.0704e-01  3.9355e-02 -1.8960e+01 -1.0285e-01 -2.3714e-02  4.9466e+01  6.9677e-01  4.8182e-01 -4.9233e+01 -6.7857e-01 -4.7699e-01
-6.7500e-01     1.8346e+01  7.9732e-02  3.3754e-02 -1.8827e+01 -9.9606e-02 -2.3235e-02  4.9639e+01  6.9755e-01  4.8213e-01 -4.9390e+01 -6.7941e-01 -4.7719e-01
-6.6667e-01     1.8917e+01  8.0743e-02  3.3757e-02 -1.9629e+01 -1.0465e-01 -2.2628e-02  4.9794e+01  6.9822e-01  4.8241e-01 -4.9550e+01 -6.8026e-01 -4.7738e-01
-6.5833e-01     2.0734e+01  8.8997e-02  3.4835e-02 -2.1030e+01 -1.1687e-01 -2.2841e-02  4.9959e+01  6.9892e-01  4.8269e-01 -4.9719e+01 -6.8118e-01 -4.7757e-01
-6.5000e-01     2.2545e+01  9.4117e-02  3.6000e-02 -2.3864e+01 -1.3143e-01 -2.4459e-02  5.0139e+01  6.9968e-01  4.8299e-01 -4.9906e+01 -6.8222e-01 -4.7777e-01
-6.4167e-01     2.3320e+01  9.0368e-02  3.6913e-02 -2.1530e+01 -1.2101e-01 -2.3434e-02  5.0330e+01  7.0045e-01  4.8329e-01 -5.0095e+01 -6.8327e-01 -4.7797e-01
-6.3333e-01     2.0607e+01  8.1408e-02  3.3650e-02 -1.9804e+01 -1.1926e-01 -2.2847e-02  5.0512e+01  7.0117e-01  4.8358e-01 -5.0267e+01 -6.8427e-01 -4.7816e-01
-6.2500e-01     1.9168e+01  7.4234e-02  3.3163e-02 -1.8792e+01 -1.1109e-01 -2.2617e-02  5.0678e+01  7.0181e-01  4.8386e-01 -5.0427e+01 -6.8522e-01 -4.7835e-01
-6.1667e-01     1.8256e+01  6.9167e-02  3.3746e-02 -1.9269e+01 -1.1175e-01 -2.4261e-02  5.0833e+01  7.0241e-01  4.8414e-01 -5.0585e+01 -6.8615e-01 -4.7854e-01
-6.0833e-01     2.0977e+01  7.7641e-02  4.3895e-02 -2.7092e+01 -1.3909e-01 -3.4953e-02  5.0997e+01  7.0302e-01  4.8446e-01 -5.0778e+01 -6.8719e-01 -4.7879e-01
-6.0000e-01     2.3963e+01  8.4711e-02  5.2721e-02 -2.2854e+01 -1.2404e-01 -2.7535e-02  5.1184e+01  7.0370e-01  4.8486e-01 -5.0986e+01 -6.8829e-01 -4.7905e-01
-5.9167e-01     1.9124e+01  7.0874e-02  4.1489e-02 -2.0283e+01 -1.0861e-01 -2.5172e-02  5.1363e+01  7.0434e-01  4.8526e-01 -5.1165e+01 -6.8926e-01 -4.7927e-01
-5.8333e-01     1.8697e+01  6.8284e-02  4.2164e-02 -1.8380e+01 -8.1633e-02 -2.3263e-02  5.1520e+01  7.0492e-01  4.8560e-01 -5.1326e+01 -6.9005e-01 -4.7947e-01
-5.7500e-01     1.8250e+01  6.1296e-02  4.4025e-02 -1.9276e+01 -8.4238e-02 -2.4921e-02  5.1674e+01  7.0546e-01  4.8596e-01 -5.1483e+01 -6.9074e-01 -4.7967e-01
-5.6667e-01     2.1974e+01  7.1259e-02  5.2300e-02 -2.0509e+01 -8.3560e-02 -2.7268e-02  5.1841e+01  7.0601e-01  4.8636e-01 -5.1648e+01 -6.9144e-01 -4.7989e-01
-5.5833e-01     2.1232e+01  6.6502e-02  5.4057e-02 -2.4384e+01 -9.7763e-02 -3.4220e-02  5.2021e+01  7.0659e-01  4.8681e-01 -5.1835e+01 -6.9219e-01 -4.8014e-01
-5.5000e-01     2.2315e+01  6.7629e-02  6.0049e-02 -2.8447e+01 -1.1341e-01 -4.1946e-02  5.2202e+01  7.0714e-01  4.8728e-01 -5.2055e+01 -6.9307e-01 -4.8046e-01
-5.4167e-01     2.7801e+01  7.5275e-02  7.2528e-02 -2.4647e+01 -9.0724e-02 -3.6057e-02  5.2410e+01  7.0774e-01  4.8783e-01 -5.2276e+01 -6.9392e-01 -4.8078e-01
-5.3333e-01     2.7236e+01  6.7624e-02  7.1511e-02 -2.2903e+01 -8.4230e-02 -3.5758e-02  5.2639e+01  7.0833e-01  4.8843e-01 -5.2474e+01 -6.9465e-01 -4.8108e-01
-5.2500e-01     2.4713e+01  6.1497e-02  6.9016e-02 -2.1874e+01 -8.0114e-02 -3.4443e-02  5.2855e+01  7.0887e-01  4.8902e-01 -5.2660e+01 -6.9533e-01 -4.8137e-01
-5.1667e-01     2.0876e+01  5.4711e-02  5.8223e-02 -2.1492e+01 -7.8522e-02 -3.3147e-02  5.3045e+01  7.0935e-01  4.8954e-01 -5.2840e+01 -6.9599e-01 -4.8166e-01
-5.0833e-01     1.7604e+01  4.6791e-02  4.7567e-02 -1.7320e+01 -6.0549e-02 -2.5487e-02  5.3205e+01  7.0977e-01  4.8998e-01 -5.3002e+01 -6.9657e-01 -4.8190e-01
-5.0000e-01     1.6474e+01  4.6298e-02  4.8150e-02 -1.6670e+01 -5.9964e-02 -2.4039e-02  5.3347e+01  7.1016e-01  4.9038e-01 -5.3143e+01 -6.9707e-01 -4.8211e-01
-4.9167e-01     2.1474e+01  5.6930e-02  6.9116e-02 -1.9270e+01 -6.9917e-02 -2.7177e-02  5.3505e+01  7.1059e-01  4.9087e-01 -5.3293e+01 -6.9761e-01 -4.8232e-01
-4.8333e-01     2.4396e+01  6.6417e-02  7.9322e-02 -2.1514e+01 -8.0567e-02 -3.0073e-02  5.3696e+01  7.1110e-01  4.9149e-01 -5.3462e+01 -6.9823e-01 -4.8256e-01
-4.7500e-01     2.4740e+01  7.5016e-02  8.2021e-02 -2.0724e+01 -9.1034e-02 -2.9925e-02  5.3900e+01  7.1169e-01  4.9216e-01 -5.3638e+01 -6.9895e-01 -4.8281e-01
-4.6667e-01     2.2371e+01  6.7988e-02  8.0567e-02 -3.0313e+01 -1.1756e-01 -4.3277e-02  5.4096e+01  7.1229e-01  4.9284e-01 -5.3850e+01 -6.9982e-01 -4.8311e-01
-4.5833e-01     1.9751e+01  5.4955e-02  7.7523e-02 -2.0588e+01 -8.0380e-02 -3.3416e-02  5.4271e+01  7.1280e-01  4.9349e-01 -5.4062e+01 -7.0064e-01 -4.8343e-01
-4.5000e-01     2.3660e+01  6.0912e-02  1.0392e-01 -2.3527e+01 -8.1644e-02 -4.1520e-02  5.4452e+01  7.1328e-01  4.9425e-01 -5.4245e+01 -7.0131e-01 -4.8374e-01
-4.4167e-01     2.5101e+01  6.7290e-02  1.1929e-01 -2.4834e+01 -8.8983e-02 -4.5488e-02  5.4655e+01  7.1381e-01  4.9518e-01 -5.4447e+01 -7.0202e-01 -4.8410e-01
-4.3333e-01     2.3890e+01  6.7049e-02  1.2358e-01 -2.4463e+01 -9.0138e-02 -4.6182e-02  5.4858e+01  7.1437e-01  4.9619e-01 -5.4652e+01 -7.0277e-01 -4.8449e-01
-4.2500e-01     1.9452e+01  5.4836e-02  1.0852e-01 -1.8801e+01 -7.1966e-02 -3.7020e-02  5.5039e+01  7.1488e-01  4.9715e-01 -5.4832e+01 -7.0344e-01 -4.8483e-01
-4.1667e-01     1.6359e+01  4.3195e-02  9.8842e-02 -1.5406e+01 -5.6218e-02 -3.1741e-02  5.5188e+01  7.1529e-01  4.9801e-01 -5.4974e+01 -7.0398e-01 -4.8512e-01
-4.0833e-01     1.7291e+01  4.6350e-02  1.1134e-01 -1.6246e+01 -5.8608e-02 -3.4951e-02  5.5328e+01  7.1566e-01  4.9889e-01 -5.5106e+01 -7.0445e-01 -4.8539e-01
-4.0000e-01     1.6886e+01  4.3786e-02  1.1724e-01 -1.7425e+01 -6.1409e-02 -3.8256e-02  5.5470e+01  7.1604e-01  4.9984e-01 -5.5246e+01 -7.0495e-01 -4.8570e-01
-3.9167e-01     1.6786e+01  4.2235e-02  1.2462e-01 -1.7385e+01 -5.9614e-02 -3.7702e-02  5.5610e+01  7.1639e-01  5.0085e-01 -5.5390e+01 -7.0546e-01 -4.8602e-01
-3.8333e-01     1.6764e+01  4.0761e-02  1.3748e-01 -1.6398e+01 -5.5937e-02 -3.5178e-02  5.5749e+01  7.1674e-01  5.0194e-01 -5.5531e+01 -7.0594e-01 -4.8632e-01
-3.7500e-01     1.7814e+01  4.1547e-02  1.6973e-01 -1.5974e+01 -5.3265e-02 -3.5127e-02  5.5893e+01  7.1708e-01  5.0321e-01 -5.5666e+01 -7.0639e-01 -4.8661e-01
-3.6667e-01     1.9546e+01  4.5512e-02  2.0249e-01 -1.7401e+01 -5.5395e-02 -4.1520e-02  5.6049e+01  7.1744e-01  5.0476e-01 -5.5804e+01 -7.0684e-01 -4.8693e-01
-3.5833e-01     2.2256e+01  5.7027e-02  2.3586e-01 -2.1413e+01 -7.7790e-02 -5.3241e-02  5.6223e+01  7.1787e-01  5.0659e-01 -5.5966e+01 -7.0740e-01 -4.8732e-01
-3.5000e-01     2.1710e+01  5.2512e-02  2.5225e-01 -2.0632e+01 -6.8111e-02 -5.8330e-02  5.6405e+01  7.1833e-01  5.0862e-01 -5.6141e+01 -7.0800e-01 -4.8779e-01
-3.4167e-01     1.9383e+01  4.4776e-02  2.4022e-01 -1.9616e+01 -6.3775e-02 -5.6039e-02  5.6576e+01  7.1873e-01  5.1066e-01 -5.6308e+01 -7.0855e-01 -4.8826e-01
-3.3333e-01     2.0092e+01  4.5033e-02  2.6777e-01 -1.8836e+01 -6.0803e-02 -5.3296e-02  5.6741e+01  7.1910e-01  5.1278e-01 -5.6468e+01 -7.0907e-01 -4.8872e-01
-3.2500e-01     2.4339e+01  5.2611e-02  3.3547e-01 -2.0062e+01 -5.9740e-02 -5.6516e-02  5.6925e+01  7.1951e-01  5.1529e-01 -5.6630e+01 -7.0957e-01 -4.8918e-01
-3.1667e-01     2.0441e+01  4.2622e-02  3.1539e-01 -2.3823e+01 -6.6883e-02 -6.5998e-02  5.7112e+01  7.1991e-01  5.1799e-01 -5.6813e+01 -7.1010e-01 -4.8968e-01
-3.0833e-01     1.7550e+01  3.1163e-02  3.0979e-01 -2.1472e+01 -5.5951e-02 -6.2366e-02  5.7270e+01  7.2021e-01  5.2060e-01 -5.7001e+01 -7.1061e-01 -4.9022e-01
-3.0000e-01     1.8878e+01  3.2949e-02  3.4185e-01 -2.0716e+01 -5.1526e-02 -5.8081e-02  5.7421e+01  7.2048e-01  5.2331e-01 -5.7176e+01 -7.1106e-01 -4.9072e-01
-2.9167e-01     2.0451e+01  3.5985e-02  3.7558e-01 -1.8708e+01 -4.2594e-02 -5.4893e-02  5.7585e+01  7.2077e-01  5.2629e-01 -5.7340e+01 -7.1145e-01 -4.9119e-01
-2.8333e-01     1.8189e+01  3.5484e-02  4.0553e-01 -1.5857e+01 -3.8018e-02 -4.9465e-02  5.7746e+01  7.2106e-01  5.2954e-01 -5.7484e+01 -7.1178e-01 -4.9162e-01
-2.7500e-01     1.9677e+01  4.0303e-02  4.8705e-01 -1.6456e+01 -4.1467e-02 -5.6902e-02  5.7903e+01  7.2138e-01  5.3325e-01 -5.7619e+01 -7.1211e-01 -4.9207e-01
-2.6667e-01     1.9725e+01  4.2205e-02  5.1301e-01 -1.5730e+01 -4.1808e-02 -5.9774e-02  5.8067e+01  7.2172e-01  5.3741e-01 -5.7753e+01 -7.1246e-01 -4.9255e-01
-2.5833e-01     2.0859e+01  4.7108e-02  5.8866e-01 -1.8008e+01 -4.7206e-02 -7.1396e-02  5.8236e+01  7.2209e-01  5.4199e-01 -5.7893e+01 -7.1283e-01 -4.9310e-01
-2.5000e-01     2.5284e+01  5.4764e-02  8.3655e-01 -2.1472e+01 -5.4712e-02 -9.0661e-02  5.8428e+01  7.2252e-01  5.4792e-01 -5.8057e+01 -7.1326e-01 -4.9377e-01
-2.4167e-01     2.4623e+01  5.4703e-02  8.2973e-01 -2.0695e+01 -5.7843e-02 -8.3674e-02  5.8635e+01  7.2297e-01  5.5485e-01 -5.8232e+01 -7.1372e-01 -4.9450e-01
-2.3333e-01     2.4459e+01  5.2347e-02  8.1684e-01 -2.3376e+01 -6.5326e-02 -9.5127e-02  5.8839e+01  7.2342e-01  5.6170e-01 -5.8416e+01 -7.1424e-01 -4.9524e-01
-2.2500e-01     3.0555e+01  6.1866e-02  9.7933e-01 -2.3115e+01 -6.1532e-02 -9.5125e-02  5.9068e+01  7.2389e-01  5.6918e-01 -5.8609e+01 -7.1476e-01 -4.9603e-01
-2.1667e-01     3.0661e+01  6.2140e-02  1.0498e+00 -2.7361e+01 -7.3471e-02 -1.1247e-01  5.9323e+01  7.2441e-01  5.7762e-01 -5.8819e+01 -7.1533e-01 -4.9690e-01
-2.0833e-01     2.9118e+01  6.0027e-02  1.0544e+00 -2.4105e+01 -7.1596e-02 -1.1683e-01  5.9572e+01  7.2492e-01  5.8637e-01 -5.9033e+01 -7.1593e-01 -4.9785e-01
-2.0000e-01     2.4724e+01  5.3951e-02  8.9070e-01 -2.3229e+01 -7.1243e-02 -1.1682e-01  5.9796e+01  7.2539e-01  5.9446e-01 -5.9230e+01 -7.1652e-01 -4.9882e-01
-1.9167e-01     2.0394e+01  4.5069e-02  7.0893e-01 -2.6740e+01 -8.1132e-02 -1.6572e-01  5.9983e+01  7.2580e-01  6.0111e-01 -5.9438e+01 -7.1716e-01 -5.0000e-01
-1.8333e-01     1.9221e+01  4.2415e-02  6.9757e-01 -2.1090e+01 -6.9479e-02 -1.2734e-01  6.0148e+01  7.2617e-01  6.0697e-01 -5.9637e+01 -7.1778e-01 -5.0122e-01
-1.7500e-01     2.1381e+01  5.0559e-02  8.5709e-01 -1.5730e+01 -5.1057e-02 -1.0266e-01  6.0317e+01  7.2655e-01  6.1343e-01 -5.9790e+01 -7.1828e-01 -5.0217e-01
-1.6667e-01     2.6830e+01  7.0321e-02  1.1717e+00 -1.4503e+01 -4.5649e-02 -1.0358e-01  6.0518e+01  7.2706e-01  6.2187e-01 -5.9916e+01 -7.1869e-01 -5.0303e-01
-1.5833e-01     2.4515e+01  6.9179e-02  1.0314e+00 -1.6649e+01 -5.1496e-02 -1.2780e-01  6.0731e+01  7.2764e-01  6.3104e-01 -6.0045e+01 -7.1909e-01 -5.0399e-01
-1.5000e-01     1.9368e+01  6.2407e-02  7.2402e-01 -2.2364e+01 -6.9278e-02 -1.7586e-01  6.0914e+01  7.2818e-01  6.3834e-01 -6.0208e+01 -7.1959e-01 -5.0526e-01
-1.4167e-01     1.8230e+01  5.9711e-02  6.2902e-01 -2.2125e+01 -6.6982e-02 -1.9818e-01  6.1070e+01  7.2869e-01  6.4397e-01 -6.0393e+01 -7.2016e-01 -5.0681e-01
-1.3333e-01     2.5151e+01  7.6309e-02  8.9769e-01 -2.0812e+01 -6.1209e-02 -2.1402e-01  6.1250e+01  7.2926e-01  6.5032e-01 -6.0571e+01 -7.2069e-01 -5.0853e-01
-1.2500e-01     2.6491e+01  7.5569e-02  1.0011e+00 -1.8989e+01 -5.6147e-02 -2.2406e-01  6.1465e+01  7.2989e-01  6.5822e-01 -6.0737e+01 -7.2118e-01 -5.1035e-01
-1.1667e-01     1.9860e+01  6.1880e-02  6.0773e-01 -2.3505e+01 -6.6025e-02 -2.7968e-01  6.1658e+01  7.3046e-01  6.6491e-01 -6.0914e+01 -7.2169e-01 -5.1244e-01
-1.0833e-01     1.8352e+01  5.7916e-02  5.3273e-01 -2.4455e+01 -6.6326e-02 -2.9413e-01  6.1817e+01  7.3096e-01  6.6965e-01 -6.1113e+01 -7.2224e-01 -5.1483e-01
-1.0000e-01     1.8822e+01  6.0267e-02  5.1921e-01 -2.3732e+01 -6.6494e-02 -2.8486e-01  6.1972e+01  7.3145e-01  6.7403e-01 -6.1314e+01 -7.2279e-01 -5.1724e-01
-9.1667e-02     2.0782e+01  6.6463e-02  5.1670e-01 -2.2108e+01 -6.7774e-02 -2.6739e-01  6.2136e+01  7.3198e-01  6.7834e-01 -6.1504e+01 -7.2335e-01 -5.1954e-01
-8.3333e-02     2.0748e+01  6.5793e-02  4.8870e-01 -2.3485e+01 -7.4018e-02 -2.8015e-01  6.2309e+01  7.3253e-01  6.8252e-01 -6.1694e+01 -7.2394e-01 -5.2181e-01
-7.5000e-02     2.2165e+01  6.9261e-02  5.6330e-01 -2.0372e+01 -6.1668e-02 -2.4143e-01  6.2488e+01  7.3309e-01  6.8690e-01 -6.1876e+01 -7.2451e-01 -5.2398e-01
-6.6667e-02     2.2310e+01  6.6810e-02  5.5653e-01 -1.8244e+01 -5.4273e-02 -2.2208e-01  6.2673e+01  7.3366e-01  6.9155e-01 -6.2037e+01 -7.2499e-01 -5.2591e-01
-5.8333e-02     2.2592e+01  6.8535e-02  5.2046e-01 -1.8715e+01 -5.6050e-02 -2.4811e-01  6.2859e+01  7.3422e-01  6.9603e-01 -6.2191e+01 -7.2545e-01 -5.2787e-01
-5.0000e-02     2.1342e+01  6.5655e-02  5.1147e-01 -2.2020e+01 -6.5100e-02 -2.9888e-01  6.3042e+01  7.3478e-01  7.0033e-01 -6.2360e+01 -7.2595e-01 -5.3014e-01
-4.1667e-02     2.0933e+01  6.6409e-02  4.8679e-01 -2.4533e+01 -7.3549e-02 -3.1799e-01  6.3218e+01  7.3533e-01  7.0448e-01 -6.2554e+01 -7.2653e-01 -5.3271e-01
-3.3333e-02     2.1578e+01  7.2603e-02  4.2310e-01 -2.0201e+01 -6.4795e-02 -2.5898e-01  6.3395e+01  7.3591e-01  7.0826e-01 -6.2740e+01 -7.2710e-01 -5.3511e-01
-2.5000e-02     2.2192e+01  7.7458e-02  3.9801e-01 -1.6480e+01 -5.4970e-02 -2.1228e-01  6.3577e+01  7.3653e-01  7.1168e-01 -6.2893e+01 -7.2760e-01 -5.3707e-01
-1.6667e-02     2.3994e+01  8.1624e-02  4.0871e-01 -1.3859e+01 -4.9538e-02 -1.7733e-01  6.3769e+01  7.3719e-01  7.1503e-01 -6.3019e+01 -7.2804e-01 -5.3869e-01
-8.3333e-03     1.9402e+01  6.9135e-02  3.2558e-01 -2.5828e+01 -8.6222e-02 -4.6263e-01  6.3950e+01  7.3782e-01  7.1809e-01 -6.3184e+01 -7.2860e-01 -5.4135e-01
