-5.0000e+00     2.6806e+01  4.8507e-02  7.6720e-02 -2.7174e+01 -4.5107e-02 -7.3669e-02  0.0000e+00  0.0000e+00  0.0000e+00 -0.0000e+00 -0.0000e+00 -0.0000e+00
-4.9917e+00     4.0938e+01  7.6816e-02  1.3841e-01 -2.8731e+01 -5.6314e-02 -8.0985e-02  2.8180e-01  5.2131e-04  8.9490e-04 -2.3255e-01 -4.2188e-04 -6.4332e-04
-4.9833e+00     3.3219e+01  7.6631e-02  1.2237e-01 -4.0114e+01 -7.8353e-02 -1.3296e-01  5.9027e-01  1.1596e-03  1.9797e-03 -5.1892e-01 -9.8206e-04 -1.5333e-03
-4.9750e+00     2.7639e+01  6.9561e-02  9.8008e-02 -2.7681e+01 -7.0539e-02 -9.5161e-02  8.4343e-01  1.7677e-03  2.8964e-03 -8.0093e-01 -1.6014e-03 -2.4822e-03
-4.9667e+00     2.8804e+01  9.0461e-02  9.1349e-02 -2.3780e+01 -6.1909e-02 -8.2497e-02  1.0782e+00  2.4334e-03  3.6841e-03 -1.0150e+00 -2.1524e-03 -3.2212e-03
-4.9583e+00     2.8350e+01  9.6390e-02  8.9752e-02 -2.7023e+01 -8.1079e-02 -8.7954e-02  1.3160e+00  3.2106e-03  4.4375e-03 -1.2263e+00 -2.7472e-03 -3.9303e-03
-4.9500e+00     2.3508e+01  9.1123e-02  7.0795e-02 -2.7781e+01 -9.7166e-02 -8.1661e-02  1.5317e+00  3.9906e-03  5.1053e-03 -1.4543e+00 -3.4886e-03 -4.6358e-03
-4.9417e+00     1.8482e+01  8.1112e-02  5.6903e-02 -2.5720e+01 -9.9281e-02 -7.4484e-02  1.7063e+00  4.7071e-03  5.6365e-03 -1.6768e+00 -4.3058e-03 -5.2853e-03
-4.9333e+00     1.6975e+01  8.1765e-02  5.3641e-02 -2.0389e+01 -8.4806e-02 -5.9038e-02  1.8538e+00  5.3846e-03  6.0963e-03 -1.8686e+00 -5.0715e-03 -5.8408e-03
-4.9250e+00     1.6837e+01  8.2241e-02  5.7045e-02 -1.7057e+01 -8.0180e-02 -5.4756e-02  1.9945e+00  6.0668e-03  6.5567e-03 -2.0244e+00 -5.7578e-03 -6.3141e-03
-4.9167e+00     1.7226e+01  7.5572e-02  6.4460e-02 -1.6904e+01 -8.2495e-02 -5.8150e-02  2.1362e+00  6.7233e-03  7.0622e-03 -2.1657e+00 -6.4345e-03 -6.7838e-03
-4.9083e+00     2.8413e+01  9.3159e-02  9.6148e-02 -1.6517e+01 -7.1287e-02 -5.9235e-02  2.3260e+00  7.4252e-03  7.7302e-03 -2.3047e+00 -7.0742e-03 -7.2721e-03
-4.9000e+00     3.0812e+01  8.8738e-02  9.3788e-02 -2.4090e+01 -8.7454e-02 -8.9334e-02  2.5724e+00  8.1818e-03  8.5203e-03 -2.4736e+00 -7.7345e-03 -7.8901e-03
-4.8917e+00     1.8042e+01  5.2647e-02  5.4083e-02 -3.0727e+01 -8.1122e-02 -9.2508e-02  2.7756e+00  8.7699e-03  9.1354e-03 -2.7016e+00 -8.4357e-03 -8.6465e-03
-4.8833e+00     1.7313e+01  5.7760e-02  5.5918e-02 -2.0981e+01 -5.5706e-02 -5.8514e-02  2.9227e+00  9.2292e-03  9.5930e-03 -2.9167e+00 -9.0049e-03 -9.2747e-03
-4.8750e+00     1.7083e+01  5.8194e-02  5.3167e-02 -1.5688e+01 -4.1276e-02 -4.2494e-02  3.0658e+00  9.7115e-03  1.0047e-02 -3.0693e+00 -9.4083e-03 -9.6949e-03
-4.8667e+00     2.0483e+01  6.6162e-02  5.5691e-02 -1.8809e+01 -6.2405e-02 -5.8754e-02  3.2220e+00  1.0229e-02  1.0500e-02 -3.2128e+00 -9.8396e-03 -1.0116e-02
-4.8583e+00     2.3484e+01  7.3518e-02  6.3344e-02 -1.9394e+01 -5.7813e-02 -5.2096e-02  3.4049e+00  1.0810e-02  1.0995e-02 -3.3717e+00 -1.0340e-02 -1.0577e-02
-4.8500e+00     3.5298e+01  1.1658e-01  8.7821e-02 -2.6397e+01 -6.8161e-02 -7.1835e-02  3.6494e+00  1.1601e-02  1.1624e-02 -3.5622e+00 -1.0864e-02 -1.1093e-02
-4.8417e+00     2.5707e+01  9.3255e-02  5.2169e-02 -3.7565e+01 -1.1192e-01 -9.1682e-02  3.9032e+00  1.2473e-02  1.2206e-02 -3.8282e+00 -1.1613e-02 -1.1773e-02
-4.8333e+00     2.9719e+01  7.6571e-02  6.4989e-02 -3.0867e+01 -1.0154e-01 -7.3173e-02  4.1337e+00  1.3180e-02  1.2693e-02 -4.1129e+00 -1.2501e-02 -1.2459e-02
-4.8250e+00     3.8093e+01  7.5122e-02  1.0506e-01 -2.9582e+01 -8.1067e-02 -6.5243e-02  4.4158e+00  1.3811e-02  1.3401e-02 -4.3643e+00 -1.3260e-02 -1.3034e-02
-4.8167e+00     3.9568e+01  6.1602e-02  1.0690e-01 -3.4698e+01 -7.4136e-02 -8.7645e-02  4.7389e+00  1.4380e-02  1.4282e-02 -4.6317e+00 -1.3906e-02 -1.3670e-02
-4.8083e+00     2.2766e+01  4.5917e-02  5.0219e-02 -2.7822e+01 -5.3691e-02 -7.5337e-02  4.9982e+00  1.4827e-02  1.4936e-02 -4.8918e+00 -1.4438e-02 -1.4348e-02
-4.8000e+00     2.6165e+01  6.0010e-02  5.8492e-02 -2.3430e+01 -4.8262e-02 -5.1757e-02  5.2017e+00  1.5268e-02  1.5388e-02 -5.1050e+00 -1.4862e-02 -1.4877e-02
-4.7917e+00     2.9441e+01  7.1891e-02  6.7543e-02 -2.4093e+01 -5.8732e-02 -5.1806e-02  5.4330e+00  1.5816e-02  1.5912e-02 -5.3027e+00 -1.5307e-02 -1.5308e-02
-4.7833e+00     2.8418e+01  8.0829e-02  5.8560e-02 -2.6370e+01 -6.1285e-02 -6.5571e-02  5.6737e+00  1.6451e-02  1.6437e-02 -5.5126e+00 -1.5806e-02 -1.5796e-02
-4.7750e+00     1.9763e+01  5.9534e-02  3.8845e-02 -2.3567e+01 -5.9351e-02 -5.7748e-02  5.8741e+00  1.7035e-02  1.6842e-02 -5.7203e+00 -1.6308e-02 -1.6309e-02
-4.7667e+00     1.8008e+01  5.4529e-02  3.9339e-02 -2.7688e+01 -6.9819e-02 -6.8819e-02  6.0312e+00  1.7510e-02  1.7167e-02 -5.9335e+00 -1.6845e-02 -1.6835e-02
-4.7583e+00     1.4057e+01  4.4471e-02  3.1085e-02 -1.8675e+01 -5.2232e-02 -4.5252e-02  6.1646e+00  1.7922e-02  1.7460e-02 -6.1264e+00 -1.7353e-02 -1.7310e-02
-4.7500e+00     1.9734e+01  6.2683e-02  4.7253e-02 -1.4469e+01 -4.2896e-02 -3.4489e-02  6.3052e+00  1.8367e-02  1.7786e-02 -6.2642e+00 -1.7749e-02 -1.7642e-02
-4.7417e+00     1.4984e+01  4.0944e-02  4.2129e-02 -1.9423e+01 -6.3693e-02 -4.6906e-02  6.4496e+00  1.8798e-02  1.8158e-02 -6.4052e+00 -1.8192e-02 -1.7980e-02
-4.7333e+00     1.5464e+01  4.0581e-02  4.7151e-02 -1.6639e+01 -4.7730e-02 -4.5388e-02  6.5763e+00  1.9138e-02  1.8529e-02 -6.5552e+00 -1.8655e-02 -1.8364e-02
-4.7250e+00     1.9996e+01  6.3881e-02  5.5531e-02 -1.5681e+01 -4.1085e-02 -4.8376e-02  6.7238e+00  1.9572e-02  1.8956e-02 -6.6897e+00 -1.9025e-02 -1.8754e-02
-4.7167e+00     2.4003e+01  7.2851e-02  6.4349e-02 -1.4490e+01 -3.7967e-02 -4.5468e-02  6.9068e+00  2.0141e-02  1.9455e-02 -6.8152e+00 -1.9354e-02 -1.9145e-02
-4.7083e+00     1.9468e+01  6.0322e-02  5.3109e-02 -1.5945e+01 -4.1675e-02 -4.7455e-02  7.0876e+00  2.0695e-02  1.9944e-02 -6.9418e+00 -1.9685e-02 -1.9531e-02
-4.7000e+00     1.5697e+01  4.9040e-02  4.2558e-02 -2.5681e+01 -8.1528e-02 -6.8225e-02  7.2339e+00  2.1150e-02  2.0342e-02 -7.1149e+00 -2.0198e-02 -2.0012e-02
-4.6917e+00     1.1183e+01  2.9108e-02  2.6032e-02 -1.6569e+01 -4.8790e-02 -4.7899e-02  7.3457e+00  2.1475e-02  2.0627e-02 -7.2907e+00 -2.0740e-02 -2.0495e-02
-4.6833e+00     1.1397e+01  2.7893e-02  2.5167e-02 -1.3329e+01 -3.4904e-02 -3.5307e-02  7.4396e+00  2.1712e-02  2.0840e-02 -7.4151e+00 -2.1088e-02 -2.0841e-02
-4.6750e+00     1.1904e+01  2.7893e-02  2.6434e-02 -1.0287e+01 -2.1499e-02 -2.3621e-02  7.5366e+00  2.1944e-02  2.1055e-02 -7.5133e+00 -2.1322e-02 -2.1087e-02
-4.6667e+00     1.5820e+01  3.9636e-02  4.0259e-02 -1.1225e+01 -2.2336e-02 -2.5740e-02  7.6519e+00  2.2225e-02  2.1332e-02 -7.6028e+00 -2.1505e-02 -2.1292e-02
-4.6583e+00     1.7255e+01  4.2465e-02  5.2571e-02 -1.2884e+01 -2.4022e-02 -2.9719e-02  7.7895e+00  2.2566e-02  2.1718e-02 -7.7031e+00 -2.1698e-02 -2.1523e-02
-4.6500e+00     1.3853e+01  3.4862e-02  3.7852e-02 -1.3507e+01 -2.3440e-02 -3.5750e-02  7.9189e+00  2.2888e-02  2.2094e-02 -7.8128e+00 -2.1895e-02 -2.1795e-02
-4.6417e+00     1.2736e+01  3.0592e-02  2.9353e-02 -1.6958e+01 -3.0527e-02 -4.9440e-02  8.0295e+00  2.3160e-02  2.2374e-02 -7.9396e+00 -2.2119e-02 -2.2149e-02
-4.6333e+00     1.4433e+01  3.2973e-02  3.1376e-02 -1.4244e+01 -2.5990e-02 -3.7984e-02  8.1425e+00  2.3425e-02  2.2626e-02 -8.0694e+00 -2.2355e-02 -2.2513e-02
-4.6250e+00     1.3893e+01  2.8170e-02  2.9139e-02 -1.3005e+01 -2.4067e-02 -2.9706e-02  8.2603e+00  2.3679e-02  2.2878e-02 -8.1827e+00 -2.2563e-02 -2.2795e-02
-4.6167e+00     1.4232e+01  2.7608e-02  2.7374e-02 -1.5197e+01 -3.1423e-02 -3.1573e-02  8.3773e+00  2.3911e-02  2.3113e-02 -8.3000e+00 -2.2794e-02 -2.3049e-02
-4.6083e+00     1.4421e+01  2.6830e-02  2.4248e-02 -1.7593e+01 -3.0774e-02 -3.3958e-02  8.4965e+00  2.4138e-02  2.3328e-02 -8.4364e+00 -2.3052e-02 -2.3322e-02
-4.6000e+00     1.4212e+01  2.5462e-02  1.9376e-02 -1.9647e+01 -2.7740e-02 -3.1625e-02  8.6156e+00  2.4355e-02  2.3509e-02 -8.5913e+00 -2.3296e-02 -2.3595e-02
-4.5917e+00     2.5616e+01  2.9848e-02  2.3521e-02 -2.4443e+01 -2.4108e-02 -2.4944e-02  8.7813e+00  2.4585e-02  2.3688e-02 -8.7747e+00 -2.3511e-02 -2.3830e-02
-4.5833e+00     4.5792e+01  2.8786e-02  2.9032e-02 -4.3379e+01 -5.0980e-02 -2.8153e-02  9.0783e+00  2.4829e-02  2.3907e-02 -9.0568e+00 -2.3824e-02 -2.4051e-02
-4.5750e+00     2.5905e+01  2.0060e-02  2.3446e-02 -2.5444e+01 -3.4960e-02 -2.3786e-02  9.3765e+00  2.5032e-02  2.4125e-02 -9.3431e+00 -2.4181e-02 -2.4267e-02
-4.5667e+00     1.2418e+01  1.1791e-02  1.6301e-02 -1.9221e+01 -2.5105e-02 -2.1718e-02  9.5360e+00  2.5165e-02  2.4290e-02 -9.5289e+00 -2.4431e-02 -2.4456e-02
-4.5583e+00     9.9124e+00  1.1449e-02  1.6476e-02 -1.1595e+01 -1.3836e-02 -1.5874e-02  9.6288e+00  2.5261e-02  2.4426e-02 -9.6571e+00 -2.4593e-02 -2.4613e-02
-4.5500e+00     9.7633e+00  1.3383e-02  1.8195e-02 -8.9560e+00 -1.2092e-02 -1.5755e-02  9.7107e+00  2.5365e-02  2.4571e-02 -9.7426e+00 -2.4701e-02 -2.4744e-02
-4.5417e+00     1.1760e+01  2.1639e-02  2.2576e-02 -9.3201e+00 -1.3813e-02 -1.7459e-02  9.8002e+00  2.5510e-02  2.4740e-02 -9.8186e+00 -2.4809e-02 -2.4882e-02
-4.5333e+00     1.1107e+01  2.3430e-02  2.2916e-02 -9.5544e+00 -1.5446e-02 -1.8562e-02  9.8953e+00  2.5698e-02  2.4930e-02 -9.8971e+00 -2.4930e-02 -2.5032e-02
-4.5250e+00     1.0496e+01  2.7435e-02  2.3618e-02 -1.0043e+01 -1.9341e-02 -2.0832e-02  9.9852e+00  2.5909e-02  2.5123e-02 -9.9787e+00 -2.5075e-02 -2.5196e-02
-4.5167e+00     1.9926e+01  7.9574e-02  4.9815e-02 -9.9449e+00 -2.3746e-02 -2.2310e-02  1.0112e+01  2.6355e-02  2.5429e-02 -1.0062e+01 -2.5254e-02 -2.5376e-02
-4.5083e+00     1.6828e+01  7.0406e-02  4.5606e-02 -1.7938e+01 -5.7455e-02 -4.7041e-02  1.0265e+01  2.6978e-02  2.5825e-02 -1.0178e+01 -2.5592e-02 -2.5664e-02
-4.5000e+00     1.6508e+01  7.0124e-02  4.4827e-02 -1.7476e+01 -6.3983e-02 -4.9046e-02  1.0403e+01  2.7563e-02  2.6202e-02 -1.0325e+01 -2.6097e-02 -2.6064e-02
-4.4917e+00     1.5926e+01  6.2375e-02  4.3380e-02 -1.4889e+01 -5.5998e-02 -4.0769e-02  1.0538e+01  2.8114e-02  2.6569e-02 -1.0460e+01 -2.6596e-02 -2.6437e-02
-4.4833e+00     1.5348e+01  6.3385e-02  4.1029e-02 -1.5470e+01 -5.9616e-02 -4.0037e-02  1.0668e+01  2.8637e-02  2.6920e-02 -1.0586e+01 -2.7077e-02 -2.6774e-02
-4.4750e+00     1.5575e+01  6.4574e-02  4.2446e-02 -1.5860e+01 -6.2216e-02 -4.1903e-02  1.0797e+01  2.9170e-02  2.7267e-02 -1.0716e+01 -2.7584e-02 -2.7114e-02
-4.4667e+00     1.5144e+01  5.6570e-02  4.3396e-02 -1.6858e+01 -6.6110e-02 -4.5248e-02  1.0925e+01  2.9674e-02  2.7624e-02 -1.0852e+01 -2.8118e-02 -2.7477e-02
-4.4583e+00     1.6398e+01  5.5413e-02  4.7987e-02 -1.8188e+01 -7.0312e-02 -4.9395e-02  1.1056e+01  3.0139e-02  2.8004e-02 -1.0998e+01 -2.8685e-02 -2.7871e-02
-4.4500e+00     1.1269e+01  3.6878e-02  3.1367e-02 -1.7100e+01 -5.6301e-02 -4.8418e-02  1.1171e+01  3.0523e-02  2.8334e-02 -1.1145e+01 -2.9212e-02 -2.8278e-02
-4.4417e+00     1.1069e+01  3.2323e-02  3.0887e-02 -1.1650e+01 -3.6147e-02 -3.1525e-02  1.1264e+01  3.0811e-02  2.8593e-02 -1.1265e+01 -2.9597e-02 -2.8610e-02
-4.4333e+00     1.1757e+01  3.1234e-02  3.3417e-02 -1.1601e+01 -3.2477e-02 -3.1738e-02  1.1359e+01  3.1075e-02  2.8861e-02 -1.1361e+01 -2.9882e-02 -2.8873e-02
-4.4250e+00     1.2410e+01  3.0606e-02  3.7009e-02 -1.2007e+01 -2.9505e-02 -3.3683e-02  1.1459e+01  3.1333e-02  2.9154e-02 -1.1460e+01 -3.0140e-02 -2.9145e-02
-4.4167e+00     1.2970e+01  2.8560e-02  4.1493e-02 -1.2750e+01 -2.8362e-02 -3.8281e-02  1.1565e+01  3.1579e-02  2.9480e-02 -1.1563e+01 -3.0381e-02 -2.9445e-02
-4.4083e+00     2.1817e+01  4.5582e-02  6.2616e-02 -1.3203e+01 -2.6600e-02 -4.1767e-02  1.1710e+01  3.1887e-02  2.9913e-02 -1.1670e+01 -3.0609e-02 -2.9778e-02
-4.4000e+00     1.8671e+01  3.4764e-02  5.7374e-02 -2.3163e+01 -4.4622e-02 -7.0153e-02  1.1878e+01  3.2221e-02  3.0412e-02 -1.1822e+01 -3.0905e-02 -3.0243e-02
-4.3917e+00     1.4873e+01  2.6762e-02  5.0609e-02 -1.8503e+01 -2.8288e-02 -5.5105e-02  1.2018e+01  3.2477e-02  3.0862e-02 -1.1995e+01 -3.1209e-02 -3.0764e-02
-4.3833e+00     1.2079e+01  2.2480e-02  4.1786e-02 -1.6040e+01 -2.3593e-02 -5.2065e-02  1.2130e+01  3.2682e-02  3.1246e-02 -1.2139e+01 -3.1425e-02 -3.1210e-02
-4.3750e+00     1.1688e+01  2.1242e-02  4.3989e-02 -1.1961e+01 -1.8062e-02 -4.0709e-02  1.2229e+01  3.2864e-02  3.1603e-02 -1.2255e+01 -3.1598e-02 -3.1596e-02
-4.3667e+00     1.1051e+01  1.9575e-02  4.4682e-02 -1.1536e+01 -1.7355e-02 -4.3172e-02  1.2323e+01  3.3034e-02  3.1972e-02 -1.2353e+01 -3.1745e-02 -3.1945e-02
-4.3583e+00     1.0301e+01  1.7310e-02  4.3880e-02 -1.0541e+01 -1.6121e-02 -4.1520e-02  1.2412e+01  3.3187e-02  3.2340e-02 -1.2445e+01 -3.1884e-02 -3.2297e-02
-4.3500e+00     1.3503e+01  2.4771e-02  5.7894e-02 -9.7461e+00 -1.4771e-02 -4.0116e-02  1.2511e+01  3.3362e-02  3.2763e-02 -1.2529e+01 -3.2013e-02 -3.2637e-02
-4.3417e+00     1.8734e+01  4.5346e-02  7.9420e-02 -1.5219e+01 -2.6538e-02 -6.8076e-02  1.2645e+01  3.3654e-02  3.3334e-02 -1.2633e+01 -3.2185e-02 -3.3087e-02
-4.3333e+00     1.9534e+01  4.7107e-02  8.4639e-02 -1.6964e+01 -3.4096e-02 -7.5086e-02  1.2804e+01  3.4039e-02  3.4017e-02 -1.2767e+01 -3.2437e-02 -3.3682e-02
-4.3250e+00     1.7582e+01  3.8393e-02  7.9558e-02 -2.0891e+01 -5.5103e-02 -8.5130e-02  1.2959e+01  3.4394e-02  3.4700e-02 -1.2924e+01 -3.2808e-02 -3.4349e-02
-4.3167e+00     1.4844e+01  2.9433e-02  6.8754e-02 -1.7644e+01 -4.3684e-02 -7.8487e-02  1.3094e+01  3.4676e-02  3.5317e-02 -1.3085e+01 -3.3219e-02 -3.5029e-02
-4.3083e+00     1.2026e+01  2.0813e-02  5.6434e-02 -1.4520e+01 -3.0933e-02 -6.6634e-02  1.3205e+01  3.4885e-02  3.5838e-02 -1.3218e+01 -3.3529e-02 -3.5633e-02
-4.3000e+00     1.1173e+01  1.9682e-02  5.7661e-02 -1.1248e+01 -1.9390e-02 -5.5875e-02  1.3302e+01  3.5054e-02  3.6312e-02 -1.3326e+01 -3.3739e-02 -3.6143e-02
-4.2917e+00     1.0751e+01  2.1320e-02  6.0035e-02 -9.7559e+00 -1.6041e-02 -5.4942e-02  1.3393e+01  3.5224e-02  3.6802e-02 -1.3413e+01 -3.3886e-02 -3.6604e-02
-4.2833e+00     1.1346e+01  2.3343e-02  7.0052e-02 -1.1079e+01 -2.2599e-02 -6.6995e-02  1.3485e+01  3.5410e-02  3.7343e-02 -1.3500e+01 -3.4047e-02 -3.7111e-02
-4.2750e+00     1.5440e+01  2.9879e-02  1.0131e-01 -1.5199e+01 -3.2846e-02 -9.7628e-02  1.3596e+01  3.5632e-02  3.8056e-02 -1.3609e+01 -3.4277e-02 -3.7796e-02
-4.2667e+00     1.3836e+01  2.8935e-02  1.0488e-01 -1.5525e+01 -3.5060e-02 -1.0851e-01  1.3718e+01  3.5876e-02  3.8913e-02 -1.3737e+01 -3.4560e-02 -3.8653e-02
-4.2583e+00     1.4529e+01  3.3677e-02  1.2449e-01 -1.4317e+01 -3.1756e-02 -1.1397e-01  1.3836e+01  3.6137e-02  3.9868e-02 -1.3861e+01 -3.4838e-02 -3.9579e-02
-4.2500e+00     1.5036e+01  3.7761e-02  1.3831e-01 -1.6262e+01 -3.8452e-02 -1.5390e-01  1.3959e+01  3.6434e-02  4.0961e-02 -1.3988e+01 -3.5130e-02 -4.0693e-02
-4.2417e+00     1.2193e+01  3.1000e-02  9.9271e-02 -1.4902e+01 -3.6689e-02 -1.3095e-01  1.4072e+01  3.6720e-02  4.1949e-02 -1.4118e+01 -3.5442e-02 -4.1878e-02
-4.2333e+00     9.8949e+00  2.4163e-02  6.8453e-02 -1.0572e+01 -2.5690e-02 -8.0654e-02  1.4164e+01  3.6949e-02  4.2647e-02 -1.4224e+01 -3.5702e-02 -4.2758e-02
-4.2250e+00     9.3493e+00  2.2222e-02  5.5856e-02 -9.4273e+00 -2.2502e-02 -6.4782e-02  1.4244e+01  3.7142e-02  4.3164e-02 -1.4307e+01 -3.5902e-02 -4.3363e-02
-4.2167e+00     1.1763e+01  2.3390e-02  5.3275e-02 -8.7118e+00 -2.0478e-02 -5.1217e-02  1.4332e+01  3.7332e-02  4.3618e-02 -1.4382e+01 -3.6081e-02 -4.3845e-02
-4.2083e+00     1.1862e+01  2.2311e-02  4.5013e-02 -8.6442e+00 -2.0124e-02 -4.0730e-02  1.4430e+01  3.7522e-02  4.4027e-02 -1.4455e+01 -3.6250e-02 -4.4228e-02
-4.2000e+00     1.1988e+01  2.2284e-02  4.6397e-02 -1.1045e+01 -2.2695e-02 -4.2493e-02  1.4530e+01  3.7708e-02  4.4407e-02 -1.4536e+01 -3.6428e-02 -4.4574e-02
-4.1917e+00     1.3230e+01  2.2546e-02  5.7957e-02 -1.3439e+01 -2.4761e-02 -5.1516e-02  1.4635e+01  3.7894e-02  4.4841e-02 -1.4638e+01 -3.6626e-02 -4.4965e-02
-4.1833e+00     1.6501e+01  2.6641e-02  7.3324e-02 -1.7043e+01 -2.7488e-02 -7.0219e-02  1.4758e+01  3.8099e-02  4.5387e-02 -1.4765e+01 -3.6843e-02 -4.5472e-02
-4.1750e+00     1.5711e+01  2.5527e-02  6.8266e-02 -1.6674e+01 -2.6201e-02 -6.8987e-02  1.4892e+01  3.8316e-02  4.5976e-02 -1.4905e+01 -3.7066e-02 -4.6051e-02
-4.1667e+00     1.4415e+01  2.2575e-02  6.2495e-02 -1.6123e+01 -2.5858e-02 -6.4924e-02  1.5018e+01  3.8516e-02  4.6520e-02 -1.5042e+01 -3.7283e-02 -4.6608e-02
-4.1583e+00     1.4001e+01  2.0067e-02  6.0667e-02 -1.4990e+01 -2.3294e-02 -5.9920e-02  1.5136e+01  3.8693e-02  4.7032e-02 -1.5171e+01 -3.7487e-02 -4.7127e-02
-4.1500e+00     1.3824e+01  1.6157e-02  5.9182e-02 -1.6565e+01 -2.1390e-02 -6.7947e-02  1.5251e+01  3.8844e-02  4.7531e-02 -1.5303e+01 -3.7673e-02 -4.7659e-02
-4.1417e+00     9.1992e+00  1.1530e-02  3.6653e-02 -9.8130e+00 -1.4111e-02 -3.6334e-02  1.5347e+01  3.8959e-02  4.7929e-02 -1.5412e+01 -3.7821e-02 -4.8093e-02
-4.1333e+00     1.0934e+01  1.3337e-02  4.4541e-02 -1.0580e+01 -1.4780e-02 -3.9376e-02  1.5431e+01  3.9062e-02  4.8267e-02 -1.5497e+01 -3.7941e-02 -4.8408e-02
-4.1250e+00     1.2490e+01  1.4868e-02  5.1341e-02 -1.1940e+01 -1.6105e-02 -4.4553e-02  1.5528e+01  3.9180e-02  4.8666e-02 -1.5591e+01 -3.8069e-02 -4.8757e-02
-4.1167e+00     1.0813e+01  1.2253e-02  4.2350e-02 -1.1881e+01 -1.5452e-02 -4.3865e-02  1.5625e+01  3.9293e-02  4.9056e-02 -1.5690e+01 -3.8201e-02 -4.9125e-02
-4.1083e+00     1.5799e+01  1.5188e-02  6.0243e-02 -1.0566e+01 -1.3020e-02 -3.7788e-02  1.5736e+01  3.9407e-02  4.9483e-02 -1.5783e+01 -3.8319e-02 -4.9464e-02
-4.1000e+00     1.2890e+01  1.2612e-02  4.8801e-02 -1.5136e+01 -1.7653e-02 -5.4767e-02  1.5855e+01  3.9522e-02  4.9936e-02 -1.5890e+01 -3.8447e-02 -4.9849e-02
-4.0917e+00     1.1991e+01  1.2469e-02  4.7559e-02 -1.3073e+01 -1.5232e-02 -4.7161e-02  1.5959e+01  3.9627e-02  5.0337e-02 -1.6007e+01 -3.8584e-02 -5.0273e-02
-4.0833e+00     1.2488e+01  1.3990e-02  5.1496e-02 -1.2241e+01 -1.4609e-02 -4.6213e-02  1.6061e+01  3.9737e-02  5.0749e-02 -1.6113e+01 -3.8708e-02 -5.0662e-02
-4.0750e+00     1.3867e+01  1.6760e-02  5.8843e-02 -1.2337e+01 -1.5399e-02 -4.8675e-02  1.6170e+01  3.9865e-02  5.1208e-02 -1.6215e+01 -3.8832e-02 -5.1056e-02
-4.0667e+00     1.3507e+01  1.6414e-02  5.8083e-02 -1.2993e+01 -1.7100e-02 -5.3111e-02  1.6284e+01  4.0003e-02  5.1694e-02 -1.6320e+01 -3.8968e-02 -5.1480e-02
-4.0583e+00     1.0191e+01  1.1893e-02  4.7548e-02 -1.1780e+01 -1.5180e-02 -4.9949e-02  1.6383e+01  4.0120e-02  5.2134e-02 -1.6423e+01 -3.9102e-02 -5.1908e-02
-4.0500e+00     9.9036e+00  1.1489e-02  4.6345e-02 -9.9177e+00 -1.2425e-02 -4.3845e-02  1.6466e+01  4.0218e-02  5.2524e-02 -1.6514e+01 -3.9217e-02 -5.2299e-02
-4.0417e+00     9.7410e+00  1.1182e-02  4.5450e-02 -9.8439e+00 -1.2237e-02 -4.4106e-02  1.6548e+01  4.0312e-02  5.2906e-02 -1.6596e+01 -3.9319e-02 -5.2664e-02
-4.0333e+00     9.8875e+00  1.0987e-02  4.4993e-02 -9.8762e+00 -1.2151e-02 -4.4515e-02  1.6630e+01  4.0404e-02  5.3282e-02 -1.6678e+01 -3.9421e-02 -5.3033e-02
-4.0250e+00     1.0387e+01  1.1038e-02  4.5214e-02 -1.0456e+01 -1.2410e-02 -4.5609e-02  1.6714e+01  4.0496e-02  5.3658e-02 -1.6762e+01 -3.9523e-02 -5.3408e-02
-4.0167e+00     1.3106e+01  1.2967e-02  5.3941e-02 -1.1521e+01 -1.3006e-02 -4.7688e-02  1.6812e+01  4.0596e-02  5.4070e-02 -1.6854e+01 -3.9629e-02 -5.3796e-02
-4.0083e+00     1.2484e+01  1.1705e-02  5.1361e-02 -1.3583e+01 -1.3428e-02 -5.4414e-02  1.6918e+01  4.0698e-02  5.4508e-02 -1.6958e+01 -3.9739e-02 -5.4221e-02
-4.0000e+00     9.4341e+00  8.5095e-03  3.7747e-02 -1.1286e+01 -1.0540e-02 -4.3679e-02  1.7009e+01  4.0782e-02  5.4879e-02 -1.7062e+01 -3.9838e-02 -5.4629e-02
-3.9917e+00     5.9036e+00  5.1065e-03  2.3108e-02 -8.0782e+00 -6.9529e-03 -3.0489e-02  1.7073e+01  4.0839e-02  5.5132e-02 -1.7142e+01 -3.9911e-02 -5.4937e-02
-3.9833e+00     3.8283e+00  3.3468e-03  1.4844e-02 -5.4383e+00 -4.2616e-03 -1.9739e-02  1.7114e+01  4.0874e-02  5.5290e-02 -1.7199e+01 -3.9958e-02 -5.5146e-02
-3.9750e+00     1.9218e+00  1.7551e-03  7.4870e-03 -3.2021e+00 -2.5628e-03 -1.1282e-02  1.7138e+01  4.0895e-02  5.5383e-02 -1.7234e+01 -3.9986e-02 -5.5275e-02
-3.9667e+00     6.6038e-01  6.7427e-04  2.5311e-03 -1.3375e+00 -1.1832e-03 -4.6537e-03  1.7148e+01  4.0906e-02  5.5424e-02 -1.7253e+01 -4.0002e-02 -5.5342e-02
-3.9583e+00     3.6445e-01  3.7003e-04  1.3374e-03 -6.7222e-01 -6.0602e-04 -2.4576e-03  1.7153e+01  4.0910e-02  5.5440e-02 -1.7262e+01 -4.0009e-02 -5.5371e-02
-3.9500e+00     1.0640e-01  1.0733e-04  3.7023e-04 -3.7982e-01 -3.3923e-04 -1.3337e-03  1.7155e+01  4.0912e-02  5.5448e-02 -1.7266e+01 -4.0013e-02 -5.5387e-02
-3.9417e+00     0.0000e+00  0.0000e+00  0.0000e+00 -1.2613e-01 -1.1157e-04 -4.2176e-04  1.7155e+01  4.0912e-02  5.5449e-02 -1.7268e+01 -4.0015e-02 -5.5394e-02
-3.9333e+00     0.0000e+00  0.0000e+00  0.0000e+00 -0.0000e+00 -0.0000e+00 -0.0000e+00  1.7155e+01  4.0912e-02  5.5449e-02 -1.7269e+01 -4.0015e-02 -5.5396e-02
-3.9250e+00     0.0000e+00  0.0000e+00  0.0000e+00 -0.0000e+00 -0.0000e+00 -0.0000e+00  1.7155e+01  4.0912e-02  5.5449e-02 -1.7269e+01 -4.0015e-02 -5.5396e-02
-3.9167e+00     0.0000e+00  0.0000e+00  0.0000e+00 -0.0000e+00 -0.0000e+00 -0.0000e+00  1.7155e+01  4.0912e-02  5.5449e-02 -1.7269e+01 -4.0015e-02 -5.5396e-02
-3.9083e+00     0.0000e+00  0.0000e+00  0.0000e+00 -0.0000e+00 -0.0000e+00 -0.0000e+00  1.7155e+01  4.0912e-02  5.5449e-02 -1.7269e+01 -4.0015e-02 -5.5396e-02
-3.9000e+00     0.0000e+00  0.0000e+00  0.0000e+00 -0.0000e+00 -0.0000e+00 -0.0000e+00  1.7155e+01  4.0912e-02  5.5449e-02 -1.7269e+01 -4.0015e-02 -5.5396e-02
-3.8917e+00     0.0000e+00  0.0000e+00  0.0000e+00 -2.8222e-01 -4.4808e-04 -4.3860e-03  1.7155e+01  4.0912e-02  5.5449e-02 -1.7270e+01 -4.0017e-02 -5.5414e-02
-3.8833e+00     6.2629e-01  1.2106e-04  1.2669e-02 -3.4117e+00 -5.5442e-03 -5.2524e-02  1.7158e+01  4.0913e-02  5.5502e-02 -1.7285e+01 -4.0042e-02 -5.5651e-02
-3.8750e+00     2.6658e+00  5.3363e-04  5.3893e-02 -1.4951e+01 -6.2493e-02 -1.2182e-01  1.7171e+01  4.0916e-02  5.5779e-02 -1.7362e+01 -4.0325e-02 -5.6376e-02
-3.8667e+00     4.8697e+00  9.5490e-04  9.5099e-02 -9.2817e+01 -6.1972e-01 -1.5380e-01  1.7203e+01  4.0922e-02  5.6398e-02 -1.7810e+01 -4.3163e-02 -5.7523e-02
-3.8583e+00     5.4103e+00  8.3917e-04  8.8096e-02 -3.1319e+00 -1.9618e-02 -8.9118e-03  1.7245e+01  4.0929e-02  5.7161e-02 -1.8209e+01 -4.5823e-02 -5.8199e-02
-3.8500e+00     6.6316e+00  9.4838e-04  1.0192e-01 -1.1264e+01 -3.9798e-02 -8.6569e-02  1.7296e+01  4.0937e-02  5.7951e-02 -1.8269e+01 -4.6070e-02 -5.8597e-02
-3.8417e+00     9.6895e+00  1.4744e-03  1.5410e-01 -1.4413e+01 -3.5151e-02 -1.3239e-01  1.7363e+01  4.0947e-02  5.9016e-02 -1.8376e+01 -4.6381e-02 -5.9507e-02
-3.8333e+00     1.2731e+01  2.0578e-03  1.9541e-01 -1.6378e+01 -2.2745e-02 -1.6818e-01  1.7457e+01  4.0961e-02  6.0470e-02 -1.8504e+01 -4.6622e-02 -6.0758e-02
-3.8250e+00     1.2923e+01  2.2844e-03  1.6460e-01 -1.2976e+01 -1.4731e-02 -1.0806e-01  1.7563e+01  4.0980e-02  6.1967e-02 -1.8626e+01 -4.6778e-02 -6.1907e-02
-3.8167e+00     1.1295e+01  2.3843e-03  1.1332e-01 -1.1365e+01 -1.1142e-02 -8.2238e-02  1.7664e+01  4.0999e-02  6.3123e-02 -1.8727e+01 -4.6886e-02 -6.2698e-02
-3.8083e+00     1.1684e+01  3.0409e-03  9.9844e-02 -1.1323e+01 -1.1285e-02 -7.4823e-02  1.7760e+01  4.1022e-02  6.4010e-02 -1.8822e+01 -4.6979e-02 -6.3352e-02
-3.8000e+00     1.2003e+01  3.8594e-03  9.1194e-02 -1.6980e+01 -1.8299e-02 -1.0337e-01  1.7858e+01  4.1050e-02  6.4805e-02 -1.8939e+01 -4.7102e-02 -6.4093e-02
-3.7917e+00     2.0843e+01  8.1424e-03  1.4367e-01 -1.0778e+01 -1.3206e-02 -6.5532e-02  1.7995e+01  4.1100e-02  6.5782e-02 -1.9055e+01 -4.7233e-02 -6.4796e-02
-3.7833e+00     7.5871e+00  3.1622e-03  5.1917e-02 -5.1281e+00 -6.9447e-03 -3.1173e-02  1.8113e+01  4.1147e-02  6.6595e-02 -1.9121e+01 -4.7317e-02 -6.5198e-02
-3.7750e+00     3.2713e+00  1.3394e-03  2.1320e-02 -2.1600e+00 -3.1253e-03 -1.3314e-02  1.8158e+01  4.1166e-02  6.6900e-02 -1.9151e+01 -4.7359e-02 -6.5383e-02
-3.7667e+00     6.3609e-01  2.4667e-04  3.3972e-03 -2.8304e-02 -5.0406e-05 -1.8467e-04  1.8175e+01  4.1172e-02  6.7003e-02 -1.9160e+01 -4.7372e-02 -6.5439e-02
-3.7583e+00     0.0000e+00  0.0000e+00  0.0000e+00 -0.0000e+00 -0.0000e+00 -0.0000e+00  1.8177e+01  4.1174e-02  6.7017e-02 -1.9160e+01 -4.7372e-02 -6.5440e-02
-3.7500e+00     0.0000e+00  0.0000e+00  0.0000e+00 -0.0000e+00 -0.0000e+00 -0.0000e+00  1.8177e+01  4.1174e-02  6.7017e-02 -1.9160e+01 -4.7372e-02 -6.5440e-02
-3.7417e+00     0.0000e+00  0.0000e+00  0.0000e+00 -0.0000e+00 -0.0000e+00 -0.0000e+00  1.8177e+01  4.1174e-02  6.7017e-02 -1.9160e+01 -4.7372e-02 -6.5440e-02
-3.7333e+00     0.0000e+00  0.0000e+00  0.0000e+00 -0.0000e+00 -0.0000e+00 -0.0000e+00  1.8177e+01  4.1174e-02  6.7017e-02 -1.9160e+01 -4.7372e-02 -6.5440e-02
-3.7250e+00     0.0000e+00  0.0000e+00  0.0000e+00 -0.0000e+00 -0.0000e+00 -0.0000e+00  1.8177e+01  4.1174e-02  6.7017e-02 -1.9160e+01 -4.7372e-02 -6.5440e-02
-3.7167e+00     0.0000e+00  0.0000e+00  0.0000e+00 -0.0000e+00 -0.0000e+00 -0.0000e+00  1.8177e+01  4.1174e-02  6.7017e-02 -1.9160e+01 -4.7372e-02 -6.5440e-02
-3.7083e+00     0.0000e+00  0.0000e+00  0.0000e+00 -0.0000e+00 -0.0000e+00 -0.0000e+00  1.8177e+01  4.1174e-02  6.7017e-02 -1.9160e+01 -4.7372e-02 -6.5440e-02
-3.7000e+00     0.0000e+00  0.0000e+00  0.0000e+00 -0.0000e+00 -0.0000e+00 -0.0000e+00  1.8177e+01  4.1174e-02  6.7017e-02 -1.9160e+01 -4.7372e-02 -6.5440e-02
-3.6917e+00     0.0000e+00  0.0000e+00  0.0000e+00 -0.0000e+00 -0.0000e+00 -0.0000e+00  1.8177e+01  4.1174e-02  6.7017e-02 -1.9160e+01 -4.7372e-02 -6.5440e-02
-3.6833e+00     0.0000e+00  0.0000e+00  0.0000e+00 -0.0000e+00 -0.0000e+00 -0.0000e+00  1.8177e+01  4.1174e-02  6.7017e-02 -1.9160e+01 -4.7372e-02 -6.5440e-02
-3.6750e+00     0.0000e+00  0.0000e+00  0.0000e+00 -0.0000e+00 -0.0000e+00 -0.0000e+00  1.8177e+01  4.1174e-02  6.7017e-02 -1.9160e+01 -4.7372e-02 -6.5440e-02
-3.6667e+00     0.0000e+00  0.0000e+00  0.0000e+00 -0.0000e+00 -0.0000e+00 -0.0000e+00  1.8177e+01  4.1174e-02  6.7017e-02 -1.9160e+01 -4.7372e-02 -6.5440e-02
-3.6583e+00     1.0310e+00  3.2513e-04  3.9605e-02 -1.7655e+00 -5.3674e-04 -7.5218e-02  1.8182e+01  4.1175e-02  6.7182e-02 -1.9168e+01 -4.7375e-02 -6.5753e-02
-3.6500e+00     4.0092e+00  1.2526e-03  1.5489e-01 -8.8957e+00 -2.3227e-03 -4.0304e-01  1.8203e+01  4.1181e-02  6.7991e-02 -1.9212e+01 -4.7386e-02 -6.7742e-02
-3.6417e+00     7.4446e+00  2.3073e-03  2.8902e-01 -1.0374e+01 -2.5237e-03 -4.6330e-01  1.8250e+01  4.1196e-02  6.9837e-02 -1.9292e+01 -4.7407e-02 -7.1346e-02
-3.6333e+00     2.0016e+01  5.7371e-03  8.6163e-01 -1.1312e+01 -2.8857e-03 -5.0158e-01  1.8364e+01  4.1230e-02  7.4624e-02 -1.9383e+01 -4.7429e-02 -7.5359e-02
-3.6250e+00     1.2448e+01  3.8033e-03  4.1784e-01 -9.9713e+00 -2.3929e-03 -3.9550e-01  1.8499e+01  4.1269e-02  7.9946e-02 -1.9471e+01 -4.7451e-02 -7.9091e-02
-3.6167e+00     1.1112e+01  3.1610e-03  3.7516e-01 -1.1561e+01 -2.7470e-03 -3.8113e-01  1.8597e+01  4.1298e-02  8.3245e-02 -1.9561e+01 -4.7472e-02 -8.2322e-02
-3.6083e+00     9.7724e+00  2.5800e-03  3.3104e-01 -1.0020e+01 -2.3797e-03 -3.3615e-01  1.8684e+01  4.1322e-02  8.6182e-02 -1.9650e+01 -4.7494e-02 -8.5305e-02
-3.6000e+00     8.4281e+00  2.0601e-03  2.8545e-01 -8.5026e+00 -2.0431e-03 -2.8554e-01  1.8760e+01  4.1342e-02  8.8747e-02 -1.9727e+01 -4.7512e-02 -8.7891e-02
-3.5917e+00     8.5830e+00  1.8325e-03  2.6468e-01 -7.8542e+00 -2.0483e-03 -2.5736e-01  1.8831e+01  4.1358e-02  9.1035e-02 -1.9796e+01 -4.7529e-02 -9.0150e-02
-3.5833e+00     1.2367e+01  2.0727e-03  2.9800e-01 -7.8464e+00 -2.4044e-03 -2.2267e-01  1.8918e+01  4.1374e-02  9.3376e-02 -1.9861e+01 -4.7548e-02 -9.2147e-02
-3.5750e+00     1.8328e+01  1.9179e-03  3.6002e-01 -8.0950e+00 -2.6174e-03 -1.9790e-01  1.9046e+01  4.1391e-02  9.6113e-02 -1.9927e+01 -4.7569e-02 -9.3896e-02
-3.5667e+00     4.8027e+00  3.7672e-04  8.1582e-02 -7.5978e+00 -2.4869e-03 -1.7704e-01  1.9142e+01  4.1400e-02  9.7950e-02 -1.9992e+01 -4.7590e-02 -9.5456e-02
-3.5583e+00     0.0000e+00  0.0000e+00  0.0000e+00 -1.3733e+01 -4.6775e-03 -2.5708e-01  1.9162e+01  4.1402e-02  9.8289e-02 -2.0081e+01 -4.7620e-02 -9.7261e-02
-3.5500e+00     0.0000e+00  0.0000e+00  0.0000e+00 -1.9634e-01 -6.6241e-05 -3.4974e-03  1.9162e+01  4.1402e-02  9.8289e-02 -2.0139e+01 -4.7639e-02 -9.8345e-02
-3.5417e+00     0.0000e+00  0.0000e+00  0.0000e+00 -0.0000e+00 -0.0000e+00 -0.0000e+00  1.9162e+01  4.1402e-02  9.8289e-02 -2.0140e+01 -4.7640e-02 -9.8360e-02
-3.5333e+00     0.0000e+00  0.0000e+00  0.0000e+00 -0.0000e+00 -0.0000e+00 -0.0000e+00  1.9162e+01  4.1402e-02  9.8289e-02 -2.0140e+01 -4.7640e-02 -9.8360e-02
-3.5250e+00     0.0000e+00  0.0000e+00  0.0000e+00 -1.5518e-01 -1.2417e-04 -4.6952e-03  1.9162e+01  4.1402e-02  9.8289e-02 -2.0141e+01 -4.7640e-02 -9.8379e-02
-3.5167e+00     0.0000e+00  0.0000e+00  0.0000e+00 -1.0683e+00 -8.3102e-04 -3.2744e-02  1.9162e+01  4.1402e-02  9.8289e-02 -2.0146e+01 -4.7644e-02 -9.8535e-02
-3.5083e+00     1.2327e-01  1.6920e-04  4.0067e-03 -2.1000e+00 -1.5739e-03 -6.5228e-02  1.9162e+01  4.1402e-02  9.8306e-02 -2.0159e+01 -4.7654e-02 -9.8943e-02
-3.5000e+00     1.4401e+00  1.8776e-03  4.7893e-02 -3.2501e+00 -2.3528e-03 -1.0215e-01  1.9169e+01  4.1411e-02  9.8522e-02 -2.0181e+01 -4.7671e-02 -9.9639e-02
-3.4917e+00     2.9390e+00  3.6326e-03  1.0001e-01 -4.5988e+00 -3.1025e-03 -1.6278e-01  1.9187e+01  4.1434e-02  9.9137e-02 -2.0214e+01 -4.7693e-02 -1.0074e-01
-3.4833e+00     4.7122e+00  5.3009e-03  1.7454e-01 -3.9756e+00 -2.3218e-03 -1.5475e-01  1.9219e+01  4.1471e-02  1.0028e-01 -2.0249e+01 -4.7716e-02 -1.0206e-01
-3.4750e+00     5.9360e+00  5.8531e-03  2.4485e-01 -4.6043e+00 -2.4130e-03 -1.7393e-01  1.9263e+01  4.1517e-02  1.0202e-01 -2.0285e+01 -4.7735e-02 -1.0343e-01
-3.4667e+00     6.1118e+00  5.2665e-03  2.5206e-01 -5.4818e+00 -2.6299e-03 -2.0148e-01  1.9313e+01  4.1564e-02  1.0409e-01 -2.0327e+01 -4.7756e-02 -1.0499e-01
-3.4583e+00     1.0899e+01  9.1939e-03  4.2045e-01 -7.4242e+00 -3.3176e-03 -2.8116e-01  1.9384e+01  4.1624e-02  1.0689e-01 -2.0381e+01 -4.7781e-02 -1.0700e-01
-3.4500e+00     9.0483e+00  7.8980e-03  3.1899e-01 -8.0682e+00 -3.5159e-03 -2.7381e-01  1.9467e+01  4.1695e-02  1.0996e-01 -2.0445e+01 -4.7810e-02 -1.0931e-01
-3.4417e+00     8.3293e+00  7.3863e-03  3.0736e-01 -9.3701e+00 -4.0456e-03 -3.0763e-01  1.9539e+01  4.1758e-02  1.1257e-01 -2.0518e+01 -4.7841e-02 -1.1173e-01
-3.4333e+00     6.1905e+00  5.5684e-03  2.4982e-01 -7.7953e+00 -3.5703e-03 -2.6121e-01  1.9600e+01  4.1812e-02  1.1489e-01 -2.0589e+01 -4.7873e-02 -1.1409e-01
-3.4250e+00     5.2244e+00  4.7837e-03  2.2428e-01 -5.8493e+00 -2.9582e-03 -1.9994e-01  1.9647e+01  4.1855e-02  1.1686e-01 -2.0646e+01 -4.7900e-02 -1.1601e-01
-3.4167e+00     5.1912e+00  4.7531e-03  2.2712e-01 -6.7687e+00 -3.8466e-03 -2.1731e-01  1.9690e+01  4.1895e-02  1.1874e-01 -2.0698e+01 -4.7928e-02 -1.1775e-01
-3.4083e+00     5.2026e+00  4.7615e-03  2.3169e-01 -9.0256e+00 -5.2981e-03 -2.4554e-01  1.9734e+01  4.1935e-02  1.2065e-01 -2.0764e+01 -4.7966e-02 -1.1967e-01
-3.4000e+00     5.7690e+00  5.4423e-03  2.5841e-01 -1.2454e+01 -7.1250e-03 -2.7250e-01  1.9779e+01  4.1977e-02  1.2268e-01 -2.0853e+01 -4.8018e-02 -1.2183e-01
-3.3917e+00     6.8034e+00  6.3475e-03  2.9996e-01 -9.0964e+00 -5.9443e-03 -1.9162e-01  1.9832e+01  4.2026e-02  1.2501e-01 -2.0943e+01 -4.8072e-02 -1.2376e-01
-3.3833e+00     9.0181e+00  7.9159e-03  3.6729e-01 -1.2224e+01 -8.1429e-03 -1.5576e-01  1.9897e+01  4.2085e-02  1.2778e-01 -2.1032e+01 -4.8131e-02 -1.2520e-01
-3.3750e+00     1.3829e+01  1.2380e-02  5.0236e-01 -4.8444e+00 -3.0059e-03 -7.2470e-02  1.9993e+01  4.2170e-02  1.3140e-01 -2.1103e+01 -4.8177e-02 -1.2615e-01
-3.3667e+00     5.0109e+00  3.9183e-03  2.0863e-01 -3.6200e+00 -1.5061e-03 -9.9825e-02  2.0071e+01  4.2238e-02  1.3436e-01 -2.1138e+01 -4.8196e-02 -1.2687e-01
-3.3583e+00     3.7885e+00  2.6717e-03  1.6174e-01 -1.1227e+01 -4.4501e-03 -3.1822e-01  2.0107e+01  4.2265e-02  1.3590e-01 -2.1200e+01 -4.8221e-02 -1.2861e-01
-3.3500e+00     2.5927e+00  1.5305e-03  1.1247e-01 -3.5299e+01 -1.9361e-02 -7.9492e-01  2.0134e+01  4.2283e-02  1.3704e-01 -2.1393e+01 -4.8320e-02 -1.3324e-01
-3.3417e+00     1.0863e+01  8.2626e-03  2.4151e-01 -3.4023e+01 -2.1487e-02 -6.8860e-01  2.0190e+01  4.2323e-02  1.3851e-01 -2.1682e+01 -4.8490e-02 -1.3941e-01
-3.3333e+00     1.2819e+01  1.4683e-02  2.7934e-01 -1.9830e+01 -1.2127e-02 -4.4739e-01  2.0289e+01  4.2419e-02  1.4068e-01 -2.1906e+01 -4.8630e-02 -1.4413e-01
-3.3250e+00     1.3085e+01  1.9843e-02  2.4200e-01 -9.1020e+00 -5.0392e-03 -2.6753e-01  2.0396e+01  4.2562e-02  1.4285e-01 -2.2026e+01 -4.8701e-02 -1.4711e-01
-3.3167e+00     1.8474e+01  3.7858e-02  3.1993e-01 -3.1750e+00 -3.3014e-03 -1.5338e-02  2.0528e+01  4.2802e-02  1.4518e-01 -2.2077e+01 -4.8736e-02 -1.4828e-01
-3.3083e+00     1.8505e+01  4.5656e-02  2.5428e-01 -9.1109e+00 -8.0592e-03 -7.7753e-02  2.0681e+01  4.3150e-02  1.4757e-01 -2.2128e+01 -4.8783e-02 -1.4867e-01
-3.3000e+00     2.7545e+01  9.3767e-02  2.1844e-01 -8.4234e+00 -7.4715e-03 -6.0055e-02  2.0873e+01  4.3730e-02  1.4954e-01 -2.2201e+01 -4.8848e-02 -1.4924e-01
-3.2917e+00     3.4364e+01  1.2645e-01  3.3283e-01 -7.1326e+00 -5.4878e-03 -7.9412e-02  2.1130e+01  4.4646e-02  1.5183e-01 -2.2266e+01 -4.8901e-02 -1.4982e-01
-3.2833e+00     1.8460e+01  7.3541e-02  2.1337e-01 -5.9575e+00 -2.5337e-03 -1.0329e-01  2.1350e+01  4.5478e-02  1.5410e-01 -2.2320e+01 -4.8935e-02 -1.5058e-01
-3.2750e+00     1.5550e+01  4.5384e-02  2.1647e-01 -6.9447e+00 -3.0372e-03 -1.1723e-01  2.1492e+01  4.5972e-02  1.5589e-01 -2.2374e+01 -4.8958e-02 -1.5150e-01
-3.2667e+00     2.1416e+01  4.3222e-02  4.1613e-01 -7.8454e+00 -3.5879e-03 -1.3166e-01  2.1645e+01  4.6341e-02  1.5852e-01 -2.2435e+01 -4.8986e-02 -1.5254e-01
-3.2583e+00     1.4129e+01  2.5259e-02  1.8777e-01 -8.6676e+00 -4.1606e-03 -1.4701e-01  2.1793e+01  4.6626e-02  1.6104e-01 -2.2504e+01 -4.9018e-02 -1.5370e-01
-3.2500e+00     1.1635e+01  1.5620e-02  1.2996e-01 -1.1883e+01 -5.2562e-03 -3.0348e-01  2.1900e+01  4.6796e-02  1.6236e-01 -2.2590e+01 -4.9057e-02 -1.5557e-01
-3.2417e+00     1.0335e+01  7.4694e-03  1.0482e-01 -1.4723e+01 -6.5752e-03 -2.1360e-01  2.1992e+01  4.6892e-02  1.6333e-01 -2.2700e+01 -4.9106e-02 -1.5772e-01
-3.2333e+00     6.8583e+00  3.6585e-03  6.4194e-02 -1.5796e+01 -5.5237e-03 -2.2299e-01  2.2063e+01  4.6938e-02  1.6404e-01 -2.2827e+01 -4.9157e-02 -1.5954e-01
-3.2250e+00     9.5149e-01  4.7499e-04  8.6046e-03 -1.2836e+01 -3.9072e-03 -1.5880e-01  2.2096e+01  4.6955e-02  1.6434e-01 -2.2946e+01 -4.9196e-02 -1.6113e-01
-3.2167e+00     0.0000e+00  0.0000e+00  0.0000e+00 -7.9894e+00 -1.6955e-03 -9.8865e-02  2.2100e+01  4.6957e-02  1.6438e-01 -2.3033e+01 -4.9219e-02 -1.6220e-01
-3.2083e+00     0.0000e+00  0.0000e+00  0.0000e+00 -3.1678e-01 -4.9182e-05 -4.0047e-03  2.2100e+01  4.6957e-02  1.6438e-01 -2.3068e+01 -4.9226e-02 -1.6263e-01
-3.2000e+00     0.0000e+00  0.0000e+00  0.0000e+00 -0.0000e+00 -0.0000e+00 -0.0000e+00  2.2100e+01  4.6957e-02  1.6438e-01 -2.3069e+01 -4.9227e-02 -1.6264e-01
-3.1917e+00     0.0000e+00  0.0000e+00  0.0000e+00 -0.0000e+00 -0.0000e+00 -0.0000e+00  2.2100e+01  4.6957e-02  1.6438e-01 -2.3069e+01 -4.9227e-02 -1.6264e-01
-3.1833e+00     3.3254e-01  1.6363e-03  7.6671e-04 -0.0000e+00 -0.0000e+00 -0.0000e+00  2.2101e+01  4.6964e-02  1.6438e-01 -2.3069e+01 -4.9227e-02 -1.6264e-01
-3.1750e+00     7.7327e+00  3.8500e-02  1.7931e-02 -0.0000e+00 -0.0000e+00 -0.0000e+00  2.2135e+01  4.7131e-02  1.6446e-01 -2.3069e+01 -4.9227e-02 -1.6264e-01
-3.1667e+00     1.5072e+01  7.2093e-02  3.4280e-02 -0.0000e+00 -0.0000e+00 -0.0000e+00  2.2230e+01  4.7591e-02  1.6467e-01 -2.3069e+01 -4.9227e-02 -1.6264e-01
-3.1583e+00     1.8810e+01  1.0160e-01  4.9695e-02 -0.0000e+00 -0.0000e+00 -0.0000e+00  2.2371e+01  4.8314e-02  1.6502e-01 -2.3069e+01 -4.9227e-02 -1.6264e-01
-3.1500e+00     2.4722e+01  1.5613e-01  7.0390e-02 -0.0000e+00 -0.0000e+00 -0.0000e+00  2.2552e+01  4.9386e-02  1.6552e-01 -2.3069e+01 -4.9227e-02 -1.6264e-01
-3.1417e+00     1.5098e+01  1.0248e-01  5.7349e-02 -0.0000e+00 -0.0000e+00 -0.0000e+00  2.2717e+01  5.0462e-02  1.6605e-01 -2.3069e+01 -4.9227e-02 -1.6264e-01
-3.1333e+00     1.3292e+01  9.5875e-02  5.9314e-02 -0.0000e+00 -0.0000e+00 -0.0000e+00  2.2835e+01  5.1287e-02  1.6654e-01 -2.3069e+01 -4.9227e-02 -1.6264e-01
-3.1250e+00     1.5800e+01  1.1817e-01  8.9542e-02 -0.0000e+00 -0.0000e+00 -0.0000e+00  2.2956e+01  5.2177e-02  1.6716e-01 -2.3069e+01 -4.9227e-02 -1.6264e-01
-3.1167e+00     1.2556e+01  9.5040e-02  8.6865e-02 -0.0000e+00 -0.0000e+00 -0.0000e+00  2.3074e+01  5.3064e-02  1.6789e-01 -2.3069e+01 -4.9227e-02 -1.6264e-01
-3.1083e+00     0.0000e+00  0.0000e+00  0.0000e+00 -0.0000e+00 -0.0000e+00 -0.0000e+00  2.3127e+01  5.3459e-02  1.6825e-01 -2.3069e+01 -4.9227e-02 -1.6264e-01
-3.1000e+00     0.0000e+00  0.0000e+00  0.0000e+00 -0.0000e+00 -0.0000e+00 -0.0000e+00  2.3127e+01  5.3459e-02  1.6825e-01 -2.3069e+01 -4.9227e-02 -1.6264e-01
-3.0917e+00     0.0000e+00  0.0000e+00  0.0000e+00 -0.0000e+00 -0.0000e+00 -0.0000e+00  2.3127e+01  5.3459e-02  1.6825e-01 -2.3069e+01 -4.9227e-02 -1.6264e-01
-3.0833e+00     0.0000e+00  0.0000e+00  0.0000e+00 -0.0000e+00 -0.0000e+00 -0.0000e+00  2.3127e+01  5.3459e-02  1.6825e-01 -2.3069e+01 -4.9227e-02 -1.6264e-01
-3.0750e+00     0.0000e+00  0.0000e+00  0.0000e+00 -0.0000e+00 -0.0000e+00 -0.0000e+00  2.3127e+01  5.3459e-02  1.6825e-01 -2.3069e+01 -4.9227e-02 -1.6264e-01
-3.0667e+00     0.0000e+00  0.0000e+00  0.0000e+00 -0.0000e+00 -0.0000e+00 -0.0000e+00  2.3127e+01  5.3459e-02  1.6825e-01 -2.3069e+01 -4.9227e-02 -1.6264e-01
-3.0583e+00     0.0000e+00  0.0000e+00  0.0000e+00 -0.0000e+00 -0.0000e+00 -0.0000e+00  2.3127e+01  5.3459e-02  1.6825e-01 -2.3069e+01 -4.9227e-02 -1.6264e-01
-3.0500e+00     0.0000e+00  0.0000e+00  0.0000e+00 -0.0000e+00 -0.0000e+00 -0.0000e+00  2.3127e+01  5.3459e-02  1.6825e-01 -2.3069e+01 -4.9227e-02 -1.6264e-01
-3.0417e+00     0.0000e+00  0.0000e+00  0.0000e+00 -0.0000e+00 -0.0000e+00 -0.0000e+00  2.3127e+01  5.3459e-02  1.6825e-01 -2.3069e+01 -4.9227e-02 -1.6264e-01
-3.0333e+00     0.0000e+00  0.0000e+00  0.0000e+00 -0.0000e+00 -0.0000e+00 -0.0000e+00  2.3127e+01  5.3459e-02  1.6825e-01 -2.3069e+01 -4.9227e-02 -1.6264e-01
-3.0250e+00     1.0017e+00  2.0030e-03  9.8214e-03 -9.9554e+00 -2.8557e-03 -2.1303e-01  2.3131e+01  5.3468e-02  1.6829e-01 -2.3110e+01 -4.9238e-02 -1.6353e-01
-3.0167e+00     4.1941e+00  9.2421e-03  4.0130e-02 -1.0333e+01 -3.2774e-03 -2.2254e-01  2.3152e+01  5.3514e-02  1.6850e-01 -2.3195e+01 -4.9264e-02 -1.6534e-01
-3.0083e+00     6.4616e+00  1.4803e-02  6.1502e-02 -1.1474e+01 -3.8711e-03 -2.4475e-01  2.3197e+01  5.3614e-02  1.6893e-01 -2.3285e+01 -4.9294e-02 -1.6728e-01
-3.0000e+00     5.2717e+00  1.0867e-02  5.2754e-02 -1.4760e+01 -5.5660e-03 -3.0536e-01  2.3245e+01  5.3721e-02  1.6940e-01 -2.3394e+01 -4.9333e-02 -1.6957e-01
-2.9917e+00     6.2360e+00  1.3784e-02  6.1803e-02 -2.4416e+01 -9.6425e-03 -4.9252e-01  2.3293e+01  5.3824e-02  1.6988e-01 -2.3557e+01 -4.9396e-02 -1.7289e-01
-2.9833e+00     7.2939e+00  1.6846e-02  7.1591e-02 -3.1025e+01 -1.4928e-02 -5.7879e-01  2.3350e+01  5.3951e-02  1.7043e-01 -2.3788e+01 -4.9498e-02 -1.7735e-01
-2.9750e+00     1.0083e+01  2.2715e-02  9.7306e-02 -1.0409e+00 -4.9480e-04 -1.8620e-02  2.3422e+01  5.4116e-02  1.7113e-01 -2.3921e+01 -4.9563e-02 -1.7983e-01
-2.9667e+00     1.2290e+01  2.8264e-02  1.1819e-01 -0.0000e+00 -0.0000e+00 -0.0000e+00  2.3515e+01  5.4328e-02  1.7203e-01 -2.3926e+01 -4.9565e-02 -1.7991e-01
-2.9583e+00     1.2876e+01  3.0842e-02  1.3207e-01 -0.0000e+00 -0.0000e+00 -0.0000e+00  2.3620e+01  5.4574e-02  1.7307e-01 -2.3926e+01 -4.9565e-02 -1.7991e-01
-2.9500e+00     1.5282e+01  3.8728e-02  1.6052e-01 -0.0000e+00 -0.0000e+00 -0.0000e+00  2.3737e+01  5.4863e-02  1.7429e-01 -2.3926e+01 -4.9565e-02 -1.7991e-01
-2.9417e+00     2.7514e+01  6.9759e-02  2.9938e-01 -0.0000e+00 -0.0000e+00 -0.0000e+00  2.3915e+01  5.5314e-02  1.7620e-01 -2.3926e+01 -4.9565e-02 -1.7991e-01
-2.9333e+00     8.8344e+00  3.1652e-02  6.6313e-02 -0.0000e+00 -0.0000e+00 -0.0000e+00  2.4066e+01  5.5736e-02  1.7772e-01 -2.3926e+01 -4.9565e-02 -1.7991e-01
-2.9250e+00     6.1419e+00  3.1442e-02  2.9747e-02 -0.0000e+00 -0.0000e+00 -0.0000e+00  2.4128e+01  5.5999e-02  1.7812e-01 -2.3926e+01 -4.9565e-02 -1.7991e-01
-2.9167e+00     2.1610e+00  1.0906e-02  1.0250e-02 -0.0000e+00 -0.0000e+00 -0.0000e+00  2.4163e+01  5.6175e-02  1.7829e-01 -2.3926e+01 -4.9565e-02 -1.7991e-01
-2.9083e+00     0.0000e+00  0.0000e+00  0.0000e+00 -0.0000e+00 -0.0000e+00 -0.0000e+00  2.4172e+01  5.6220e-02  1.7833e-01 -2.3926e+01 -4.9565e-02 -1.7991e-01
-2.9000e+00     1.9542e+00  2.0790e-03  2.1102e-02 -0.0000e+00 -0.0000e+00 -0.0000e+00  2.4180e+01  5.6229e-02  1.7842e-01 -2.3926e+01 -4.9565e-02 -1.7991e-01
-2.8917e+00     9.2887e+00  9.6165e-03  9.8966e-02 -0.0000e+00 -0.0000e+00 -0.0000e+00  2.4227e+01  5.6277e-02  1.7892e-01 -2.3926e+01 -4.9565e-02 -1.7991e-01
-2.8833e+00     3.0659e+01  4.2652e-02  3.0153e-01 -0.0000e+00 -0.0000e+00 -0.0000e+00  2.4393e+01  5.6495e-02  1.8058e-01 -2.3926e+01 -4.9565e-02 -1.7991e-01
-2.8750e+00     6.2195e+01  9.7238e-02  5.3441e-01 -0.0000e+00 -0.0000e+00 -0.0000e+00  2.4779e+01  5.7077e-02  1.8406e-01 -2.3926e+01 -4.9565e-02 -1.7991e-01
-2.8667e+00     1.6197e+01  2.0709e-02  1.6016e-01 -0.0000e+00 -0.0000e+00 -0.0000e+00  2.5105e+01  5.7567e-02  1.8695e-01 -2.3926e+01 -4.9565e-02 -1.7991e-01
-2.8583e+00     6.7428e+00  8.9486e-03  6.6712e-02 -0.0000e+00 -0.0000e+00 -0.0000e+00  2.5201e+01  5.7691e-02  1.8790e-01 -2.3926e+01 -4.9565e-02 -1.7991e-01
-2.8500e+00     0.0000e+00  0.0000e+00  0.0000e+00 -0.0000e+00 -0.0000e+00 -0.0000e+00  2.5229e+01  5.7728e-02  1.8817e-01 -2.3926e+01 -4.9565e-02 -1.7991e-01
-2.8417e+00     0.0000e+00  0.0000e+00  0.0000e+00 -0.0000e+00 -0.0000e+00 -0.0000e+00  2.5229e+01  5.7728e-02  1.8817e-01 -2.3926e+01 -4.9565e-02 -1.7991e-01
-2.8333e+00     0.0000e+00  0.0000e+00  0.0000e+00 -0.0000e+00 -0.0000e+00 -0.0000e+00  2.5229e+01  5.7728e-02  1.8817e-01 -2.3926e+01 -4.9565e-02 -1.7991e-01
-2.8250e+00     0.0000e+00  0.0000e+00  0.0000e+00 -0.0000e+00 -0.0000e+00 -0.0000e+00  2.5229e+01  5.7728e-02  1.8817e-01 -2.3926e+01 -4.9565e-02 -1.7991e-01
-2.8167e+00     0.0000e+00  0.0000e+00  0.0000e+00 -0.0000e+00 -0.0000e+00 -0.0000e+00  2.5229e+01  5.7728e-02  1.8817e-01 -2.3926e+01 -4.9565e-02 -1.7991e-01
-2.8083e+00     0.0000e+00  0.0000e+00  0.0000e+00 -0.0000e+00 -0.0000e+00 -0.0000e+00  2.5229e+01  5.7728e-02  1.8817e-01 -2.3926e+01 -4.9565e-02 -1.7991e-01
-2.8000e+00     0.0000e+00  0.0000e+00  0.0000e+00 -0.0000e+00 -0.0000e+00 -0.0000e+00  2.5229e+01  5.7728e-02  1.8817e-01 -2.3926e+01 -4.9565e-02 -1.7991e-01
-2.7917e+00     0.0000e+00  0.0000e+00  0.0000e+00 -0.0000e+00 -0.0000e+00 -0.0000e+00  2.5229e+01  5.7728e-02  1.8817e-01 -2.3926e+01 -4.9565e-02 -1.7991e-01
-2.7833e+00     0.0000e+00  0.0000e+00  0.0000e+00 -0.0000e+00 -0.0000e+00 -0.0000e+00  2.5229e+01  5.7728e-02  1.8817e-01 -2.3926e+01 -4.9565e-02 -1.7991e-01
-2.7750e+00     0.0000e+00  0.0000e+00  0.0000e+00 -0.0000e+00 -0.0000e+00 -0.0000e+00  2.5229e+01  5.7728e-02  1.8817e-01 -2.3926e+01 -4.9565e-02 -1.7991e-01
-2.7667e+00     0.0000e+00  0.0000e+00  0.0000e+00 -0.0000e+00 -0.0000e+00 -0.0000e+00  2.5229e+01  5.7728e-02  1.8817e-01 -2.3926e+01 -4.9565e-02 -1.7991e-01
-2.7583e+00     0.0000e+00  0.0000e+00  0.0000e+00 -0.0000e+00 -0.0000e+00 -0.0000e+00  2.5229e+01  5.7728e-02  1.8817e-01 -2.3926e+01 -4.9565e-02 -1.7991e-01
-2.7500e+00     0.0000e+00  0.0000e+00  0.0000e+00 -0.0000e+00 -0.0000e+00 -0.0000e+00  2.5229e+01  5.7728e-02  1.8817e-01 -2.3926e+01 -4.9565e-02 -1.7991e-01
-2.7417e+00     0.0000e+00  0.0000e+00  0.0000e+00 -0.0000e+00 -0.0000e+00 -0.0000e+00  2.5229e+01  5.7728e-02  1.8817e-01 -2.3926e+01 -4.9565e-02 -1.7991e-01
-2.7333e+00     0.0000e+00  0.0000e+00  0.0000e+00 -0.0000e+00 -0.0000e+00 -0.0000e+00  2.5229e+01  5.7728e-02  1.8817e-01 -2.3926e+01 -4.9565e-02 -1.7991e-01
-2.7250e+00     0.0000e+00  0.0000e+00  0.0000e+00 -0.0000e+00 -0.0000e+00 -0.0000e+00  2.5229e+01  5.7728e-02  1.8817e-01 -2.3926e+01 -4.9565e-02 -1.7991e-01
-2.7167e+00     0.0000e+00  0.0000e+00  0.0000e+00 -0.0000e+00 -0.0000e+00 -0.0000e+00  2.5229e+01  5.7728e-02  1.8817e-01 -2.3926e+01 -4.9565e-02 -1.7991e-01
-2.7083e+00     0.0000e+00  0.0000e+00  0.0000e+00 -0.0000e+00 -0.0000e+00 -0.0000e+00  2.5229e+01  5.7728e-02  1.8817e-01 -2.3926e+01 -4.9565e-02 -1.7991e-01
-2.7000e+00     0.0000e+00  0.0000e+00  0.0000e+00 -0.0000e+00 -0.0000e+00 -0.0000e+00  2.5229e+01  5.7728e-02  1.8817e-01 -2.3926e+01 -4.9565e-02 -1.7991e-01
-2.6917e+00     0.0000e+00  0.0000e+00  0.0000e+00 -0.0000e+00 -0.0000e+00 -0.0000e+00  2.5229e+01  5.7728e-02  1.8817e-01 -2.3926e+01 -4.9565e-02 -1.7991e-01
-2.6833e+00     0.0000e+00  0.0000e+00  0.0000e+00 -0.0000e+00 -0.0000e+00 -0.0000e+00  2.5229e+01  5.7728e-02  1.8817e-01 -2.3926e+01 -4.9565e-02 -1.7991e-01
-2.6750e+00     0.0000e+00  0.0000e+00  0.0000e+00 -9.6743e-01 -7.0314e-03 -3.2080e-03  2.5229e+01  5.7728e-02  1.8817e-01 -2.3930e+01 -4.9594e-02 -1.7992e-01
-2.6667e+00     0.0000e+00  0.0000e+00  0.0000e+00 -9.4522e+00 -6.7504e-02 -3.1497e-02  2.5229e+01  5.7728e-02  1.8817e-01 -2.3973e+01 -4.9904e-02 -1.8007e-01
-2.6583e+00     0.0000e+00  0.0000e+00  0.0000e+00 -2.0129e+01 -1.2901e-01 -6.6098e-02  2.5229e+01  5.7728e-02  1.8817e-01 -2.4096e+01 -5.0721e-02 -1.8047e-01
-2.6500e+00     0.0000e+00  0.0000e+00  0.0000e+00 -1.5920e+01 -9.0069e-02 -5.1520e-02  2.5229e+01  5.7728e-02  1.8817e-01 -2.4246e+01 -5.1633e-02 -1.8096e-01
-2.6417e+00     0.0000e+00  0.0000e+00  0.0000e+00 -1.5313e+01 -8.0720e-02 -4.5736e-02  2.5229e+01  5.7728e-02  1.8817e-01 -2.4376e+01 -5.2343e-02 -1.8137e-01
-2.6333e+00     0.0000e+00  0.0000e+00  0.0000e+00 -1.8916e+01 -8.1367e-02 -5.3552e-02  2.5229e+01  5.7728e-02  1.8817e-01 -2.4518e+01 -5.3017e-02 -1.8178e-01
-2.6250e+00     0.0000e+00  0.0000e+00  0.0000e+00 -1.4694e+01 -6.1357e-02 -4.4293e-02  2.5229e+01  5.7728e-02  1.8817e-01 -2.4658e+01 -5.3611e-02 -1.8219e-01
-2.6167e+00     0.0000e+00  0.0000e+00  0.0000e+00 -1.1276e+01 -5.5817e-02 -3.6757e-02  2.5229e+01  5.7728e-02  1.8817e-01 -2.4766e+01 -5.4098e-02 -1.8252e-01
-2.6083e+00     0.0000e+00  0.0000e+00  0.0000e+00 -0.0000e+00 -0.0000e+00 -0.0000e+00  2.5229e+01  5.7728e-02  1.8817e-01 -2.4813e+01 -5.4331e-02 -1.8268e-01
-2.6000e+00     0.0000e+00  0.0000e+00  0.0000e+00 -1.5274e+00 -4.5121e-03 -2.3161e-03  2.5229e+01  5.7728e-02  1.8817e-01 -2.4820e+01 -5.4349e-02 -1.8269e-01
-2.5917e+00     0.0000e+00  0.0000e+00  0.0000e+00 -8.5410e+00 -2.7878e-02 -1.2796e-02  2.5229e+01  5.7728e-02  1.8817e-01 -2.4861e+01 -5.4484e-02 -1.8275e-01
-2.5833e+00     0.0000e+00  0.0000e+00  0.0000e+00 -1.0251e+01 -3.5149e-02 -1.7418e-02  2.5229e+01  5.7728e-02  1.8817e-01 -2.4940e+01 -5.4746e-02 -1.8288e-01
-2.5750e+00     0.0000e+00  0.0000e+00  0.0000e+00 -1.6766e+01 -6.3381e-02 -3.4941e-02  2.5229e+01  5.7728e-02  1.8817e-01 -2.5052e+01 -5.5156e-02 -1.8309e-01
-2.5667e+00     0.0000e+00  0.0000e+00  0.0000e+00 -1.5071e+01 -6.2995e-02 -3.1065e-02  2.5229e+01  5.7728e-02  1.8817e-01 -2.5184e+01 -5.5682e-02 -1.8337e-01
-2.5583e+00     0.0000e+00  0.0000e+00  0.0000e+00 -1.5064e+01 -7.5073e-02 -2.9317e-02  2.5229e+01  5.7728e-02  1.8817e-01 -2.5310e+01 -5.6256e-02 -1.8362e-01
-2.5500e+00     0.0000e+00  0.0000e+00  0.0000e+00 -1.1303e+01 -6.4098e-02 -2.2190e-02  2.5229e+01  5.7728e-02  1.8817e-01 -2.5419e+01 -5.6835e-02 -1.8383e-01
-2.5417e+00     0.0000e+00  0.0000e+00  0.0000e+00 -6.2961e+00 -4.6045e-02 -1.0816e-02  2.5229e+01  5.7728e-02  1.8817e-01 -2.5493e+01 -5.7293e-02 -1.8397e-01
-2.5333e+00     0.0000e+00  0.0000e+00  0.0000e+00 -5.3030e+00 -4.1217e-02 -8.6485e-03  2.5229e+01  5.7728e-02  1.8817e-01 -2.5541e+01 -5.7656e-02 -1.8405e-01
-2.5250e+00     0.0000e+00  0.0000e+00  0.0000e+00 -4.8987e+00 -3.9114e-02 -7.8377e-03  2.5229e+01  5.7728e-02  1.8817e-01 -2.5583e+01 -5.7990e-02 -1.8412e-01
-2.5167e+00     0.0000e+00  0.0000e+00  0.0000e+00 -4.4680e+00 -3.6693e-02 -6.9662e-03  2.5229e+01  5.7728e-02  1.8817e-01 -2.5622e+01 -5.8306e-02 -1.8418e-01
-2.5083e+00     0.0000e+00  0.0000e+00  0.0000e+00 -4.0110e+00 -3.3953e-02 -6.0341e-03  2.5229e+01  5.7728e-02  1.8817e-01 -2.5658e+01 -5.8600e-02 -1.8424e-01
-2.5000e+00     0.0000e+00  0.0000e+00  0.0000e+00 -3.5275e+00 -3.0894e-02 -5.0412e-03  2.5229e+01  5.7728e-02  1.8817e-01 -2.5689e+01 -5.8869e-02 -1.8428e-01
-2.4917e+00     0.0000e+00  0.0000e+00  0.0000e+00 -4.3938e+00 -4.2965e-02 -5.8544e-03  2.5229e+01  5.7728e-02  1.8817e-01 -2.5722e+01 -5.9177e-02 -1.8433e-01
-2.4833e+00     0.0000e+00  0.0000e+00  0.0000e+00 -3.6221e+00 -3.7307e-02 -4.9729e-03  2.5229e+01  5.7728e-02  1.8817e-01 -2.5755e+01 -5.9510e-02 -1.8437e-01
-2.4750e+00     0.0000e+00  0.0000e+00  0.0000e+00 -2.3273e+00 -2.4091e-02 -3.2205e-03  2.5229e+01  5.7728e-02  1.8817e-01 -2.5780e+01 -5.9766e-02 -1.8441e-01
-2.4667e+00     0.0000e+00  0.0000e+00  0.0000e+00 -1.1664e+00 -1.2141e-02 -1.6281e-03  2.5229e+01  5.7728e-02  1.8817e-01 -2.5795e+01 -5.9917e-02 -1.8443e-01
-2.4583e+00     0.0000e+00  0.0000e+00  0.0000e+00 -1.3924e-01 -1.4582e-03 -1.9549e-04  2.5229e+01  5.7728e-02  1.8817e-01 -2.5800e+01 -5.9973e-02 -1.8443e-01
-2.4500e+00     0.0000e+00  0.0000e+00  0.0000e+00 -0.0000e+00 -0.0000e+00 -0.0000e+00  2.5229e+01  5.7728e-02  1.8817e-01 -2.5801e+01 -5.9979e-02 -1.8443e-01
-2.4417e+00     0.0000e+00  0.0000e+00  0.0000e+00 -7.0156e+00 -1.8708e-02 -1.7717e-01  2.5229e+01  5.7728e-02  1.8817e-01 -2.5830e+01 -6.0057e-02 -1.8517e-01
-2.4333e+00     0.0000e+00  0.0000e+00  0.0000e+00 -1.3882e+01 -4.2931e-02 -3.0703e-01  2.5229e+01  5.7728e-02  1.8817e-01 -2.5917e+01 -6.0313e-02 -1.8719e-01
-2.4250e+00     5.3962e+00  7.6498e-03  1.5888e-01 -1.1484e+01 -3.7107e-02 -2.4086e-01  2.5251e+01  5.7760e-02  1.8883e-01 -2.6022e+01 -6.0646e-02 -1.8947e-01
-2.4167e+00     1.5482e+01  1.9173e-02  3.6637e-01 -1.2839e+01 -4.4633e-02 -2.1661e-01  2.5338e+01  5.7871e-02  1.9102e-01 -2.6123e+01 -6.0986e-02 -1.9137e-01
-2.4083e+00     2.3575e+01  2.2728e-02  4.8241e-01 -1.2629e+01 -4.7230e-02 -2.1809e-01  2.5500e+01  5.8046e-02  1.9455e-01 -2.6229e+01 -6.1369e-02 -1.9318e-01
-2.4000e+00     1.9430e+01  2.3013e-02  4.6414e-01 -1.1362e+01 -4.5705e-02 -1.9952e-01  2.5679e+01  5.8236e-02  1.9849e-01 -2.6329e+01 -6.1755e-02 -1.9491e-01
-2.3917e+00     1.9875e+01  2.9521e-02  5.3838e-01 -9.2834e+00 -3.9835e-02 -1.7381e-01  2.5843e+01  5.8454e-02  2.0266e-01 -2.6415e+01 -6.2111e-02 -1.9647e-01
-2.3833e+00     1.0863e+01  1.3102e-02  2.9004e-01 -6.5903e+00 -2.7481e-02 -1.3866e-01  2.5971e+01  5.8632e-02  2.0610e-01 -2.6481e+01 -6.2391e-02 -1.9777e-01
-2.3750e+00     9.3198e+00  1.0620e-02  2.4426e-01 -5.9926e+00 -2.3917e-02 -1.2748e-01  2.6055e+01  5.8730e-02  2.0833e-01 -2.6533e+01 -6.2605e-02 -1.9887e-01
-2.3667e+00     7.4590e+00  8.2468e-03  1.8933e-01 -5.4494e+00 -2.1926e-02 -1.1237e-01  2.6124e+01  5.8809e-02  2.1013e-01 -2.6581e+01 -6.2795e-02 -1.9987e-01
-2.3583e+00     5.9707e+00  6.3134e-03  1.5013e-01 -4.8832e+00 -1.9899e-02 -9.7554e-02  2.6180e+01  5.8870e-02  2.1154e-01 -2.6624e+01 -6.2969e-02 -2.0074e-01
-2.3500e+00     2.5380e+00  2.6397e-03  6.1674e-02 -4.2957e+00 -1.7835e-02 -8.3132e-02  2.6216e+01  5.8907e-02  2.1242e-01 -2.6662e+01 -6.3126e-02 -2.0150e-01
-2.3417e+00     3.5412e-01  7.0679e-04  2.3267e-02 -4.1936e+00 -1.5980e-02 -8.6512e-02  2.6228e+01  5.8921e-02  2.1278e-01 -2.6697e+01 -6.3267e-02 -2.0220e-01
-2.3333e+00     6.2462e+00  1.3047e-02  4.2380e-01 -7.1745e+00 -2.1833e-02 -1.9667e-01  2.6255e+01  5.8978e-02  2.1464e-01 -2.6745e+01 -6.3424e-02 -2.0338e-01
-2.3250e+00     5.9082e+00  1.1537e-02  3.9810e-01 -2.1175e+01 -5.9317e-02 -5.3091e-01  2.6306e+01  5.9080e-02  2.1805e-01 -2.6863e+01 -6.3762e-02 -2.0641e-01
-2.3167e+00     6.4347e+00  1.2045e-02  4.4637e-01 -3.3248e+01 -1.0300e-01 -7.3368e-01  2.6357e+01  5.9178e-02  2.2157e-01 -2.7089e+01 -6.4437e-02 -2.1167e-01
-2.3083e+00     6.4793e+00  1.1895e-02  4.5293e-01 -1.8822e+01 -6.1727e-02 -4.0060e-01  2.6411e+01  5.9278e-02  2.2531e-01 -2.7306e+01 -6.5122e-02 -2.1638e-01
-2.3000e+00     7.4043e+00  1.3622e-02  5.1791e-01 -2.3712e+01 -8.9245e-02 -3.7420e-01  2.6469e+01  5.9384e-02  2.2935e-01 -2.7483e+01 -6.5750e-02 -2.1961e-01
-2.2917e+00     9.3179e+00  1.6921e-02  6.5340e-01 -1.9151e+01 -7.0432e-02 -3.3694e-01  2.6538e+01  5.9511e-02  2.3422e-01 -2.7661e+01 -6.6415e-02 -2.2257e-01
-2.2833e+00     1.1575e+01  2.0873e-02  8.0649e-01 -1.8174e+01 -6.6577e-02 -3.2529e-01  2.6625e+01  5.9668e-02  2.4029e-01 -2.7816e+01 -6.6984e-02 -2.2532e-01
-2.2750e+00     1.4505e+01  2.4206e-02  8.9522e-01 -3.6923e+00 -7.4457e-03 -2.1651e-01  2.6734e+01  5.9856e-02  2.4737e-01 -2.7907e+01 -6.7292e-02 -2.2757e-01
-2.2667e+00     1.2052e+01  1.9197e-02  6.8279e-01 -4.2535e+00 -8.9733e-03 -2.5634e-01  2.6844e+01  6.0036e-02  2.5393e-01 -2.7940e+01 -6.7361e-02 -2.2954e-01
-2.2583e+00     9.4408e+00  1.5267e-02  5.0308e-01 -4.8131e+00 -1.0354e-02 -3.0173e-01  2.6933e+01  6.0180e-02  2.5887e-01 -2.7978e+01 -6.7441e-02 -2.3186e-01
-2.2500e+00     9.6397e+00  2.0333e-02  3.6507e-01 -5.2121e+00 -1.1053e-02 -3.4352e-01  2.7013e+01  6.0328e-02  2.6248e-01 -2.8020e+01 -6.7530e-02 -2.3455e-01
-2.2417e+00     8.4233e+00  1.7796e-02  2.9840e-01 -6.2778e+00 -1.5570e-02 -4.3331e-01  2.7088e+01  6.0486e-02  2.6524e-01 -2.8067e+01 -6.7641e-02 -2.3778e-01
-2.2333e+00     9.5625e+00  1.9865e-02  2.9937e-01 -7.4715e+00 -2.0611e-02 -5.4006e-01  2.7163e+01  6.0643e-02  2.6772e-01 -2.8124e+01 -6.7791e-02 -2.4183e-01
-2.2250e+00     1.0382e+01  2.0697e-02  2.9982e-01 -8.9804e+00 -2.6479e-02 -6.7445e-01  2.7246e+01  6.0812e-02  2.7022e-01 -2.8193e+01 -6.7987e-02 -2.4688e-01
-2.2167e+00     1.0814e+01  1.9916e-02  3.0160e-01 -8.9826e+00 -2.6584e-02 -6.9236e-01  2.7334e+01  6.0981e-02  2.7272e-01 -2.8268e+01 -6.8208e-02 -2.5256e-01
-2.2083e+00     1.0871e+01  1.8283e-02  3.1124e-01 -7.3493e+00 -1.8832e-02 -6.0799e-01  2.7424e+01  6.1140e-02  2.7527e-01 -2.8336e+01 -6.8397e-02 -2.5797e-01
-2.2000e+00     1.2399e+01  2.0775e-02  3.6656e-01 -7.0494e+00 -1.4538e-02 -6.4652e-01  2.7521e+01  6.1302e-02  2.7809e-01 -2.8395e+01 -6.8536e-02 -2.6319e-01
-2.1917e+00     1.1834e+01  1.9729e-02  2.9991e-01 -7.8665e+00 -1.4405e-02 -7.4759e-01  2.7622e+01  6.1471e-02  2.8086e-01 -2.8458e+01 -6.8656e-02 -2.6899e-01
-2.1833e+00     1.2126e+01  1.9288e-02  2.9270e-01 -8.6974e+00 -1.3963e-02 -8.5696e-01  2.7721e+01  6.1633e-02  2.8332e-01 -2.8526e+01 -6.8774e-02 -2.7567e-01
-2.1750e+00     1.1927e+01  1.7575e-02  4.0229e-01 -9.6542e+00 -1.3133e-02 -9.7229e-01  2.7821e+01  6.1786e-02  2.8622e-01 -2.8603e+01 -6.8887e-02 -2.8327e-01
-2.1667e+00     1.4138e+01  1.8784e-02  5.8370e-01 -7.7774e+00 -1.3620e-02 -8.8936e-01  2.7930e+01  6.1937e-02  2.9032e-01 -2.8675e+01 -6.8998e-02 -2.9102e-01
-2.1583e+00     7.6352e+00  1.1945e-02  4.5269e-01 -8.0133e+00 -1.3111e-02 -9.9276e-01  2.8020e+01  6.2065e-02  2.9463e-01 -2.8741e+01 -6.9109e-02 -2.9885e-01
-2.1500e+00     6.8943e+00  1.0824e-02  4.4952e-01 -5.7246e+00 -8.9383e-03 -7.5218e-01  2.8081e+01  6.2160e-02  2.9838e-01 -2.8798e+01 -6.9201e-02 -3.0611e-01
-2.1417e+00     7.1565e+00  1.0202e-02  5.9019e-01 -2.1488e+00 -3.4303e-03 -2.9530e-01  2.8139e+01  6.2247e-02  3.0271e-01 -2.8831e+01 -6.9252e-02 -3.1046e-01
-2.1333e+00     4.2475e+00  5.6904e-03  3.8454e-01 -0.0000e+00 -0.0000e+00 -0.0000e+00  2.8187e+01  6.2314e-02  3.0676e-01 -2.8840e+01 -6.9267e-02 -3.1169e-01
-2.1250e+00     1.9618e+00  2.5603e-03  1.8216e-01 -0.0000e+00 -0.0000e+00 -0.0000e+00  2.8213e+01  6.2348e-02  3.0912e-01 -2.8840e+01 -6.9267e-02 -3.1169e-01
-2.1167e+00     1.4283e-01  1.8435e-04  1.3559e-02 -0.0000e+00 -0.0000e+00 -0.0000e+00  2.8221e+01  6.2359e-02  3.0993e-01 -2.8840e+01 -6.9267e-02 -3.1169e-01
-2.1083e+00     0.0000e+00  0.0000e+00  0.0000e+00 -0.0000e+00 -0.0000e+00 -0.0000e+00  2.8222e+01  6.2360e-02  3.0999e-01 -2.8840e+01 -6.9267e-02 -3.1169e-01
-2.1000e+00     0.0000e+00  0.0000e+00  0.0000e+00 -0.0000e+00 -0.0000e+00 -0.0000e+00  2.8222e+01  6.2360e-02  3.0999e-01 -2.8840e+01 -6.9267e-02 -3.1169e-01
-2.0917e+00     0.0000e+00  0.0000e+00  0.0000e+00 -0.0000e+00 -0.0000e+00 -0.0000e+00  2.8222e+01  6.2360e-02  3.0999e-01 -2.8840e+01 -6.9267e-02 -3.1169e-01
-2.0833e+00     0.0000e+00  0.0000e+00  0.0000e+00 -0.0000e+00 -0.0000e+00 -0.0000e+00  2.8222e+01  6.2360e-02  3.0999e-01 -2.8840e+01 -6.9267e-02 -3.1169e-01
-2.0750e+00     0.0000e+00  0.0000e+00  0.0000e+00 -0.0000e+00 -0.0000e+00 -0.0000e+00  2.8222e+01  6.2360e-02  3.0999e-01 -2.8840e+01 -6.9267e-02 -3.1169e-01
-2.0667e+00     0.0000e+00  0.0000e+00  0.0000e+00 -0.0000e+00 -0.0000e+00 -0.0000e+00  2.8222e+01  6.2360e-02  3.0999e-01 -2.8840e+01 -6.9267e-02 -3.1169e-01
-2.0583e+00     0.0000e+00  0.0000e+00  0.0000e+00 -0.0000e+00 -0.0000e+00 -0.0000e+00  2.8222e+01  6.2360e-02  3.0999e-01 -2.8840e+01 -6.9267e-02 -3.1169e-01
-2.0500e+00     0.0000e+00  0.0000e+00  0.0000e+00 -0.0000e+00 -0.0000e+00 -0.0000e+00  2.8222e+01  6.2360e-02  3.0999e-01 -2.8840e+01 -6.9267e-02 -3.1169e-01
-2.0417e+00     0.0000e+00  0.0000e+00  0.0000e+00 -0.0000e+00 -0.0000e+00 -0.0000e+00  2.8222e+01  6.2360e-02  3.0999e-01 -2.8840e+01 -6.9267e-02 -3.1169e-01
-2.0333e+00     0.0000e+00  0.0000e+00  0.0000e+00 -0.0000e+00 -0.0000e+00 -0.0000e+00  2.8222e+01  6.2360e-02  3.0999e-01 -2.8840e+01 -6.9267e-02 -3.1169e-01
-2.0250e+00     4.3649e-01  2.4931e-03  1.0643e-02 -0.0000e+00 -0.0000e+00 -0.0000e+00  2.8224e+01  6.2370e-02  3.1003e-01 -2.8840e+01 -6.9267e-02 -3.1169e-01
-2.0167e+00     1.6816e+00  9.8686e-03  4.2253e-02 -2.9906e-01 -4.1986e-04 -7.0057e-03  2.8233e+01  6.2422e-02  3.1025e-01 -2.8841e+01 -6.9269e-02 -3.1172e-01
-2.0083e+00     7.6574e+00  6.4071e-02  1.9598e-01 -8.9679e-01 -1.3874e-03 -2.0645e-02  2.8271e+01  6.2729e-02  3.1124e-01 -2.8846e+01 -6.9276e-02 -3.1184e-01
-2.0000e+00     2.5858e+01  2.8029e-01  5.8328e-01 -4.6572e+00 -1.1905e-02 -7.5445e-02  2.8411e+01  6.4162e-02  3.1449e-01 -2.8869e+01 -6.9331e-02 -3.1224e-01
-1.9917e+00     4.0171e+01  4.7896e-01  7.6086e-01 -1.1763e+01 -2.8014e-02 -1.8601e-01  2.8685e+01  6.7320e-02  3.2008e-01 -2.8937e+01 -6.9497e-02 -3.1332e-01
-1.9833e+00     2.2593e+01  2.7988e-01  3.9498e-01 -1.4023e+01 -2.9445e-02 -2.3288e-01  2.8947e+01  7.0477e-02  3.2488e-01 -2.9045e+01 -6.9736e-02 -3.1507e-01
-1.9750e+00     1.0539e+01  1.4494e-01  1.7295e-01 -1.4382e+01 -2.8967e-02 -2.2853e-01  2.9084e+01  7.2244e-02  3.2725e-01 -2.9163e+01 -6.9979e-02 -3.1699e-01
-1.9667e+00     8.1759e+00  1.3202e-01  1.0076e-01 -1.0857e+01 -2.3867e-02 -1.5166e-01  2.9162e+01  7.3396e-02  3.2839e-01 -2.9268e+01 -7.0199e-02 -3.1857e-01
-1.9583e+00     2.4975e+00  3.5969e-02  2.1529e-02 -1.0473e+01 -2.3443e-02 -1.5667e-01  2.9207e+01  7.4095e-02  3.2889e-01 -2.9357e+01 -7.0396e-02 -3.1985e-01
-1.9500e+00     1.1007e+01  5.3333e-02  1.1126e-01 -1.1165e+01 -2.5865e-02 -1.7928e-01  2.9263e+01  7.4466e-02  3.2945e-01 -2.9447e+01 -7.0601e-02 -3.2125e-01
-1.9417e+00     2.1943e+01  1.0917e-01  2.3607e-01 -2.1409e+01 -4.5343e-02 -3.6554e-01  2.9400e+01  7.5142e-02  3.3089e-01 -2.9582e+01 -7.0897e-02 -3.2351e-01
-1.9333e+00     2.4270e+01  1.6477e-01  2.3538e-01 -1.0848e+01 -2.7006e-02 -1.7983e-01  2.9592e+01  7.6282e-02  3.3285e-01 -2.9716e+01 -7.1198e-02 -3.2578e-01
-1.9250e+00     1.6395e+01  8.7649e-02  1.9081e-01 -1.0239e+01 -2.6262e-02 -1.7259e-01  2.9761e+01  7.7332e-02  3.3463e-01 -2.9804e+01 -7.1420e-02 -3.2725e-01
-1.9167e+00     1.4472e+01  6.8289e-02  1.6928e-01 -6.1199e+00 -1.5521e-02 -1.0663e-01  2.9890e+01  7.7980e-02  3.3612e-01 -2.9872e+01 -7.1594e-02 -3.2841e-01
-1.9083e+00     1.3889e+01  6.0334e-02  1.6250e-01 -0.0000e+00 -0.0000e+00 -0.0000e+00  3.0008e+01  7.8515e-02  3.3750e-01 -2.9897e+01 -7.1658e-02 -3.2885e-01
-1.9000e+00     1.4726e+01  6.0878e-02  1.9359e-01 -0.0000e+00 -0.0000e+00 -0.0000e+00  3.0127e+01  7.9020e-02  3.3898e-01 -2.9897e+01 -7.1658e-02 -3.2885e-01
-1.8917e+00     3.2561e+00  1.4352e-02  6.8089e-02 -0.0000e+00 -0.0000e+00 -0.0000e+00  3.0201e+01  7.9333e-02  3.4007e-01 -2.9897e+01 -7.1658e-02 -3.2885e-01
-1.8833e+00     4.8782e+00  2.4755e-02  1.6432e-01 -7.2408e+00 -2.5902e-02 -3.2946e-01  3.0235e+01  7.9495e-02  3.4104e-01 -2.9928e+01 -7.1766e-02 -3.3022e-01
-1.8750e+00     9.2340e+00  5.1561e-02  2.9100e-01 -1.5033e+01 -5.5860e-02 -6.7762e-01  3.0294e+01  7.9813e-02  3.4293e-01 -3.0020e+01 -7.2106e-02 -3.3441e-01
-1.8667e+00     1.4364e+01  8.3216e-02  4.2602e-01 -1.0284e+01 -6.2091e-02 -3.9085e-01  3.0392e+01  8.0373e-02  3.4592e-01 -3.0126e+01 -7.2597e-02 -3.3886e-01
-1.8583e+00     1.2376e+01  8.1938e-02  3.2577e-01 -1.5121e+01 -1.0212e-01 -4.5213e-01  3.0503e+01  8.1060e-02  3.4904e-01 -3.0231e+01 -7.3280e-02 -3.4236e-01
-1.8500e+00     1.7762e+01  1.1182e-01  3.9300e-01 -2.4855e+01 -1.6699e-01 -6.0044e-01  3.0629e+01  8.1866e-02  3.5203e-01 -3.0398e+01 -7.4399e-02 -3.4674e-01
-1.8417e+00     3.4951e+01  2.0490e-01  5.9422e-01 -2.8734e+01 -2.1087e-01 -5.5806e-01  3.0848e+01  8.3184e-02  3.5614e-01 -3.0620e+01 -7.5971e-02 -3.5156e-01
-1.8333e+00     1.7243e+01  1.3322e-01  3.1099e-01 -1.5522e+01 -1.5352e-01 -3.0997e-01  3.1065e+01  8.4590e-02  3.5991e-01 -3.0805e+01 -7.7487e-02 -3.5517e-01
-1.8250e+00     1.0765e+01  8.5526e-02  1.7460e-01 -3.2852e+00 -3.0930e-02 -6.1507e-02  3.1182e+01  8.5500e-02  3.6193e-01 -3.0883e+01 -7.8254e-02 -3.5672e-01
-1.8167e+00     3.5796e+00  2.0372e-02  7.7105e-02 -7.5438e+00 -4.0983e-02 -1.9873e-01  3.1241e+01  8.5941e-02  3.6297e-01 -3.0928e+01 -7.8553e-02 -3.5780e-01
-1.8083e+00     1.2997e+01  6.0689e-02  2.7520e-01 -1.7149e+01 -8.9603e-02 -4.0866e-01  3.1310e+01  8.6278e-02  3.6444e-01 -3.1031e+01 -7.9096e-02 -3.6033e-01
-1.8000e+00     2.2241e+01  1.0598e-01  4.2543e-01 -2.4836e+01 -1.2847e-01 -5.0161e-01  3.1457e+01  8.6971e-02  3.6735e-01 -3.1205e+01 -8.0003e-02 -3.6411e-01
-1.7917e+00     2.2774e+01  1.1723e-01  4.0041e-01 -2.3126e+01 -1.2793e-01 -3.2152e-01  3.1644e+01  8.7900e-02  3.7079e-01 -3.1405e+01 -8.1070e-02 -3.6754e-01
-1.7833e+00     2.6328e+01  1.2743e-01  3.6845e-01 -2.1454e+01 -1.1663e-01 -2.2147e-01  3.1848e+01  8.8917e-02  3.7399e-01 -3.1590e+01 -8.2087e-02 -3.6980e-01
-1.7750e+00     2.4786e+01  1.3469e-01  2.6041e-01 -1.6938e+01 -8.7644e-02 -1.6675e-01  3.2061e+01  9.0008e-02  3.7660e-01 -3.1750e+01 -8.2937e-02 -3.7141e-01
-1.7667e+00     8.2916e+00  5.0849e-02  7.4667e-02 -1.0527e+01 -2.8822e-02 -1.0620e-01  3.2199e+01  9.0780e-02  3.7800e-01 -3.1864e+01 -8.3421e-02 -3.7255e-01
-1.7583e+00     1.8506e+00  1.0429e-02  2.8996e-02 -8.9336e+00 -3.2559e-02 -1.1138e-01  3.2241e+01  9.1034e-02  3.7843e-01 -3.1945e+01 -8.3677e-02 -3.7345e-01
-1.7500e+00     1.8630e+01  8.4192e-02  1.7022e-01 -3.1351e+01 -1.1527e-01 -3.8830e-01  3.2326e+01  9.1428e-02  3.7926e-01 -3.2113e+01 -8.4292e-02 -3.7553e-01
-1.7417e+00     2.8546e+01  1.2045e-01  2.7800e-01 -2.5651e+01 -1.2712e-01 -3.2025e-01  3.2522e+01  9.2279e-02  3.8112e-01 -3.2350e+01 -8.5300e-02 -3.7848e-01
-1.7333e+00     3.2381e+01  1.3229e-01  3.6363e-01 -3.3400e+01 -2.2165e-01 -3.9566e-01  3.2776e+01  9.3331e-02  3.8379e-01 -3.2595e+01 -8.6751e-02 -3.8145e-01
-1.7250e+00     2.6343e+01  1.2107e-01  3.1695e-01 -1.3655e+01 -9.3752e-02 -2.5670e-01  3.3020e+01  9.4385e-02  3.8662e-01 -3.2791e+01 -8.8063e-02 -3.8417e-01
-1.7167e+00     1.8746e+01  9.7377e-02  2.3793e-01 -9.8581e+00 -7.2513e-02 -2.2168e-01  3.3207e+01  9.5293e-02  3.8893e-01 -3.2889e+01 -8.8754e-02 -3.8616e-01
-1.7083e+00     8.7565e+00  5.5028e-02  1.1409e-01 -1.1380e+01 -9.6651e-02 -2.1437e-01  3.3322e+01  9.5927e-02  3.9039e-01 -3.2977e+01 -8.9458e-02 -3.8797e-01
-1.7000e+00     5.0238e+00  3.8896e-02  3.7802e-02 -6.8591e+00 -7.7026e-02 -1.0382e-01  3.3379e+01  9.6318e-02  3.9102e-01 -3.3053e+01 -9.0181e-02 -3.8930e-01
-1.6917e+00     5.7975e+00  4.6959e-02  4.1878e-02 -4.5833e+00 -6.8301e-02 -3.8451e-02  3.3424e+01  9.6675e-02  3.9136e-01 -3.3101e+01 -9.0785e-02 -3.8989e-01
-1.6833e+00     6.8907e+00  5.7602e-02  4.9483e-02 -5.0910e+00 -7.6315e-02 -4.0798e-02  3.3477e+01  9.7110e-02  3.9174e-01 -3.3141e+01 -9.1387e-02 -3.9022e-01
-1.6750e+00     1.0742e+01  9.9666e-02  7.2448e-02 -5.9365e+00 -8.9588e-02 -4.8771e-02  3.3550e+01  9.7764e-02  3.9224e-01 -3.3187e+01 -9.2077e-02 -3.9059e-01
-1.6667e+00     1.9218e+01  1.8333e-01  1.2193e-01 -6.9263e+00 -1.1602e-01 -5.7345e-02  3.3675e+01  9.8941e-02  3.9305e-01 -3.3240e+01 -9.2932e-02 -3.9103e-01
-1.6583e+00     2.1896e+01  2.0981e-01  1.5377e-01 -1.2352e+01 -2.5733e-01 -1.1188e-01  3.3846e+01  1.0058e-01  3.9420e-01 -3.3321e+01 -9.4485e-02 -3.9174e-01
-1.6500e+00     2.5062e+01  2.2741e-01  1.8013e-01 -1.2080e+01 -2.7326e-01 -1.1562e-01  3.4041e+01  1.0240e-01  3.9559e-01 -3.3422e+01 -9.6692e-02 -3.9268e-01
-1.6417e+00     2.1514e+01  2.0672e-01  1.7178e-01 -1.2928e+01 -3.0312e-01 -1.1456e-01  3.4235e+01  1.0420e-01  3.9705e-01 -3.3526e+01 -9.9090e-02 -3.9364e-01
-1.6333e+00     1.9401e+01  2.1536e-01  1.7756e-01 -1.1433e+01 -2.4776e-01 -9.8566e-02  3.4405e+01  1.0596e-01  3.9850e-01 -3.3627e+01 -1.0138e-01 -3.9453e-01
-1.6250e+00     2.1502e+01  2.5684e-01  2.3670e-01 -1.2081e+01 -2.4309e-01 -1.0515e-01  3.4575e+01  1.0792e-01  4.0023e-01 -3.3725e+01 -1.0342e-01 -3.9537e-01
-1.6167e+00     1.2966e+01  1.8102e-01  1.3584e-01 -1.5409e+01 -3.0281e-01 -1.3601e-01  3.4719e+01  1.0974e-01  4.0178e-01 -3.3840e+01 -1.0569e-01 -3.9638e-01
-1.6083e+00     1.1910e+01  1.6613e-01  1.4298e-01 -2.0096e+01 -3.8441e-01 -1.8297e-01  3.4822e+01  1.1119e-01  4.0294e-01 -3.3987e+01 -1.0855e-01 -3.9770e-01
-1.6000e+00     1.5795e+01  1.8029e-01  2.6015e-01 -1.5990e+01 -2.5848e-01 -1.4336e-01  3.4937e+01  1.1263e-01  4.0461e-01 -3.4137e+01 -1.1123e-01 -3.9906e-01
-1.5917e+00     1.5783e+01  1.8731e-01  2.1583e-01 -1.1371e+01 -1.5612e-01 -1.1412e-01  3.5069e+01  1.1416e-01  4.0659e-01 -3.4251e+01 -1.1295e-01 -4.0013e-01
-1.5833e+00     1.0649e+01  1.4626e-01  1.6143e-01 -1.0259e+01 -1.2519e-01 -1.2557e-01  3.5179e+01  1.1554e-01  4.0816e-01 -3.4341e+01 -1.1412e-01 -4.0113e-01
-1.5750e+00     8.8647e+00  1.2512e-01  1.5872e-01 -1.2663e+01 -1.4089e-01 -1.7565e-01  3.5260e+01  1.1667e-01  4.0950e-01 -3.4437e+01 -1.1523e-01 -4.0238e-01
-1.5667e+00     8.7199e+00  1.1786e-01  1.6028e-01 -1.9263e+01 -1.9196e-01 -2.6029e-01  3.5333e+01  1.1768e-01  4.1082e-01 -3.4569e+01 -1.1661e-01 -4.0419e-01
-1.5583e+00     7.7179e+00  1.0427e-01  1.4283e-01 -2.1935e+01 -2.1443e-01 -3.0968e-01  3.5401e+01  1.1861e-01  4.1208e-01 -3.4741e+01 -1.1830e-01 -4.0657e-01
-1.5500e+00     5.4826e+00  7.1414e-02  1.1319e-01 -2.1349e+01 -2.1742e-01 -3.1777e-01  3.5456e+01  1.1934e-01  4.1315e-01 -3.4921e+01 -1.2010e-01 -4.0918e-01
-1.5417e+00     4.4303e+00  5.7698e-02  9.5515e-02 -1.0512e+01 -1.3227e-01 -1.7559e-01  3.5498e+01  1.1988e-01  4.1402e-01 -3.5053e+01 -1.2155e-01 -4.1123e-01
-1.5333e+00     4.4054e+00  5.9544e-02  9.2783e-02 -3.9725e+00 -5.1543e-02 -1.0960e-01  3.5534e+01  1.2036e-01  4.1480e-01 -3.5114e+01 -1.2232e-01 -4.1241e-01
-1.5250e+00     4.8720e+00  6.4603e-02  9.7794e-02 -3.9964e+00 -5.5009e-02 -1.0599e-01  3.5573e+01  1.2088e-01  4.1559e-01 -3.5147e+01 -1.2276e-01 -4.1331e-01
-1.5167e+00     5.6903e+00  7.3688e-02  1.0805e-01 -4.1987e+00 -6.0245e-02 -1.0533e-01  3.5617e+01  1.2146e-01  4.1645e-01 -3.5181e+01 -1.2324e-01 -4.1419e-01
-1.5083e+00     6.6923e+00  8.5082e-02  1.1958e-01 -4.5904e+00 -6.7971e-02 -1.0796e-01  3.5668e+01  1.2212e-01  4.1740e-01 -3.5217e+01 -1.2377e-01 -4.1508e-01
-1.5000e+00     7.7977e+00  1.0096e-01  1.3329e-01 -5.2537e+00 -7.8942e-02 -1.1475e-01  3.5729e+01  1.2289e-01  4.1845e-01 -3.5258e+01 -1.2439e-01 -4.1600e-01
-1.4917e+00     1.1351e+01  1.9418e-01  1.9928e-01 -6.2467e+00 -9.6645e-02 -1.2744e-01  3.5808e+01  1.2412e-01  4.1983e-01 -3.5306e+01 -1.2512e-01 -4.1701e-01
-1.4833e+00     1.6491e+01  3.3267e-01  2.9992e-01 -9.6340e+00 -1.8904e-01 -1.9325e-01  3.5924e+01  1.2631e-01  4.2191e-01 -3.5372e+01 -1.2630e-01 -4.1835e-01
-1.4750e+00     1.3011e+01  2.3869e-01  2.0617e-01 -1.3590e+01 -3.1614e-01 -2.6631e-01  3.6047e+01  1.2869e-01  4.2401e-01 -3.5469e+01 -1.2841e-01 -4.2026e-01
-1.4667e+00     1.4863e+01  2.6669e-01  2.1295e-01 -1.2841e+01 -2.8917e-01 -2.3283e-01  3.6163e+01  1.3079e-01  4.2576e-01 -3.5579e+01 -1.3092e-01 -4.2233e-01
-1.4583e+00     1.3112e+01  2.7341e-01  1.8154e-01 -1.2035e+01 -2.6557e-01 -2.0365e-01  3.6279e+01  1.3303e-01  4.2740e-01 -3.5682e+01 -1.3323e-01 -4.2415e-01
-1.4500e+00     1.3317e+01  3.1676e-01  1.8552e-01 -1.1473e+01 -2.4554e-01 -1.8117e-01  3.6389e+01  1.3549e-01  4.2892e-01 -3.5780e+01 -1.3536e-01 -4.2575e-01
-1.4417e+00     1.2407e+01  3.3407e-01  1.8859e-01 -1.4020e+01 -2.7264e-01 -1.8955e-01  3.6496e+01  1.3820e-01  4.3048e-01 -3.5886e+01 -1.3751e-01 -4.2729e-01
-1.4333e+00     8.6389e+00  2.0307e-01  1.4155e-01 -2.3260e+01 -6.5341e-01 -3.6199e-01  3.6584e+01  1.4043e-01  4.3185e-01 -3.6041e+01 -1.4137e-01 -4.2959e-01
-1.4250e+00     5.9391e+00  6.6180e-02  8.7267e-02 -1.0522e+01 -1.6708e-01 -1.5468e-01  3.6644e+01  1.4155e-01  4.3281e-01 -3.6182e+01 -1.4478e-01 -4.3173e-01
-1.4167e+00     6.8791e+00  7.2213e-02  9.4720e-02 -4.5046e+00 -4.9358e-02 -7.7679e-02  3.6698e+01  1.4213e-01  4.3356e-01 -3.6244e+01 -1.4568e-01 -4.3270e-01
-1.4083e+00     8.3964e+00  9.0036e-02  1.1407e-01 -5.0177e+00 -5.7922e-02 -8.5837e-02  3.6761e+01  1.4280e-01  4.3443e-01 -3.6284e+01 -1.4612e-01 -4.3338e-01
-1.4000e+00     8.7185e+00  9.9672e-02  1.3453e-01 -5.5612e+00 -6.7029e-02 -9.4206e-02  3.6832e+01  1.4359e-01  4.3546e-01 -3.6328e+01 -1.4664e-01 -4.3413e-01
-1.3917e+00     1.1060e+01  1.2087e-01  1.6668e-01 -6.3453e+00 -7.8558e-02 -1.0715e-01  3.6915e+01  1.4451e-01  4.3672e-01 -3.6377e+01 -1.4725e-01 -4.3497e-01
-1.3833e+00     1.3021e+01  1.3989e-01  1.9671e-01 -1.0876e+01 -1.4074e-01 -1.4805e-01  3.7015e+01  1.4559e-01  4.3823e-01 -3.6449e+01 -1.4816e-01 -4.3603e-01
-1.3750e+00     1.5790e+01  1.8118e-01  2.4338e-01 -1.2788e+01 -1.5282e-01 -1.8315e-01  3.7135e+01  1.4693e-01  4.4006e-01 -3.6547e+01 -1.4938e-01 -4.3741e-01
-1.3667e+00     1.7189e+01  1.9774e-01  2.7008e-01 -1.5611e+01 -1.8378e-01 -2.1906e-01  3.7272e+01  1.4850e-01  4.4220e-01 -3.6666e+01 -1.5078e-01 -4.3908e-01
-1.3583e+00     1.8451e+01  2.1233e-01  2.9693e-01 -1.8452e+01 -2.1345e-01 -2.6122e-01  3.7420e+01  1.5021e-01  4.4455e-01 -3.6807e+01 -1.5244e-01 -4.4108e-01
-1.3500e+00     2.0900e+01  2.5405e-01  3.3508e-01 -2.0462e+01 -2.3166e-01 -2.9593e-01  3.7584e+01  1.5215e-01  4.4718e-01 -3.6969e+01 -1.5429e-01 -4.4340e-01
-1.3417e+00     1.7467e+01  2.6948e-01  3.0275e-01 -2.2009e+01 -2.4297e-01 -3.5065e-01  3.7743e+01  1.5433e-01  4.4984e-01 -3.7146e+01 -1.5626e-01 -4.4609e-01
-1.3333e+00     1.4200e+01  2.7035e-01  2.7124e-01 -1.7132e+01 -2.0813e-01 -2.6200e-01  3.7875e+01  1.5657e-01  4.5222e-01 -3.7309e+01 -1.5814e-01 -4.4863e-01
-1.3250e+00     1.6304e+01  3.2536e-01  3.2952e-01 -1.2848e+01 -1.6903e-01 -2.1358e-01  3.8002e+01  1.5905e-01  4.5472e-01 -3.7433e+01 -1.5971e-01 -4.5061e-01
-1.3167e+00     1.7697e+01  3.2745e-01  3.5643e-01 -1.4070e+01 -2.2088e-01 -2.4989e-01  3.8143e+01  1.6177e-01  4.5758e-01 -3.7545e+01 -1.6133e-01 -4.5254e-01
-1.3083e+00     1.8431e+01  3.1120e-01  3.5823e-01 -1.6351e+01 -2.8299e-01 -2.9581e-01  3.8294e+01  1.6442e-01  4.6055e-01 -3.7672e+01 -1.6343e-01 -4.5481e-01
-1.3000e+00     1.7577e+01  3.0380e-01  3.4648e-01 -1.9063e+01 -3.5683e-01 -3.5259e-01  3.8444e+01  1.6698e-01  4.6348e-01 -3.7819e+01 -1.6609e-01 -4.5751e-01
-1.2917e+00     1.4771e+01  2.5249e-01  2.7590e-01 -1.9143e+01 -3.4206e-01 -3.5435e-01  3.8578e+01  1.6930e-01  4.6607e-01 -3.7978e+01 -1.6899e-01 -4.6045e-01
-1.2833e+00     1.9188e+01  3.3525e-01  3.4207e-01 -1.6996e+01 -2.7898e-01 -3.1265e-01  3.8719e+01  1.7174e-01  4.6864e-01 -3.8128e+01 -1.7158e-01 -4.6322e-01
-1.2750e+00     2.1976e+01  3.7397e-01  4.1204e-01 -1.4739e+01 -2.2359e-01 -2.6937e-01  3.8891e+01  1.7469e-01  4.7178e-01 -3.8260e+01 -1.7367e-01 -4.6564e-01
-1.2667e+00     1.9770e+01  3.6562e-01  3.6478e-01 -1.9809e+01 -3.1656e-01 -3.7305e-01  3.9064e+01  1.7777e-01  4.7501e-01 -3.8404e+01 -1.7591e-01 -4.6832e-01
-1.2583e+00     1.9583e+01  3.9499e-01  3.7311e-01 -1.9284e+01 -3.2239e-01 -3.6600e-01  3.9228e+01  1.8093e-01  4.7808e-01 -3.8567e+01 -1.7857e-01 -4.7139e-01
-1.2500e+00     1.8926e+01  4.0549e-01  3.7465e-01 -2.1549e+01 -3.7198e-01 -4.5851e-01  3.9388e+01  1.8426e-01  4.8119e-01 -3.8737e+01 -1.8146e-01 -4.7482e-01
-1.2417e+00     1.2125e+01  2.8279e-01  2.1672e-01 -2.0591e+01 -4.2064e-01 -4.6976e-01  3.9517e+01  1.8712e-01  4.8365e-01 -3.8912e+01 -1.8476e-01 -4.7868e-01
-1.2333e+00     1.2011e+01  3.1512e-01  2.0173e-01 -1.5224e+01 -3.2334e-01 -2.7802e-01  3.9618e+01  1.8961e-01  4.8539e-01 -3.9061e+01 -1.8785e-01 -4.8179e-01
-1.2250e+00     1.3203e+01  3.2110e-01  2.2951e-01 -1.3427e+01 -2.9094e-01 -2.2871e-01  3.9723e+01  1.9226e-01  4.8718e-01 -3.9180e+01 -1.9041e-01 -4.8390e-01
-1.2167e+00     1.4339e+01  3.2910e-01  2.3462e-01 -1.5746e+01 -3.7642e-01 -2.4360e-01  3.9837e+01  1.9496e-01  4.8911e-01 -3.9301e+01 -1.9318e-01 -4.8586e-01
-1.2083e+00     1.7606e+01  3.7033e-01  2.6576e-01 -1.5775e+01 -3.8228e-01 -2.4474e-01  3.9970e+01  1.9787e-01  4.9119e-01 -3.9433e+01 -1.9634e-01 -4.8790e-01
-1.2000e+00     2.5477e+01  4.4650e-01  4.2057e-01 -1.7717e+01 -4.3058e-01 -2.6376e-01  4.0149e+01  2.0127e-01  4.9405e-01 -3.9572e+01 -1.9972e-01 -4.9001e-01
-1.1917e+00     1.9983e+01  3.5656e-01  2.4916e-01 -2.0401e+01 -4.6794e-01 -3.0281e-01  4.0338e+01  2.0461e-01  4.9684e-01 -3.9730e+01 -2.0346e-01 -4.9237e-01
-1.1833e+00     1.6268e+01  2.8453e-01  1.7983e-01 -1.8457e+01 -3.5478e-01 -2.3611e-01  4.0489e+01  2.0728e-01  4.9862e-01 -3.9892e+01 -2.0688e-01 -4.9461e-01
-1.1750e+00     1.3075e+01  2.5158e-01  1.5076e-01 -1.9731e+01 -3.1238e-01 -2.0404e-01  4.0611e+01  2.0951e-01  5.0000e-01 -4.0051e+01 -2.0966e-01 -4.9644e-01
-1.1667e+00     1.5652e+01  3.0439e-01  1.7324e-01 -1.4041e+01 -2.3966e-01 -1.5501e-01  4.0731e+01  2.1182e-01  5.0134e-01 -4.0191e+01 -2.1195e-01 -4.9793e-01
-1.1583e+00     1.7352e+01  3.4074e-01  2.4316e-01 -1.4631e+01 -2.5224e-01 -1.6336e-01  4.0868e+01  2.1450e-01  5.0308e-01 -4.0311e+01 -2.1400e-01 -4.9926e-01
-1.1500e+00     1.8225e+01  3.5678e-01  2.6651e-01 -2.3948e+01 -4.1002e-01 -2.8267e-01  4.1016e+01  2.1741e-01  5.0520e-01 -4.0471e+01 -2.1675e-01 -5.0111e-01
-1.1417e+00     1.5012e+01  2.6949e-01  2.1556e-01 -1.8224e+01 -3.2764e-01 -2.6731e-01  4.1154e+01  2.2001e-01  5.0720e-01 -4.0647e+01 -2.1982e-01 -5.0340e-01
-1.1333e+00     1.3376e+01  2.3212e-01  1.8981e-01 -1.5458e+01 -2.7212e-01 -2.2264e-01  4.1272e+01  2.2210e-01  5.0889e-01 -4.0787e+01 -2.2232e-01 -5.0544e-01
-1.1250e+00     1.2421e+01  2.0756e-01  1.7237e-01 -1.4089e+01 -2.4778e-01 -2.0063e-01  4.1380e+01  2.2393e-01  5.1039e-01 -4.0910e+01 -2.2448e-01 -5.0720e-01
-1.1167e+00     1.2286e+01  2.0346e-01  1.7261e-01 -1.2847e+01 -2.2674e-01 -1.7958e-01  4.1482e+01  2.2564e-01  5.1183e-01 -4.1022e+01 -2.2645e-01 -5.0878e-01
-1.1083e+00     1.2881e+01  2.1665e-01  1.8695e-01 -1.2685e+01 -2.1984e-01 -1.8083e-01  4.1587e+01  2.2738e-01  5.1332e-01 -4.1128e+01 -2.2831e-01 -5.1028e-01
-1.1000e+00     1.3802e+01  2.4371e-01  2.0743e-01 -1.2745e+01 -2.2082e-01 -1.8627e-01  4.1698e+01  2.2930e-01  5.1496e-01 -4.1234e+01 -2.3014e-01 -5.1181e-01
-1.0917e+00     1.4945e+01  2.7203e-01  2.3116e-01 -1.3882e+01 -2.4403e-01 -2.1025e-01  4.1818e+01  2.3144e-01  5.1679e-01 -4.1344e+01 -2.3208e-01 -5.1346e-01
-1.0833e+00     1.7702e+01  3.0366e-01  2.7491e-01 -1.5107e+01 -2.7225e-01 -2.3491e-01  4.1953e+01  2.3384e-01  5.1889e-01 -4.1465e+01 -2.3423e-01 -5.1531e-01
-1.0750e+00     1.9616e+01  3.1328e-01  3.0124e-01 -1.6306e+01 -2.9607e-01 -2.5856e-01  4.2109e+01  2.3640e-01  5.2129e-01 -4.1596e+01 -2.3659e-01 -5.1736e-01
-1.0667e+00     1.8986e+01  3.1138e-01  2.9131e-01 -2.1895e+01 -3.2182e-01 -3.4575e-01  4.2269e+01  2.3900e-01  5.2376e-01 -4.1755e+01 -2.3916e-01 -5.1988e-01
-1.0583e+00     1.7481e+01  3.0212e-01  2.6868e-01 -2.1281e+01 -3.1126e-01 -3.2956e-01  4.2421e+01  2.4155e-01  5.2609e-01 -4.1934e+01 -2.4179e-01 -5.2269e-01
-1.0500e+00     1.7144e+01  3.0155e-01  2.5933e-01 -1.8775e+01 -2.9116e-01 -2.8269e-01  4.2565e+01  2.4407e-01  5.2828e-01 -4.2101e+01 -2.4430e-01 -5.2523e-01
-1.0417e+00     1.8445e+01  3.1792e-01  2.7718e-01 -1.7833e+01 -2.6834e-01 -2.6490e-01  4.2713e+01  2.4664e-01  5.3051e-01 -4.2253e+01 -2.4663e-01 -5.2751e-01
-1.0333e+00     2.2644e+01  3.8724e-01  3.4720e-01 -1.8919e+01 -2.8172e-01 -2.7761e-01  4.2884e+01  2.4958e-01  5.3311e-01 -4.2406e+01 -2.4891e-01 -5.2977e-01
-1.0250e+00     2.4282e+01  3.9772e-01  3.9317e-01 -2.3335e+01 -3.4404e-01 -3.9183e-01  4.3079e+01  2.5284e-01  5.3619e-01 -4.2582e+01 -2.5152e-01 -5.3255e-01
-1.0167e+00     2.2173e+01  3.4963e-01  3.5697e-01 -2.1928e+01 -3.2100e-01 -3.4979e-01  4.3272e+01  2.5595e-01  5.3931e-01 -4.2770e+01 -2.5428e-01 -5.3564e-01
-1.0083e+00     2.2027e+01  3.3297e-01  3.7060e-01 -2.1559e+01 -2.9704e-01 -3.5153e-01  4.3456e+01  2.5879e-01  5.4234e-01 -4.2951e+01 -2.5686e-01 -5.3855e-01
-1.0000e+00     2.4408e+01  3.3937e-01  4.2525e-01 -2.1790e+01 -2.7977e-01 -3.6721e-01  4.3649e+01  2.6159e-01  5.4565e-01 -4.3131e+01 -2.5925e-01 -5.4154e-01
-9.9167e-01     2.2928e+01  3.2351e-01  3.9752e-01 -2.2876e+01 -2.7993e-01 -3.8910e-01  4.3846e+01  2.6434e-01  5.4907e-01 -4.3317e+01 -2.6158e-01 -5.4469e-01
-9.8333e-01     1.9698e+01  2.8237e-01  3.4210e-01 -2.3386e+01 -3.0197e-01 -3.9317e-01  4.4024e+01  2.6686e-01  5.5215e-01 -4.3509e+01 -2.6400e-01 -5.4794e-01
-9.7500e-01     1.8542e+01  2.6597e-01  3.0833e-01 -2.0497e+01 -2.8737e-01 -3.3521e-01  4.4183e+01  2.6915e-01  5.5485e-01 -4.3692e+01 -2.6645e-01 -5.5097e-01
-9.6667e-01     1.8419e+01  2.5763e-01  3.1876e-01 -1.8584e+01 -2.6290e-01 -2.8445e-01  4.4336e+01  2.7132e-01  5.5746e-01 -4.3855e+01 -2.6874e-01 -5.5355e-01
-9.5833e-01     1.8538e+01  2.5367e-01  3.3916e-01 -1.8742e+01 -2.5941e-01 -2.7946e-01  4.4490e+01  2.7345e-01  5.6020e-01 -4.4010e+01 -2.7092e-01 -5.5590e-01
-9.5000e-01     1.9413e+01  2.6646e-01  3.5220e-01 -1.8023e+01 -2.5553e-01 -2.6002e-01  4.4648e+01  2.7561e-01  5.6307e-01 -4.4163e+01 -2.7306e-01 -5.5814e-01
-9.4167e-01     1.9725e+01  2.7797e-01  3.7801e-01 -2.1075e+01 -3.0686e-01 -3.3059e-01  4.4811e+01  2.7788e-01  5.6611e-01 -4.4325e+01 -2.7540e-01 -5.6060e-01
-9.3333e-01     1.7634e+01  2.4846e-01  3.1571e-01 -2.2770e+01 -3.5379e-01 -4.0348e-01  4.4966e+01  2.8007e-01  5.6900e-01 -4.4508e+01 -2.7815e-01 -5.6365e-01
-9.2500e-01     1.8185e+01  2.5513e-01  3.0182e-01 -1.9636e+01 -3.0265e-01 -3.2321e-01  4.5115e+01  2.8216e-01  5.7157e-01 -4.4684e+01 -2.8088e-01 -5.6667e-01
-9.1667e-01     1.9136e+01  2.7151e-01  2.9799e-01 -2.0766e+01 -3.1103e-01 -3.0684e-01  4.5270e+01  2.8435e-01  5.7406e-01 -4.4852e+01 -2.8343e-01 -5.6929e-01
-9.0833e-01     2.0831e+01  3.0896e-01  3.0865e-01 -2.3630e+01 -3.5434e-01 -3.4576e-01  4.5437e+01  2.8677e-01  5.7658e-01 -4.5037e+01 -2.8620e-01 -5.7201e-01
-9.0000e-01     2.1811e+01  3.3704e-01  3.1042e-01 -2.2640e+01 -3.2857e-01 -2.9035e-01  4.5614e+01  2.8946e-01  5.7916e-01 -4.5229e+01 -2.8904e-01 -5.7466e-01
-8.9167e-01     2.0828e+01  3.1123e-01  2.7693e-01 -2.3030e+01 -3.3654e-01 -2.8255e-01  4.5791e+01  2.9215e-01  5.8160e-01 -4.5419e+01 -2.9180e-01 -5.7704e-01
-8.8333e-01     2.2753e+01  3.2796e-01  2.9140e-01 -1.9901e+01 -2.8495e-01 -2.6498e-01  4.5973e+01  2.9481e-01  5.8397e-01 -4.5598e+01 -2.9439e-01 -5.7932e-01
-8.7500e-01     2.4577e+01  3.5302e-01  3.0666e-01 -1.8192e+01 -2.6904e-01 -2.4885e-01  4.6170e+01  2.9764e-01  5.8645e-01 -4.5756e+01 -2.9669e-01 -5.8145e-01
-8.6667e-01     2.1458e+01  3.2963e-01  2.6239e-01 -1.9281e+01 -2.8905e-01 -2.6462e-01  4.6361e+01  3.0048e-01  5.8882e-01 -4.5912e+01 -2.9902e-01 -5.8359e-01
-8.5833e-01     2.2877e+01  3.5953e-01  2.7324e-01 -1.9043e+01 -2.9888e-01 -2.5551e-01  4.6546e+01  3.0335e-01  5.9105e-01 -4.6072e+01 -3.0146e-01 -5.8575e-01
-8.5000e-01     2.2261e+01  3.5978e-01  2.7055e-01 -1.9701e+01 -3.2302e-01 -2.5437e-01  4.6733e+01  3.0634e-01  5.9331e-01 -4.6233e+01 -3.0405e-01 -5.8787e-01
-8.4167e-01     2.0605e+01  3.2638e-01  2.5526e-01 -1.9225e+01 -3.3396e-01 -2.4197e-01  4.6912e+01  3.0920e-01  5.9550e-01 -4.6395e+01 -3.0678e-01 -5.8994e-01
-8.3333e-01     1.8887e+01  3.0021e-01  2.3800e-01 -1.8261e+01 -3.2139e-01 -2.3155e-01  4.7076e+01  3.1180e-01  5.9755e-01 -4.6551e+01 -3.0951e-01 -5.9191e-01
-8.2500e-01     1.7000e+01  2.7837e-01  2.0706e-01 -1.7749e+01 -3.1191e-01 -2.2737e-01  4.7225e+01  3.1421e-01  5.9940e-01 -4.6700e+01 -3.1214e-01 -5.9382e-01
-8.1667e-01     1.6971e+01  2.7681e-01  1.9591e-01 -1.7078e+01 -2.9476e-01 -2.1977e-01  4.7366e+01  3.1652e-01  6.0108e-01 -4.6845e+01 -3.1467e-01 -5.9568e-01
-8.0833e-01     1.8364e+01  3.0294e-01  2.2349e-01 -1.6509e+01 -2.7959e-01 -2.1547e-01  4.7513e+01  3.1893e-01  6.0282e-01 -4.6985e+01 -3.1705e-01 -5.9749e-01
-8.0000e-01     2.1329e+01  3.5585e-01  2.9560e-01 -1.7385e+01 -2.8329e-01 -2.2588e-01  4.7679e+01  3.2167e-01  6.0498e-01 -4.7126e+01 -3.1940e-01 -5.9932e-01
-7.9167e-01     2.0372e+01  3.3253e-01  2.5320e-01 -2.1371e+01 -3.4517e-01 -3.2387e-01  4.7852e+01  3.2453e-01  6.0726e-01 -4.7287e+01 -3.2201e-01 -6.0161e-01
-7.8333e-01     1.9718e+01  3.2112e-01  2.4246e-01 -2.2001e+01 -3.5072e-01 -3.3499e-01  4.8019e+01  3.2725e-01  6.0933e-01 -4.7468e+01 -3.2490e-01 -6.0435e-01
-7.7500e-01     1.7820e+01  2.7847e-01  2.2332e-01 -2.0872e+01 -3.2746e-01 -3.1587e-01  4.8175e+01  3.2975e-01  6.1126e-01 -4.7646e+01 -3.2773e-01 -6.0706e-01
-7.6667e-01     1.5524e+01  2.3371e-01  1.9687e-01 -1.9000e+01 -2.9229e-01 -2.8841e-01  4.8314e+01  3.3188e-01  6.1301e-01 -4.7812e+01 -3.3030e-01 -6.0957e-01
-7.5833e-01     1.5810e+01  2.3021e-01  2.0903e-01 -1.7283e+01 -2.5880e-01 -2.4951e-01  4.8444e+01  3.3381e-01  6.1470e-01 -4.7963e+01 -3.3260e-01 -6.1181e-01
-7.5000e-01     1.8287e+01  2.6231e-01  2.4829e-01 -1.6470e+01 -2.4066e-01 -2.2717e-01  4.8586e+01  3.3586e-01  6.1660e-01 -4.8103e+01 -3.3467e-01 -6.1379e-01
-7.4167e-01     2.1419e+01  3.1043e-01  2.9339e-01 -1.7522e+01 -2.5473e-01 -2.3034e-01  4.8751e+01  3.3824e-01  6.1886e-01 -4.8245e+01 -3.3673e-01 -6.1570e-01
-7.3333e-01     2.2631e+01  3.6987e-01  3.1144e-01 -1.9527e+01 -3.0260e-01 -2.5778e-01  4.8934e+01  3.4107e-01  6.2137e-01 -4.8399e+01 -3.3905e-01 -6.1773e-01
-7.2500e-01     2.2476e+01  4.0744e-01  2.9445e-01 -2.0820e+01 -3.4738e-01 -2.7951e-01  4.9122e+01  3.4430e-01  6.2389e-01 -4.8567e+01 -3.4176e-01 -6.1996e-01
-7.1667e-01     1.9412e+01  3.5918e-01  2.4939e-01 -2.2154e+01 -4.0392e-01 -3.0690e-01  4.9296e+01  3.4749e-01  6.2615e-01 -4.8745e+01 -3.4488e-01 -6.2240e-01
-7.0833e-01     1.7511e+01  2.8025e-01  2.0638e-01 -2.0890e+01 -4.4623e-01 -2.9343e-01  4.9450e+01  3.5015e-01  6.2805e-01 -4.8924e+01 -3.4842e-01 -6.2490e-01
-7.0000e-01     2.0470e+01  3.1192e-01  2.4139e-01 -1.6560e+01 -2.9491e-01 -1.9690e-01  4.9608e+01  3.5261e-01  6.2991e-01 -4.9080e+01 -3.5150e-01 -6.2694e-01
-6.9167e-01     2.0023e+01  2.8439e-01  2.3429e-01 -1.7220e+01 -2.8388e-01 -2.0907e-01  4.9776e+01  3.5510e-01  6.3189e-01 -4.9221e+01 -3.5391e-01 -6.2863e-01
-6.8333e-01     1.9688e+01  2.7032e-01  2.3087e-01 -2.0124e+01 -3.2111e-01 -2.4230e-01  4.9941e+01  3.5740e-01  6.3383e-01 -4.9376e+01 -3.5643e-01 -6.3050e-01
-6.7500e-01     2.1552e+01  2.7779e-01  2.5691e-01 -2.0055e+01 -2.9524e-01 -2.3614e-01  5.0113e+01  3.5968e-01  6.3586e-01 -4.9543e+01 -3.5899e-01 -6.3249e-01
-6.6667e-01     2.5525e+01  3.0751e-01  3.1172e-01 -1.9997e+01 -2.8404e-01 -2.4715e-01  5.0309e+01  3.6212e-01  6.3822e-01 -4.9710e+01 -3.6140e-01 -6.3450e-01
-6.5833e-01     2.2816e+01  2.6957e-01  2.7024e-01 -2.2206e+01 -2.9131e-01 -2.9816e-01  5.0510e+01  3.6452e-01  6.4064e-01 -4.9885e+01 -3.6379e-01 -6.3677e-01
-6.5000e-01     2.4138e+01  3.0790e-01  3.0708e-01 -2.4970e+01 -3.0921e-01 -3.3364e-01  5.0705e+01  3.6692e-01  6.4304e-01 -5.0082e+01 -3.6629e-01 -6.3940e-01
-6.4167e-01     2.3748e+01  2.8235e-01  3.2475e-01 -2.1524e+01 -2.8605e-01 -2.6545e-01  5.0904e+01  3.6938e-01  6.4567e-01 -5.0275e+01 -3.6877e-01 -6.4189e-01
-6.3333e-01     2.2737e+01  2.7090e-01  3.4651e-01 -2.2777e+01 -2.9489e-01 -2.9394e-01  5.1098e+01  3.7168e-01  6.4846e-01 -5.0459e+01 -3.7118e-01 -6.4422e-01
-6.2500e-01     2.2717e+01  2.7613e-01  3.5792e-01 -2.3111e+01 -2.8873e-01 -3.1672e-01  5.1287e+01  3.7395e-01  6.5139e-01 -5.0650e+01 -3.7361e-01 -6.4676e-01
-6.1667e-01     2.1091e+01  2.6238e-01  3.3943e-01 -2.1609e+01 -2.7142e-01 -3.0901e-01  5.1469e+01  3.7619e-01  6.5430e-01 -5.0836e+01 -3.7594e-01 -6.4936e-01
-6.0833e-01     2.2367e+01  3.1469e-01  3.9258e-01 -2.0942e+01 -2.7353e-01 -3.1231e-01  5.1650e+01  3.7859e-01  6.5734e-01 -5.1013e+01 -3.7821e-01 -6.5195e-01
-6.0000e-01     1.8198e+01  2.0938e-01  2.7603e-01 -2.1197e+01 -2.9246e-01 -3.2407e-01  5.1818e+01  3.8077e-01  6.6012e-01 -5.1188e+01 -3.8056e-01 -6.5459e-01
-5.9167e-01     2.0115e+01  2.4759e-01  2.8659e-01 -2.0742e+01 -2.6625e-01 -3.1016e-01  5.1978e+01  3.8267e-01  6.6246e-01 -5.1363e+01 -3.8289e-01 -6.5723e-01
-5.8333e-01     2.2945e+01  3.0203e-01  2.9881e-01 -1.9703e+01 -2.4642e-01 -2.9067e-01  5.2157e+01  3.8496e-01  6.6490e-01 -5.1531e+01 -3.8502e-01 -6.5973e-01
-5.7500e-01     2.3994e+01  3.3188e-01  2.8619e-01 -2.0064e+01 -2.5636e-01 -2.7396e-01  5.2352e+01  3.8760e-01  6.6733e-01 -5.1697e+01 -3.8711e-01 -6.6208e-01
-5.6667e-01     2.3614e+01  3.0837e-01  2.7306e-01 -2.2316e+01 -2.8752e-01 -2.6990e-01  5.2550e+01  3.9026e-01  6.6966e-01 -5.1873e+01 -3.8937e-01 -6.6434e-01
-5.5833e-01     2.2285e+01  2.8076e-01  2.6873e-01 -2.4005e+01 -3.2051e-01 -2.6780e-01  5.2741e+01  3.9271e-01  6.7191e-01 -5.2066e+01 -3.9190e-01 -6.6658e-01
-5.5000e-01     2.0169e+01  2.5468e-01  2.5338e-01 -2.5486e+01 -3.4717e-01 -2.7493e-01  5.2918e+01  3.9494e-01  6.7408e-01 -5.2271e+01 -3.9468e-01 -6.6884e-01
-5.4167e-01     1.9259e+01  2.4215e-01  2.5849e-01 -2.4835e+01 -3.2153e-01 -2.8245e-01  5.3082e+01  3.9700e-01  6.7621e-01 -5.2481e+01 -3.9746e-01 -6.7116e-01
-5.3333e-01     2.3811e+01  2.8692e-01  3.3932e-01 -2.2046e+01 -2.6132e-01 -2.8305e-01  5.3261e+01  3.9921e-01  6.7870e-01 -5.2676e+01 -3.9988e-01 -6.7351e-01
-5.2500e-01     2.4945e+01  2.9715e-01  3.4180e-01 -2.3019e+01 -2.5924e-01 -3.1753e-01  5.3464e+01  4.0163e-01  6.8153e-01 -5.2863e+01 -4.0205e-01 -6.7601e-01
-5.1667e-01     2.6670e+01  3.5773e-01  3.9385e-01 -2.6460e+01 -2.7682e-01 -3.5594e-01  5.3678e+01  4.0436e-01  6.8459e-01 -5.3069e+01 -4.0428e-01 -6.7881e-01
-5.0833e-01     2.3422e+01  2.9191e-01  3.3319e-01 -2.6360e+01 -2.9277e-01 -3.6545e-01  5.3887e+01  4.0706e-01  6.8762e-01 -5.3289e+01 -4.0665e-01 -6.8181e-01
-5.0000e-01     2.2258e+01  2.6071e-01  3.0593e-01 -2.6716e+01 -3.2498e-01 -3.8520e-01  5.4077e+01  4.0936e-01  6.9027e-01 -5.3509e+01 -4.0922e-01 -6.8493e-01
-4.9167e-01     2.3823e+01  2.7499e-01  3.1897e-01 -2.2012e+01 -2.4151e-01 -3.0401e-01  5.4269e+01  4.1159e-01  6.9287e-01 -5.3712e+01 -4.1158e-01 -6.8780e-01
-4.8333e-01     2.4129e+01  2.9332e-01  3.0422e-01 -2.3456e+01 -2.4163e-01 -3.0525e-01  5.4468e+01  4.1395e-01  6.9547e-01 -5.3901e+01 -4.1359e-01 -6.9033e-01
-4.7500e-01     2.5082e+01  3.3161e-01  3.2764e-01 -2.4549e+01 -2.5709e-01 -3.0584e-01  5.4673e+01  4.1655e-01  6.9809e-01 -5.4101e+01 -4.1566e-01 -6.9287e-01
-4.6667e-01     2.3076e+01  3.2977e-01  2.8287e-01 -2.4011e+01 -2.6926e-01 -2.9375e-01  5.4873e+01  4.1930e-01  7.0063e-01 -5.4303e+01 -4.1785e-01 -6.9537e-01
-4.5833e-01     2.3884e+01  3.4236e-01  2.9125e-01 -2.2171e+01 -2.6384e-01 -2.6051e-01  5.5068e+01  4.2210e-01  7.0302e-01 -5.4495e+01 -4.2007e-01 -6.9767e-01
-4.5000e-01     2.4817e+01  3.6405e-01  2.8165e-01 -2.2710e+01 -2.8011e-01 -2.6796e-01  5.5271e+01  4.2504e-01  7.0541e-01 -5.4682e+01 -4.2233e-01 -6.9987e-01
-4.4167e-01     2.8791e+01  4.0271e-01  3.1740e-01 -2.4361e+01 -2.8637e-01 -2.5414e-01  5.5494e+01  4.2823e-01  7.0790e-01 -5.4878e+01 -4.2469e-01 -7.0204e-01
-4.3333e-01     2.4964e+01  3.4603e-01  2.7621e-01 -2.8028e+01 -3.1720e-01 -2.6069e-01  5.5718e+01  4.3134e-01  7.1037e-01 -5.5096e+01 -4.2720e-01 -7.0419e-01
-4.2500e-01     2.3975e+01  3.3212e-01  2.6438e-01 -2.5381e+01 -3.0835e-01 -2.5769e-01  5.5921e+01  4.3416e-01  7.1261e-01 -5.5318e+01 -4.2980e-01 -7.0634e-01
-4.1667e-01     2.3980e+01  3.3998e-01  2.6860e-01 -2.4564e+01 -3.1458e-01 -2.6066e-01  5.6121e+01  4.3696e-01  7.1483e-01 -5.5525e+01 -4.3239e-01 -7.0850e-01
-4.0833e-01     2.6683e+01  4.0424e-01  2.9249e-01 -2.1380e+01 -3.0228e-01 -2.4232e-01  5.6331e+01  4.4005e-01  7.1717e-01 -5.5717e+01 -4.3496e-01 -7.1059e-01
-4.0000e-01     2.2992e+01  3.4114e-01  2.4965e-01 -2.5621e+01 -3.8320e-01 -2.9924e-01  5.6538e+01  4.4315e-01  7.1942e-01 -5.5912e+01 -4.3781e-01 -7.1284e-01
-3.9167e-01     2.0116e+01  2.8454e-01  2.1750e-01 -2.8377e+01 -4.2440e-01 -3.1571e-01  5.6717e+01  4.4576e-01  7.2136e-01 -5.6137e+01 -4.4117e-01 -7.1540e-01
-3.8333e-01     2.0783e+01  2.9190e-01  2.1580e-01 -2.1462e+01 -3.1575e-01 -2.3663e-01  5.6887e+01  4.4816e-01  7.2317e-01 -5.6344e+01 -4.4425e-01 -7.1770e-01
-3.7500e-01     2.2491e+01  3.5337e-01  2.1498e-01 -2.0529e+01 -3.0328e-01 -2.1309e-01  5.7067e+01  4.5084e-01  7.2496e-01 -5.6519e+01 -4.4682e-01 -7.1957e-01
-3.6667e-01     2.1542e+01  3.5767e-01  2.0472e-01 -2.3061e+01 -3.6015e-01 -2.1987e-01  5.7251e+01  4.5380e-01  7.2670e-01 -5.6700e+01 -4.4958e-01 -7.2137e-01
-3.5833e-01     2.5942e+01  4.5230e-01  2.7070e-01 -2.2145e+01 -3.6518e-01 -2.2759e-01  5.7448e+01  4.5717e-01  7.2868e-01 -5.6888e+01 -4.5260e-01 -7.2323e-01
-3.5000e-01     2.7546e+01  4.4813e-01  2.6257e-01 -2.3958e+01 -4.1938e-01 -2.7512e-01  5.7671e+01  4.6091e-01  7.3090e-01 -5.7080e+01 -4.5586e-01 -7.2532e-01
-3.4167e-01     2.5133e+01  3.6552e-01  2.4388e-01 -2.3280e+01 -3.8135e-01 -2.4793e-01  5.7890e+01  4.6430e-01  7.3301e-01 -5.7276e+01 -4.5919e-01 -7.2750e-01
-3.3333e-01     2.2208e+01  2.9467e-01  2.1911e-01 -2.5462e+01 -3.8860e-01 -2.5805e-01  5.8087e+01  4.6704e-01  7.3493e-01 -5.7479e+01 -4.6239e-01 -7.2960e-01
-3.2500e-01     2.2946e+01  2.7053e-01  2.2260e-01 -2.2944e+01 -3.3162e-01 -2.3031e-01  5.8275e+01  4.6939e-01  7.3677e-01 -5.7680e+01 -4.6539e-01 -7.3163e-01
-3.1667e-01     2.5530e+01  2.7973e-01  2.3877e-01 -2.3281e+01 -2.9827e-01 -2.1392e-01  5.8476e+01  4.7168e-01  7.3869e-01 -5.7873e+01 -4.6801e-01 -7.3348e-01
-3.0833e-01     2.1333e+01  2.3619e-01  1.9193e-01 -2.3740e+01 -3.0069e-01 -2.1751e-01  5.8671e+01  4.7383e-01  7.4048e-01 -5.8068e+01 -4.7050e-01 -7.3528e-01
-3.0000e-01     2.1833e+01  2.4379e-01  2.2985e-01 -2.1985e+01 -2.7747e-01 -2.1188e-01  5.8851e+01  4.7583e-01  7.4224e-01 -5.8259e+01 -4.7291e-01 -7.3706e-01
-2.9167e-01     2.7098e+01  3.1970e-01  2.7795e-01 -1.7372e+01 -2.0492e-01 -1.7854e-01  5.9054e+01  4.7817e-01  7.4435e-01 -5.8422e+01 -4.7491e-01 -7.3869e-01
-2.8333e-01     3.3037e+01  4.3316e-01  3.3464e-01 -2.6892e+01 -3.0513e-01 -2.5308e-01  5.9304e+01  4.8130e-01  7.4690e-01 -5.8606e+01 -4.7704e-01 -7.4048e-01
-2.7500e-01     2.5047e+01  3.3548e-01  2.5403e-01 -2.5295e+01 -3.2800e-01 -2.5736e-01  5.9546e+01  4.8450e-01  7.4934e-01 -5.8823e+01 -4.7967e-01 -7.4261e-01
-2.6667e-01     1.8125e+01  2.6402e-01  1.7599e-01 -2.5457e+01 -3.5642e-01 -2.5619e-01  5.9726e+01  4.8699e-01  7.5113e-01 -5.9035e+01 -4.8252e-01 -7.4474e-01
-2.5833e-01     2.3347e+01  3.7065e-01  2.3197e-01 -2.3403e+01 -3.5456e-01 -2.2765e-01  5.9898e+01  4.8963e-01  7.5283e-01 -5.9238e+01 -4.8547e-01 -7.4676e-01
-2.5000e-01     2.7308e+01  4.4944e-01  2.8860e-01 -2.0343e+01 -3.5021e-01 -2.0153e-01  6.0109e+01  4.9304e-01  7.5500e-01 -5.9420e+01 -4.8841e-01 -7.4854e-01
-2.4167e-01     2.9456e+01  4.6353e-01  3.1422e-01 -2.6211e+01 -4.5209e-01 -2.7207e-01  6.0345e+01  4.9684e-01  7.5750e-01 -5.9613e+01 -4.9174e-01 -7.5051e-01
-2.3333e-01     2.9063e+01  4.3838e-01  3.1335e-01 -3.2861e+01 -4.8821e-01 -3.5141e-01  6.0588e+01  5.0059e-01  7.6011e-01 -5.9859e+01 -4.9565e-01 -7.5310e-01
-2.2500e-01     2.4497e+01  3.9246e-01  2.7926e-01 -2.8966e+01 -4.5286e-01 -2.9543e-01  6.0811e+01  5.0405e-01  7.6258e-01 -6.0116e+01 -4.9957e-01 -7.5579e-01
-2.1667e-01     2.3646e+01  3.8658e-01  2.6870e-01 -2.3582e+01 -3.9104e-01 -2.4356e-01  6.1011e+01  5.0729e-01  7.6486e-01 -6.0335e+01 -5.0308e-01 -7.5804e-01
-2.0833e-01     2.6457e+01  4.2592e-01  3.0826e-01 -2.4979e+01 -4.2817e-01 -2.6547e-01  6.1220e+01  5.1067e-01  7.6726e-01 -6.0537e+01 -5.0649e-01 -7.6015e-01
-2.0000e-01     3.1350e+01  4.9552e-01  3.8192e-01 -2.4543e+01 -4.0162e-01 -2.7723e-01  6.1460e+01  5.1450e-01  7.7013e-01 -6.0743e+01 -5.0994e-01 -7.6241e-01
-1.9167e-01     3.2666e+01  5.0429e-01  4.1486e-01 -2.5657e+01 -4.0730e-01 -3.1030e-01  6.1727e+01  5.1866e-01  7.7344e-01 -6.0952e+01 -5.1330e-01 -7.6486e-01
-1.8333e-01     2.4673e+01  3.4562e-01  3.1552e-01 -2.7998e+01 -4.6080e-01 -3.5000e-01  6.1965e+01  5.2220e-01  7.7648e-01 -6.1175e+01 -5.1691e-01 -7.6760e-01
-1.7500e-01     2.5194e+01  3.3410e-01  3.1931e-01 -2.8290e+01 -4.4658e-01 -3.5812e-01  6.2172e+01  5.2502e-01  7.7912e-01 -6.1409e+01 -5.2069e-01 -7.7055e-01
-1.6667e-01     2.5204e+01  3.1603e-01  3.1103e-01 -2.7673e+01 -4.1153e-01 -3.5457e-01  6.2382e+01  5.2773e-01  7.8175e-01 -6.1642e+01 -5.2426e-01 -7.7351e-01
-1.5833e-01     2.4807e+01  3.0255e-01  2.9890e-01 -2.7779e+01 -3.8528e-01 -3.5322e-01  6.2590e+01  5.3030e-01  7.8428e-01 -6.1873e+01 -5.2757e-01 -7.7646e-01
-1.5000e-01     2.4035e+01  2.8536e-01  2.9176e-01 -2.8333e+01 -3.6302e-01 -3.6305e-01  6.2793e+01  5.3275e-01  7.8674e-01 -6.2106e+01 -5.3069e-01 -7.7944e-01
-1.4167e-01     2.5843e+01  2.9266e-01  3.2479e-01 -2.6854e+01 -3.2024e-01 -3.5041e-01  6.3001e+01  5.3515e-01  7.8930e-01 -6.2335e+01 -5.3353e-01 -7.8240e-01
-1.3333e-01     2.9657e+01  4.2009e-01  3.4140e-01 -2.5834e+01 -2.8435e-01 -3.5198e-01  6.3232e+01  5.3812e-01  7.9208e-01 -6.2555e+01 -5.3604e-01 -7.8533e-01
-1.2500e-01     1.9799e+01  2.3095e-01  2.3899e-01 -2.5640e+01 -2.8404e-01 -3.5214e-01  6.3437e+01  5.4082e-01  7.9449e-01 -6.2769e+01 -5.3841e-01 -7.8825e-01
-1.1667e-01     2.1424e+01  2.6066e-01  2.8213e-01 -2.1824e+01 -2.4113e-01 -2.8991e-01  6.3609e+01  5.4287e-01  7.9666e-01 -6.2966e+01 -5.4059e-01 -7.9093e-01
-1.0833e-01     2.2025e+01  2.6023e-01  2.7437e-01 -2.0705e+01 -2.2199e-01 -2.7624e-01  6.3790e+01  5.4504e-01  7.9897e-01 -6.3143e+01 -5.4252e-01 -7.9328e-01
-1.0000e-01     2.3907e+01  2.8612e-01  2.8479e-01 -2.1451e+01 -2.3589e-01 -2.7690e-01  6.3981e+01  5.4731e-01  8.0130e-01 -6.3318e+01 -5.4442e-01 -7.9558e-01
-9.1667e-02     2.3235e+01  2.7603e-01  2.7296e-01 -2.3813e+01 -2.5987e-01 -2.8586e-01  6.4177e+01  5.4965e-01  8.0362e-01 -6.3507e+01 -5.4649e-01 -7.9792e-01
-8.3333e-02     2.2369e+01  2.6461e-01  2.6378e-01 -2.5084e+01 -2.8253e-01 -3.0136e-01  6.4366e+01  5.5190e-01  8.0585e-01 -6.3710e+01 -5.4874e-01 -8.0037e-01
-7.5000e-02     2.7185e+01  3.2362e-01  3.1359e-01 -2.3726e+01 -2.8284e-01 -2.8958e-01  6.4573e+01  5.5434e-01  8.0825e-01 -6.3913e+01 -5.5109e-01 -8.0282e-01
-6.6667e-02     2.6850e+01  3.3719e-01  3.1209e-01 -2.6626e+01 -3.4058e-01 -3.3123e-01  6.4797e+01  5.5709e-01  8.1086e-01 -6.4123e+01 -5.5369e-01 -8.0541e-01
-5.8333e-02     2.4710e+01  3.1604e-01  2.9587e-01 -2.7788e+01 -3.7358e-01 -3.4761e-01  6.5012e+01  5.5981e-01  8.1338e-01 -6.4349e+01 -5.5666e-01 -8.0823e-01
-5.0000e-02     2.5156e+01  3.2939e-01  3.0415e-01 -2.5850e+01 -3.6842e-01 -3.1463e-01  6.5219e+01  5.6249e-01  8.1588e-01 -6.4572e+01 -5.5974e-01 -8.1098e-01
-4.1667e-02     2.1934e+01  2.8878e-01  2.7146e-01 -2.4030e+01 -3.2383e-01 -2.8765e-01  6.5415e+01  5.6507e-01  8.1827e-01 -6.4780e+01 -5.6262e-01 -8.1349e-01
-3.3333e-02     2.1440e+01  2.8204e-01  2.6334e-01 -2.2770e+01 -3.0246e-01 -2.6863e-01  6.5596e+01  5.6744e-01  8.2050e-01 -6.4974e+01 -5.6523e-01 -8.1580e-01
-2.5000e-02     2.3166e+01  2.9828e-01  2.8205e-01 -2.1303e+01 -2.8119e-01 -2.5064e-01  6.5781e+01  5.6985e-01  8.2277e-01 -6.5158e+01 -5.6766e-01 -8.1796e-01
-1.6667e-02     2.3811e+01  2.9673e-01  3.0282e-01 -2.3641e+01 -3.0681e-01 -2.8976e-01  6.5977e+01  5.7233e-01  8.2520e-01 -6.5345e+01 -5.7010e-01 -8.2021e-01
-8.3333e-03     2.3765e+01  2.8173e-01  3.2128e-01 -2.4236e+01 -3.0734e-01 -3.0976e-01  6.6174e+01  5.7474e-01  8.2780e-01 -6.5544e+01 -5.7266e-01 -8.2271e-01
