-5.0000e+00     1.7646e+01  2.4726e-01  1.4713e-01 -1.2673e+01 -2.4588e-01 -8.6545e-02  0.0000e+00  0.0000e+00  0.0000e+00 -0.0000e+00 -0.0000e+00 -0.0000e+00
-4.9917e+00     1.3898e+01  2.4040e-01  8.7907e-02 -1.0990e+01 -2.2203e-01 -6.8329e-02  1.3121e-01  2.0286e-03  9.7771e-04 -9.8432e-02 -1.9464e-03 -6.4424e-04
-4.9833e+00     1.3249e+01  2.4808e-01  8.4258e-02 -1.3661e+01 -2.5253e-01 -7.1720e-02  2.4414e-01  4.0605e-03  1.6939e-03 -2.0097e-01 -3.9204e-03 -1.2268e-03
-4.9750e+00     1.2273e+01  2.2071e-01  6.7975e-02 -2.0892e+01 -3.2420e-01 -8.9635e-02  3.5030e-01  6.0106e-03  2.3271e-03 -3.4470e-01 -6.3195e-03 -1.8980e-03
-4.9667e+00     1.8587e+01  2.6227e-01  8.4590e-02 -2.1785e+01 -3.7918e-01 -9.9720e-02  4.7867e-01  8.0197e-03  2.9617e-03 -5.2222e-01 -9.2454e-03 -2.6857e-03
-4.9583e+00     2.1820e+01  3.3454e-01  1.0248e-01 -2.7294e+01 -5.8309e-01 -1.2293e-01  6.4676e-01  1.0502e-02  3.7399e-03 -7.2638e-01 -1.3248e-02 -3.6118e-03
-4.9500e+00     2.2155e+01  4.0089e-01  1.0332e-01 -1.7881e+01 -3.6314e-01 -9.3253e-02  8.2968e-01  1.3561e-02  4.5960e-03 -9.1430e-01 -1.7184e-02 -4.5111e-03
-4.9417e+00     1.6225e+01  3.4385e-01  7.5394e-02 -2.1747e+01 -3.1607e-01 -9.9763e-02  9.8933e-01  1.6659e-02  5.3394e-03 -1.0791e+00 -2.0010e-02 -5.3140e-03
-4.9333e+00     1.8575e+01  3.3958e-01  9.0300e-02 -2.6485e+01 -2.6334e-01 -1.2720e-01  1.1341e+00  1.9502e-02  6.0287e-03 -1.2798e+00 -2.2420e-02 -6.2581e-03
-4.9250e+00     2.1487e+01  3.0310e-01  9.4262e-02 -1.8698e+01 -1.5976e-01 -1.0930e-01  1.3007e+00  2.2176e-02  6.7964e-03 -1.4677e+00 -2.4180e-02 -7.2418e-03
-4.9167e+00     1.8885e+01  1.8031e-01  1.1133e-01 -3.4453e+01 -1.9027e-01 -1.1681e-01  1.4687e+00  2.4186e-02  7.6516e-03 -1.6888e+00 -2.5636e-02 -8.1824e-03
-4.9083e+00     2.1183e+01  1.4681e-01  1.1213e-01 -1.9685e+01 -1.3136e-01 -8.1356e-02  1.6353e+00  2.5547e-02  8.5811e-03 -1.9140e+00 -2.6974e-02 -9.0067e-03
-4.9000e+00     4.0811e+01  2.0125e-01  1.4263e-01 -1.3042e+01 -1.0928e-01 -3.5264e-02  1.8932e+00  2.6995e-02  9.6408e-03 -2.0502e+00 -2.7975e-02 -9.4918e-03
-4.8917e+00     1.3719e+01  1.0354e-01  4.8553e-02 -1.6050e+01 -1.6332e-01 -4.6641e-02  2.1201e+00  2.8263e-02  1.0436e-02 -2.1712e+00 -2.9109e-02 -9.8325e-03
-4.8833e+00     1.5112e+01  1.2451e-01  4.5629e-02 -1.4643e+01 -1.4265e-01 -4.7876e-02  2.2400e+00  2.9212e-02  1.0828e-02 -2.2988e+00 -3.0382e-02 -1.0226e-02
-4.8750e+00     1.4791e+01  1.2013e-01  4.5052e-02 -1.7270e+01 -1.5651e-01 -5.2528e-02  2.3644e+00  3.0229e-02  1.1205e-02 -2.4316e+00 -3.1626e-02 -1.0643e-02
-4.8667e+00     1.7391e+01  1.3991e-01  5.3622e-02 -1.5025e+01 -1.2929e-01 -5.0487e-02  2.4982e+00  3.1311e-02  1.1616e-02 -2.5659e+00 -3.2815e-02 -1.1072e-02
-4.8583e+00     1.9007e+01  1.4492e-01  5.6535e-02 -1.4355e+01 -1.3347e-01 -4.8867e-02  2.6496e+00  3.2496e-02  1.2074e-02 -2.6881e+00 -3.3908e-02 -1.1485e-02
-4.8500e+00     7.7390e+00  8.4932e-02  4.1083e-02 -1.8889e+01 -1.5686e-01 -5.1917e-02  2.7609e+00  3.3452e-02  1.2480e-02 -2.8264e+00 -3.5116e-02 -1.1904e-02
-4.8417e+00     1.0379e+01  1.0469e-01  4.2464e-02 -2.0996e+01 -1.7699e-01 -6.0001e-02  2.8363e+00  3.4241e-02  1.2827e-02 -2.9923e+00 -3.6504e-02 -1.2370e-02
-4.8333e+00     2.4454e+01  1.7816e-01  6.3245e-02 -1.7574e+01 -1.7249e-01 -4.2711e-02  2.9812e+00  3.5417e-02  1.3267e-02 -3.1528e+00 -3.7958e-02 -1.2797e-02
-4.8250e+00     2.0652e+01  1.6275e-01  5.3628e-02 -9.4493e+00 -6.3573e-02 -2.6384e-02  3.1688e+00  3.6835e-02  1.3753e-02 -3.2652e+00 -3.8940e-02 -1.3085e-02
-4.8167e+00     1.9383e+01  1.7748e-01  4.3654e-02 -9.0695e+00 -5.6095e-02 -2.5592e-02  3.3353e+00  3.8250e-02  1.4158e-02 -3.3422e+00 -3.9438e-02 -1.3301e-02
-4.8083e+00     9.7406e+00  6.1380e-02  2.5668e-02 -9.9095e+00 -6.1482e-02 -3.1393e-02  3.4565e+00  3.9244e-02  1.4446e-02 -3.4212e+00 -3.9927e-02 -1.3538e-02
-4.8000e+00     9.7864e+00  6.0668e-02  2.6310e-02 -1.1306e+01 -7.2565e-02 -4.0723e-02  3.5377e+00  3.9752e-02  1.4662e-02 -3.5094e+00 -4.0484e-02 -1.3838e-02
-4.7917e+00     1.1345e+01  7.4592e-02  3.5271e-02 -2.3992e+01 -2.2020e-01 -8.0215e-02  3.6256e+00  4.0314e-02  1.4919e-02 -3.6563e+00 -4.1702e-02 -1.4341e-02
-4.7833e+00     2.2341e+01  1.9093e-01  7.3674e-02 -3.1391e+01 -2.8322e-01 -9.2992e-02  3.7657e+00  4.1419e-02  1.5372e-02 -3.8866e+00 -4.3796e-02 -1.5061e-02
-4.7750e+00     2.9381e+01  2.6491e-01  9.2460e-02 -2.2029e+01 -1.8900e-01 -7.7279e-02  3.9809e+00  4.3315e-02  1.6063e-02 -4.1088e+00 -4.5761e-02 -1.5770e-02
-4.7667e+00     2.3686e+01  2.0983e-01  8.6398e-02 -2.1346e+01 -1.7477e-01 -8.4129e-02  4.2016e+00  4.5290e-02  1.6807e-02 -4.2893e+00 -4.7274e-02 -1.6441e-02
-4.7583e+00     2.1044e+01  1.8737e-01  8.8976e-02 -2.1569e+01 -1.3502e-01 -9.2804e-02  4.3877e+00  4.6942e-02  1.7536e-02 -4.4678e+00 -4.8563e-02 -1.7177e-02
-4.7500e+00     2.1612e+01  1.4314e-01  1.0001e-01 -1.8053e+01 -1.0407e-01 -9.1621e-02  4.5651e+00  4.8317e-02  1.8323e-02 -4.6326e+00 -4.9557e-02 -1.7944e-02
-4.7417e+00     1.9297e+01  1.0849e-01  9.2939e-02 -2.3109e+01 -1.3576e-01 -1.2724e-01  4.7353e+00  4.9364e-02  1.9125e-02 -4.8038e+00 -5.0555e-02 -1.8855e-02
-4.7333e+00     1.5000e+01  8.2524e-02  8.2855e-02 -2.0943e+01 -1.0766e-01 -1.2182e-01  4.8780e+00  5.0158e-02  1.9856e-02 -4.9871e+00 -5.1567e-02 -1.9891e-02
-4.7250e+00     2.7730e+01  1.2444e-01  1.3909e-01 -2.0245e+01 -9.0335e-02 -1.2218e-01  5.0557e+00  5.1019e-02  2.0780e-02 -5.1584e+00 -5.2391e-02 -2.0906e-02
-4.7167e+00     2.9977e+01  1.1454e-01  1.5027e-01 -1.7770e+01 -8.0086e-02 -6.4894e-02  5.2958e+00  5.2013e-02  2.1983e-02 -5.3165e+00 -5.3100e-02 -2.1684e-02
-4.7083e+00     1.5019e+01  7.1452e-02  5.3549e-02 -1.4315e+01 -8.0575e-02 -5.3828e-02  5.4829e+00  5.2787e-02  2.2831e-02 -5.4500e+00 -5.3768e-02 -2.2178e-02
-4.7000e+00     1.2905e+01  6.8651e-02  4.9919e-02 -2.0048e+01 -1.0252e-01 -1.0003e-01  5.5991e+00  5.3370e-02  2.3261e-02 -5.5929e+00 -5.4530e-02 -2.2818e-02
-4.6917e+00     2.2818e+01  1.1891e-01  1.1458e-01 -2.5340e+01 -1.1207e-01 -1.5438e-01  5.7477e+00  5.4150e-02  2.3946e-02 -5.7818e+00 -5.5422e-02 -2.3876e-02
-4.6833e+00     3.7179e+01  1.7039e-01  1.9412e-01 -3.1682e+01 -1.4027e-01 -2.2080e-01  5.9973e+00  5.5353e-02  2.5230e-02 -6.0189e+00 -5.6472e-02 -2.5437e-02
-4.6750e+00     3.3515e+01  1.8128e-01  2.0581e-01 -2.7818e+01 -1.6478e-01 -2.8523e-01  6.2913e+00  5.6816e-02  2.6893e-02 -6.2665e+00 -5.7741e-02 -2.7542e-02
-4.6667e+00     1.9035e+01  9.7649e-02  1.7472e-01 -1.5059e+01 -7.5575e-02 -1.5930e-01  6.5099e+00  5.7976e-02  2.8476e-02 -6.4448e+00 -5.8741e-02 -2.9391e-02
-4.6583e+00     1.5266e+01  5.7080e-02  1.2308e-01 -1.4026e+01 -6.2013e-02 -1.3361e-01  6.6526e+00  5.8620e-02  2.9715e-02 -6.5658e+00 -5.9313e-02 -3.0609e-02
-4.6500e+00     1.5747e+01  5.4667e-02  1.2093e-01 -1.7471e+01 -7.0924e-02 -1.3147e-01  6.7816e+00  5.9085e-02  3.0730e-02 -6.6968e+00 -5.9866e-02 -3.1712e-02
-4.6417e+00     1.9720e+01  6.0506e-02  1.6833e-01 -3.3084e+01 -8.8067e-02 -2.3572e-01  6.9291e+00  5.9564e-02  3.1933e-02 -6.9071e+00 -6.0527e-02 -3.3239e-02
-4.6333e+00     2.8939e+01  8.0140e-02  3.0176e-01 -3.1783e+01 -9.0090e-02 -2.8887e-01  7.1315e+00  6.0149e-02  3.3889e-02 -7.1769e+00 -6.1269e-02 -3.5421e-02
-4.6250e+00     2.4335e+01  7.1038e-02  2.7326e-01 -1.5098e+01 -4.6612e-02 -1.5875e-01  7.3532e+00  6.0778e-02  3.6281e-02 -7.3719e+00 -6.1837e-02 -3.7283e-02
-4.6167e+00     1.3188e+01  4.3991e-02  1.7414e-01 -1.7124e+01 -5.3180e-02 -2.2722e-01  7.5092e+00  6.1256e-02  3.8142e-02 -7.5060e+00 -6.2252e-02 -3.8889e-02
-4.6083e+00     1.4331e+01  4.9009e-02  2.2703e-01 -2.3261e+01 -7.0415e-02 -3.8153e-01  7.6237e+00  6.1643e-02  3.9811e-02 -7.6740e+00 -6.2766e-02 -4.1421e-02
-4.6000e+00     2.1764e+01  7.1571e-02  4.1091e-01 -2.6112e+01 -7.9230e-02 -4.9461e-01  7.7739e+00  6.2145e-02  4.2464e-02 -7.8794e+00 -6.3389e-02 -4.5066e-02
-4.5917e+00     2.3886e+01  7.9881e-02  4.9206e-01 -3.6081e+01 -1.1199e-01 -1.1160e+00  7.9637e+00  6.2775e-02  4.6220e-02 -8.1381e+00 -6.4184e-02 -5.1766e-02
-4.5833e+00     3.7090e+01  1.1663e-01  1.2618e+00 -1.8466e+01 -6.0513e-02 -3.3027e-01  8.2174e+00  6.3592e-02  5.3516e-02 -8.3650e+00 -6.4902e-02 -5.7782e-02
-4.5750e+00     1.8398e+01  6.1944e-02  3.7058e-01 -1.7201e+01 -5.5467e-02 -2.9836e-01  8.4482e+00  6.4335e-02  6.0306e-02 -8.5133e+00 -6.5384e-02 -6.0397e-02
-4.5667e+00     1.6310e+01  5.5680e-02  3.1253e-01 -1.7173e+01 -5.1887e-02 -3.1032e-01  8.5926e+00  6.4824e-02  6.3148e-02 -8.6563e+00 -6.5831e-02 -6.2929e-02
-4.5583e+00     1.4355e+01  4.6176e-02  2.5789e-01 -2.8068e+01 -8.1073e-02 -5.8545e-01  8.7201e+00  6.5248e-02  6.5521e-02 -8.8445e+00 -6.6384e-02 -6.6655e-02
-4.5500e+00     2.1117e+01  6.0453e-02  4.3432e-01 -2.6361e+01 -8.2386e-02 -4.1616e-01  8.8677e+00  6.5691e-02  6.8400e-02 -9.0709e+00 -6.7064e-02 -7.0821e-02
-4.5417e+00     3.0450e+01  8.9716e-02  5.4962e-01 -1.6802e+01 -5.1100e-02 -2.4273e-01  9.0822e+00  6.6316e-02  7.2493e-02 -9.2505e+00 -6.7619e-02 -7.3562e-02
-4.5333e+00     2.0056e+01  5.5921e-02  3.0690e-01 -1.4173e+01 -5.1279e-02 -1.9587e-01  9.2923e+00  6.6922e-02  7.6056e-02 -9.3793e+00 -6.8045e-02 -7.5387e-02
-4.5250e+00     1.4946e+01  4.8663e-02  2.1744e-01 -1.5354e+01 -5.9733e-02 -1.9661e-01  9.4379e+00  6.7357e-02  7.8237e-02 -9.5021e+00 -6.8507e-02 -7.7019e-02
-4.5167e+00     1.3397e+01  5.1830e-02  1.8595e-01 -2.0093e+01 -7.5969e-02 -2.4051e-01  9.5558e+00  6.7775e-02  7.9915e-02 -9.6496e+00 -6.9071e-02 -7.8838e-02
-4.5083e+00     1.6320e+01  6.7010e-02  2.0147e-01 -2.5201e+01 -9.4383e-02 -3.0493e-01  9.6794e+00  6.8269e-02  8.1527e-02 -9.8380e+00 -6.9780e-02 -8.1106e-02
-4.5000e+00     1.9088e+01  7.7389e-02  2.1100e-01 -1.6657e+01 -7.8226e-02 -1.8845e-01  9.8267e+00  6.8870e-02  8.3242e-02 -1.0012e+01 -7.0498e-02 -8.3159e-02
-4.4917e+00     2.3382e+01  9.8965e-02  2.5218e-01 -1.4345e+01 -6.7743e-02 -1.5414e-01  1.0003e+01  6.9604e-02  8.5169e-02 -1.0141e+01 -7.1105e-02 -8.4584e-02
-4.4833e+00     1.5607e+01  7.7838e-02  1.6414e-01 -1.2978e+01 -5.6399e-02 -1.3290e-01  1.0166e+01  7.0339e-02  8.6901e-02 -1.0255e+01 -7.1622e-02 -8.5778e-02
-4.4750e+00     1.4147e+01  6.7430e-02  1.4152e-01 -1.3342e+01 -5.7049e-02 -1.2253e-01  1.0289e+01  7.0943e-02  8.8172e-02 -1.0364e+01 -7.2093e-02 -8.6840e-02
-4.4667e+00     1.2813e+01  5.6367e-02  1.1836e-01 -2.4986e+01 -8.6192e-02 -1.3782e-01  1.0401e+01  7.1458e-02  8.9253e-02 -1.0524e+01 -7.2689e-02 -8.7923e-02
-4.4583e+00     1.3857e+01  5.7577e-02  1.0622e-01 -2.5256e+01 -9.8729e-02 -1.0758e-01  1.0512e+01  7.1932e-02  9.0188e-02 -1.0733e+01 -7.3459e-02 -8.8944e-02
-4.4500e+00     2.5508e+01  8.9155e-02  1.1685e-01 -2.1343e+01 -8.1736e-02 -8.6546e-02  1.0676e+01  7.2543e-02  9.1116e-02 -1.0926e+01 -7.4209e-02 -8.9752e-02
-4.4417e+00     2.5461e+01  9.6300e-02  9.3108e-02 -1.8328e+01 -6.8039e-02 -6.6050e-02  1.0888e+01  7.3314e-02  9.1989e-02 -1.1092e+01 -7.4832e-02 -9.0387e-02
-4.4333e+00     2.1341e+01  7.9227e-02  7.1705e-02 -1.8187e+01 -6.5515e-02 -4.8890e-02  1.1083e+01  7.4044e-02  9.2674e-02 -1.1243e+01 -7.5388e-02 -9.0865e-02
-4.4250e+00     1.7124e+01  6.0880e-02  4.8953e-02 -2.3245e+01 -6.6438e-02 -5.6383e-02  1.1243e+01  7.4627e-02  9.3176e-02 -1.1416e+01 -7.5937e-02 -9.1303e-02
-4.4167e+00     1.7635e+01  6.1570e-02  4.1097e-02 -1.7797e+01 -5.2654e-02 -3.4241e-02  1.1387e+01  7.5136e-02  9.3551e-02 -1.1586e+01 -7.6432e-02 -9.1680e-02
-4.4083e+00     2.0539e+01  6.7171e-02  4.9007e-02 -1.3829e+01 -3.2308e-02 -2.3493e-02  1.1546e+01  7.5672e-02  9.3926e-02 -1.1718e+01 -7.6786e-02 -9.1920e-02
-4.4000e+00     1.7653e+01  5.4939e-02  3.0636e-02 -1.9287e+01 -5.2211e-02 -2.6895e-02  1.1705e+01  7.6180e-02  9.4257e-02 -1.1856e+01 -7.7137e-02 -9.2129e-02
-4.3917e+00     1.4040e+01  3.4078e-02  2.1727e-02 -1.9708e+01 -6.2973e-02 -2.8024e-02  1.1837e+01  7.6550e-02  9.4475e-02 -1.2018e+01 -7.7616e-02 -9.2358e-02
-4.3833e+00     1.6433e+01  4.0222e-02  2.3400e-02 -1.4673e+01 -3.5943e-02 -2.4244e-02  1.1964e+01  7.6859e-02  9.4663e-02 -1.2161e+01 -7.8028e-02 -9.2575e-02
-4.3750e+00     2.6716e+01  7.2073e-02  2.6998e-02 -1.5224e+01 -3.9264e-02 -2.3849e-02  1.2143e+01  7.7326e-02  9.4872e-02 -1.2285e+01 -7.8341e-02 -9.2775e-02
-4.3667e+00     1.5715e+01  3.5079e-02  1.9941e-02 -1.4873e+01 -4.1103e-02 -2.2277e-02  1.2320e+01  7.7772e-02  9.5068e-02 -1.2411e+01 -7.8675e-02 -9.2967e-02
-4.3583e+00     1.6039e+01  3.6208e-02  1.9927e-02 -1.4322e+01 -4.2579e-02 -2.1898e-02  1.2452e+01  7.8069e-02  9.5233e-02 -1.2532e+01 -7.9023e-02 -9.3151e-02
-4.3500e+00     1.5833e+01  3.8184e-02  1.8260e-02 -1.3059e+01 -3.9919e-02 -2.1551e-02  1.2584e+01  7.8378e-02  9.5392e-02 -1.2646e+01 -7.9366e-02 -9.3332e-02
-4.3417e+00     1.4187e+01  3.6442e-02  1.6809e-02 -1.4606e+01 -3.9498e-02 -1.9741e-02  1.2709e+01  7.8688e-02  9.5538e-02 -1.2761e+01 -7.9696e-02 -9.3503e-02
-4.3333e+00     1.3575e+01  3.8208e-02  1.6616e-02 -1.5415e+01 -3.8532e-02 -1.9685e-02  1.2825e+01  7.8999e-02  9.5677e-02 -1.2886e+01 -8.0021e-02 -9.3667e-02
-4.3250e+00     1.6600e+01  4.0187e-02  1.6588e-02 -1.4928e+01 -3.6608e-02 -1.8443e-02  1.2950e+01  7.9325e-02  9.5815e-02 -1.3012e+01 -8.0334e-02 -9.3826e-02
-4.3167e+00     1.4936e+01  3.4940e-02  1.4001e-02 -1.3590e+01 -3.4979e-02 -1.7324e-02  1.3081e+01  7.9638e-02  9.5942e-02 -1.3131e+01 -8.0631e-02 -9.3975e-02
-4.3083e+00     1.4288e+01  3.3414e-02  1.3184e-02 -1.2112e+01 -3.4505e-02 -1.6372e-02  1.3203e+01  7.9922e-02  9.6056e-02 -1.3238e+01 -8.0920e-02 -9.4115e-02
-4.3000e+00     1.2391e+01  3.1401e-02  1.2131e-02 -1.1462e+01 -3.5299e-02 -1.5484e-02  1.3314e+01  8.0192e-02  9.6161e-02 -1.3336e+01 -8.1211e-02 -9.4247e-02
-4.2917e+00     1.1336e+01  3.1461e-02  1.1720e-02 -1.8245e+01 -6.4104e-02 -2.1722e-02  1.3413e+01  8.0453e-02  9.6260e-02 -1.3459e+01 -8.1624e-02 -9.4402e-02
-4.2833e+00     1.0826e+01  3.2164e-02  1.1462e-02 -1.4910e+01 -5.9287e-02 -2.0490e-02  1.3505e+01  8.0718e-02  9.6357e-02 -1.3597e+01 -8.2138e-02 -9.4578e-02
-4.2750e+00     1.1134e+01  3.9050e-02  1.0481e-02 -2.1660e+01 -8.7419e-02 -3.4998e-02  1.3596e+01  8.1014e-02  9.6448e-02 -1.3749e+01 -8.2748e-02 -9.4809e-02
-4.2667e+00     1.1436e+01  4.3339e-02  1.0560e-02 -1.7512e+01 -6.5905e-02 -2.4853e-02  1.3690e+01  8.1357e-02  9.6535e-02 -1.3912e+01 -8.3386e-02 -9.5058e-02
-4.2583e+00     1.3724e+01  5.2150e-02  1.4012e-02 -1.2024e+01 -3.3721e-02 -1.8671e-02  1.3795e+01  8.1754e-02  9.6638e-02 -1.4035e+01 -8.3800e-02 -9.5239e-02
-4.2500e+00     2.6077e+01  1.0684e-01  3.9632e-02 -1.2385e+01 -3.4516e-02 -1.8913e-02  1.3960e+01  8.2415e-02  9.6861e-02 -1.4137e+01 -8.4084e-02 -9.5395e-02
-4.2417e+00     1.2354e+01  3.3539e-02  1.5888e-02 -1.4923e+01 -3.9553e-02 -2.3690e-02  1.4120e+01  8.2999e-02  9.7092e-02 -1.4250e+01 -8.4392e-02 -9.5572e-02
-4.2333e+00     1.1935e+01  3.1293e-02  1.4435e-02 -1.8275e+01 -4.5103e-02 -2.8229e-02  1.4221e+01  8.3269e-02  9.7218e-02 -1.4388e+01 -8.4744e-02 -9.5788e-02
-4.2250e+00     1.2323e+01  3.2151e-02  1.4715e-02 -1.6502e+01 -4.0838e-02 -2.5224e-02  1.4322e+01  8.3533e-02  9.7339e-02 -1.4533e+01 -8.5102e-02 -9.6010e-02
-4.2167e+00     1.2469e+01  3.2503e-02  1.4763e-02 -1.4570e+01 -4.0078e-02 -2.3509e-02  1.4425e+01  8.3802e-02  9.7462e-02 -1.4662e+01 -8.5438e-02 -9.6213e-02
-4.2083e+00     1.7640e+01  4.2502e-02  2.4261e-02 -1.7274e+01 -4.6809e-02 -2.7557e-02  1.4550e+01  8.4114e-02  9.7624e-02 -1.4795e+01 -8.5800e-02 -9.6426e-02
-4.2000e+00     1.7331e+01  4.0778e-02  2.1025e-02 -1.7573e+01 -4.4592e-02 -3.1806e-02  1.4696e+01  8.4460e-02  9.7812e-02 -1.4940e+01 -8.6180e-02 -9.6673e-02
-4.1917e+00     1.3632e+01  3.5529e-02  1.9363e-02 -1.3084e+01 -2.6948e-02 -2.1614e-02  1.4825e+01  8.4778e-02  9.7980e-02 -1.5067e+01 -8.6477e-02 -9.6895e-02
-4.1833e+00     1.6325e+01  4.2110e-02  2.4282e-02 -1.6802e+01 -3.1638e-02 -2.9440e-02  1.4949e+01  8.5100e-02  9.8162e-02 -1.5192e+01 -8.6721e-02 -9.7107e-02
-4.1750e+00     1.7839e+01  4.3855e-02  2.6959e-02 -1.4042e+01 -2.7771e-02 -2.1134e-02  1.5091e+01  8.5458e-02  9.8375e-02 -1.5320e+01 -8.6968e-02 -9.7317e-02
-4.1667e+00     1.4865e+01  3.0110e-02  2.3905e-02 -1.4173e+01 -2.7715e-02 -1.8561e-02  1.5228e+01  8.5766e-02  9.8587e-02 -1.5437e+01 -8.7199e-02 -9.7483e-02
-4.1583e+00     1.8959e+01  3.4435e-02  2.9164e-02 -1.5416e+01 -3.0714e-02 -1.9112e-02  1.5368e+01  8.6034e-02  9.8807e-02 -1.5560e+01 -8.7442e-02 -9.7639e-02
-4.1500e+00     1.4215e+01  2.7016e-02  2.0035e-02 -1.4191e+01 -2.8924e-02 -1.6788e-02  1.5506e+01  8.6290e-02  9.9012e-02 -1.5683e+01 -8.7690e-02 -9.7789e-02
-4.1417e+00     1.4581e+01  2.8546e-02  1.9298e-02 -1.2220e+01 -2.5070e-02 -1.4102e-02  1.5626e+01  8.6521e-02  9.9176e-02 -1.5793e+01 -8.7915e-02 -9.7917e-02
-4.1333e+00     1.4961e+01  2.9475e-02  1.9298e-02 -9.1543e+00 -1.5741e-02 -1.0880e-02  1.5749e+01  8.6762e-02  9.9336e-02 -1.5882e+01 -8.8085e-02 -9.8021e-02
-4.1250e+00     1.3438e+01  2.9270e-02  1.7639e-02 -8.9057e+00 -1.5640e-02 -1.0011e-02  1.5867e+01  8.7007e-02  9.9490e-02 -1.5957e+01 -8.8215e-02 -9.8108e-02
-4.1167e+00     1.1996e+01  2.5563e-02  1.5414e-02 -1.1256e+01 -1.8733e-02 -1.1191e-02  1.5973e+01  8.7235e-02  9.9627e-02 -1.6041e+01 -8.8358e-02 -9.8196e-02
-4.1083e+00     9.1649e+00  1.7671e-02  1.1537e-02 -1.2167e+01 -1.9591e-02 -1.1124e-02  1.6061e+01  8.7415e-02  9.9739e-02 -1.6139e+01 -8.8517e-02 -9.8289e-02
-4.1000e+00     1.1843e+01  1.9670e-02  1.2527e-02 -1.0948e+01 -1.9329e-02 -1.0187e-02  1.6148e+01  8.7570e-02  9.9840e-02 -1.6235e+01 -8.8679e-02 -9.8378e-02
-4.0917e+00     1.0963e+01  2.1354e-02  1.1842e-02 -1.1076e+01 -2.0081e-02 -1.0115e-02  1.6243e+01  8.7741e-02  9.9941e-02 -1.6326e+01 -8.8843e-02 -9.8462e-02
-4.0833e+00     1.1347e+01  2.2437e-02  1.2216e-02 -1.1044e+01 -2.0830e-02 -9.7673e-03  1.6336e+01  8.7923e-02  1.0004e-01 -1.6418e+01 -8.9013e-02 -9.8545e-02
-4.0750e+00     1.1648e+01  2.3529e-02  1.2329e-02 -1.0997e+01 -2.1314e-02 -9.2901e-03  1.6432e+01  8.8114e-02  1.0014e-01 -1.6510e+01 -8.9189e-02 -9.8624e-02
-4.0667e+00     1.1723e+01  2.4414e-02  1.2012e-02 -1.1247e+01 -2.1637e-02 -8.5902e-03  1.6529e+01  8.8313e-02  1.0024e-01 -1.6603e+01 -8.9367e-02 -9.8698e-02
-4.0583e+00     1.1607e+01  2.4477e-02  1.1286e-02 -1.1274e+01 -2.1420e-02 -7.5086e-03  1.6626e+01  8.8517e-02  1.0034e-01 -1.6696e+01 -8.9547e-02 -9.8765e-02
-4.0500e+00     1.1283e+01  2.4291e-02  1.0476e-02 -1.1777e+01 -2.2327e-02 -6.8513e-03  1.6721e+01  8.8720e-02  1.0043e-01 -1.6792e+01 -8.9729e-02 -9.8825e-02
-4.0417e+00     1.2001e+01  2.5012e-02  9.3416e-03 -1.2371e+01 -2.3294e-02 -6.7024e-03  1.6818e+01  8.8925e-02  1.0051e-01 -1.6893e+01 -8.9918e-02 -9.8882e-02
-4.0333e+00     1.2520e+01  2.5542e-02  8.4415e-03 -1.5822e+01 -2.4225e-02 -7.5799e-03  1.6920e+01  8.9135e-02  1.0059e-01 -1.7010e+01 -9.0116e-02 -9.8941e-02
-4.0250e+00     1.3789e+01  2.5828e-02  8.4265e-03 -1.4299e+01 -2.1830e-02 -6.4008e-03  1.7029e+01  8.9349e-02  1.0066e-01 -1.7135e+01 -9.0308e-02 -9.8999e-02
-4.0167e+00     1.7257e+01  2.6768e-02  9.4101e-03 -1.1462e+01 -1.9915e-02 -4.6468e-03  1.7158e+01  8.9567e-02  1.0073e-01 -1.7242e+01 -9.0481e-02 -9.9045e-02
-4.0083e+00     1.1589e+01  2.0762e-02  5.5783e-03 -1.2082e+01 -2.0295e-02 -4.5770e-03  1.7278e+01  8.9765e-02  1.0079e-01 -1.7340e+01 -9.0648e-02 -9.9083e-02
-4.0000e+00     1.2112e+01  2.1006e-02  5.4152e-03 -1.2925e+01 -2.0750e-02 -4.5751e-03  1.7377e+01  8.9939e-02  1.0084e-01 -1.7444e+01 -9.0819e-02 -9.9121e-02
-3.9917e+00     1.2796e+01  2.1417e-02  5.3244e-03 -1.2573e+01 -1.9212e-02 -3.5222e-03  1.7481e+01  9.0115e-02  1.0089e-01 -1.7550e+01 -9.0985e-02 -9.9155e-02
-3.9833e+00     1.4274e+01  2.2247e-02  5.3870e-03 -1.2622e+01 -1.8233e-02 -3.0333e-03  1.7593e+01  9.0297e-02  1.0093e-01 -1.7655e+01 -9.1141e-02 -9.9182e-02
-3.9750e+00     1.3612e+01  2.0310e-02  4.2200e-03 -1.3304e+01 -1.7748e-02 -3.1572e-03  1.7709e+01  9.0474e-02  1.0097e-01 -1.7763e+01 -9.1291e-02 -9.9208e-02
-3.9667e+00     1.3477e+01  1.8968e-02  3.6493e-03 -1.4191e+01 -1.7376e-02 -3.3390e-03  1.7822e+01  9.0637e-02  1.0100e-01 -1.7877e+01 -9.1437e-02 -9.9235e-02
-3.9583e+00     1.3864e+01  1.8247e-02  3.7120e-03 -1.4008e+01 -1.6239e-02 -3.2217e-03  1.7936e+01  9.0792e-02  1.0103e-01 -1.7995e+01 -9.1577e-02 -9.9263e-02
-3.9500e+00     1.4648e+01  1.7733e-02  3.8716e-03 -1.3177e+01 -1.4664e-02 -2.8933e-03  1.8054e+01  9.0942e-02  1.0106e-01 -1.8108e+01 -9.1705e-02 -9.9288e-02
-3.9417e+00     1.4226e+01  1.6228e-02  3.6023e-03 -1.4379e+01 -1.5173e-02 -2.7097e-03  1.8174e+01  9.1083e-02  1.0110e-01 -1.8222e+01 -9.1829e-02 -9.9311e-02
-3.9333e+00     1.4217e+01  1.5382e-02  3.1922e-03 -1.5833e+01 -1.5725e-02 -2.6552e-03  1.8293e+01  9.1215e-02  1.0112e-01 -1.8348e+01 -9.1958e-02 -9.9334e-02
-3.9250e+00     1.7114e+01  1.7130e-02  3.1522e-03 -1.4151e+01 -1.3454e-02 -2.3644e-03  1.8423e+01  9.1350e-02  1.0115e-01 -1.8473e+01 -9.2079e-02 -9.9354e-02
-3.9167e+00     1.5289e+01  1.4667e-02  2.7891e-03 -1.3698e+01 -1.2264e-02 -2.1774e-03  1.8558e+01  9.1482e-02  1.0118e-01 -1.8589e+01 -9.2186e-02 -9.9373e-02
-3.9083e+00     1.5148e+01  1.4080e-02  2.6734e-03 -1.3113e+01 -1.0834e-02 -1.9335e-03  1.8684e+01  9.1602e-02  1.0120e-01 -1.8700e+01 -9.2282e-02 -9.9390e-02
-3.9000e+00     1.4340e+01  1.2557e-02  2.3285e-03 -1.6003e+01 -1.3746e-02 -2.0470e-03  1.8807e+01  9.1713e-02  1.0122e-01 -1.8821e+01 -9.2385e-02 -9.9407e-02
-3.8917e+00     1.8851e+01  1.6125e-02  2.4502e-03 -1.8735e+01 -1.6965e-02 -2.1627e-03  1.8945e+01  9.1832e-02  1.0124e-01 -1.8966e+01 -9.2512e-02 -9.9425e-02
-3.8833e+00     2.0890e+01  1.7390e-02  2.4183e-03 -1.7912e+01 -1.5242e-02 -1.9443e-03  1.9110e+01  9.1971e-02  1.0126e-01 -1.9118e+01 -9.2646e-02 -9.9442e-02
-3.8750e+00     1.8903e+01  1.4317e-02  1.9562e-03 -2.1951e+01 -1.5123e-02 -1.8421e-03  1.9276e+01  9.2103e-02  1.0128e-01 -1.9284e+01 -9.2773e-02 -9.9457e-02
-3.8667e+00     1.7795e+01  1.0741e-02  1.5392e-03 -1.5882e+01 -1.1996e-02 -1.5273e-03  1.9429e+01  9.2207e-02  1.0129e-01 -1.9441e+01 -9.2886e-02 -9.9471e-02
-3.8583e+00     2.1590e+01  1.5063e-02  2.2776e-03 -2.0806e+01 -1.3685e-02 -2.0029e-03  1.9592e+01  9.2315e-02  1.0131e-01 -1.9594e+01 -9.2992e-02 -9.9486e-02
-3.8500e+00     1.9594e+01  9.6123e-03  2.0726e-03 -2.3181e+01 -9.6770e-03 -2.1449e-03  1.9764e+01  9.2417e-02  1.0133e-01 -1.9777e+01 -9.3090e-02 -9.9503e-02
-3.8417e+00     1.6171e+01  7.8669e-03  1.6886e-03 -1.4022e+01 -7.1921e-03 -1.3690e-03  1.9913e+01  9.2490e-02  1.0134e-01 -1.9932e+01 -9.3160e-02 -9.9518e-02
-3.8333e+00     1.3285e+01  6.7265e-03  1.3496e-03 -1.0871e+01 -6.2985e-03 -1.0910e-03  2.0035e+01  9.2551e-02  1.0135e-01 -2.0035e+01 -9.3216e-02 -9.9528e-02
-3.8250e+00     9.8706e+00  5.8932e-03  1.0937e-03 -9.5115e+00 -6.9339e-03 -9.9369e-04  2.0131e+01  9.2603e-02  1.0136e-01 -2.0120e+01 -9.3271e-02 -9.9537e-02
-3.8167e+00     8.8376e+00  6.5168e-03  1.0042e-03 -9.3806e+00 -1.0043e-02 -1.0374e-03  2.0209e+01  9.2655e-02  1.0137e-01 -2.0199e+01 -9.3341e-02 -9.9545e-02
-3.8083e+00     8.6980e+00  9.3569e-03  1.0200e-03 -8.9907e+00 -1.1070e-02 -1.0679e-03  2.0282e+01  9.2721e-02  1.0138e-01 -2.0275e+01 -9.3429e-02 -9.9554e-02
-3.8000e+00     8.5552e+00  1.0967e-02  1.0500e-03 -8.6533e+00 -1.1171e-02 -1.1229e-03  2.0354e+01  9.2805e-02  1.0139e-01 -2.0349e+01 -9.3522e-02 -9.9563e-02
-3.7917e+00     8.3885e+00  1.1355e-02  1.1144e-03 -8.2951e+00 -1.1121e-02 -1.1695e-03  2.0424e+01  9.2898e-02  1.0140e-01 -2.0419e+01 -9.3615e-02 -9.9573e-02
-3.7833e+00     8.1029e+00  1.1439e-02  1.1660e-03 -7.9158e+00 -1.0920e-02 -1.2077e-03  2.0493e+01  9.2993e-02  1.0141e-01 -2.0486e+01 -9.3706e-02 -9.9583e-02
-3.7750e+00     7.7973e+00  1.1350e-02  1.2103e-03 -7.5080e+00 -1.0564e-02 -1.2531e-03  2.0559e+01  9.3088e-02  1.0142e-01 -2.0551e+01 -9.3796e-02 -9.9593e-02
-3.7667e+00     7.4717e+00  1.1089e-02  1.2473e-03 -7.4123e+00 -1.0336e-02 -1.3670e-03  2.0623e+01  9.3181e-02  1.0143e-01 -2.0613e+01 -9.3883e-02 -9.9604e-02
-3.7583e+00     7.2906e+00  1.0899e-02  1.3444e-03 -8.2879e+00 -1.0924e-02 -1.9187e-03  2.0684e+01  9.3273e-02  1.0144e-01 -2.0678e+01 -9.3971e-02 -9.9617e-02
-3.7500e+00     7.6045e+00  1.1095e-02  1.7100e-03 -8.9773e+00 -1.1102e-02 -2.1551e-03  2.0746e+01  9.3364e-02  1.0145e-01 -2.0750e+01 -9.4063e-02 -9.9634e-02
-3.7417e+00     8.6353e+00  1.1552e-02  2.1594e-03 -9.3800e+00 -1.0853e-02 -2.4377e-03  2.0814e+01  9.3458e-02  1.0147e-01 -2.0826e+01 -9.4154e-02 -9.9653e-02
-3.7333e+00     9.2250e+00  1.1349e-02  2.4374e-03 -9.9454e+00 -1.0989e-02 -2.6788e-03  2.0888e+01  9.3554e-02  1.0149e-01 -2.0907e+01 -9.4245e-02 -9.9675e-02
-3.7250e+00     9.7821e+00  1.1227e-02  2.6801e-03 -1.0876e+01 -1.2002e-02 -2.9312e-03  2.0967e+01  9.3648e-02  1.0151e-01 -2.0993e+01 -9.4340e-02 -9.9698e-02
-3.7167e+00     1.0536e+01  1.1668e-02  2.8760e-03 -1.1385e+01 -1.2574e-02 -3.5027e-03  2.1051e+01  9.3743e-02  1.0153e-01 -2.1086e+01 -9.4443e-02 -9.9725e-02
-3.7083e+00     1.1446e+01  1.2591e-02  3.2967e-03 -1.2489e+01 -1.1706e-02 -5.4970e-03  2.1143e+01  9.3844e-02  1.0156e-01 -2.1185e+01 -9.4544e-02 -9.9762e-02
-3.7000e+00     1.2982e+01  1.1821e-02  5.5565e-03 -1.0209e+01 -9.4212e-03 -4.9774e-03  2.1245e+01  9.3945e-02  1.0159e-01 -2.1280e+01 -9.4632e-02 -9.9806e-02
-3.6917e+00     1.0585e+01  9.3453e-03  4.9594e-03 -7.4372e+00 -7.7916e-03 -2.8224e-03  2.1343e+01  9.4033e-02  1.0164e-01 -2.1353e+01 -9.4703e-02 -9.9838e-02
-3.6833e+00     7.4545e+00  7.5360e-03  2.6752e-03 -3.8032e+00 -4.8091e-03 -8.1340e-04  2.1418e+01  9.4104e-02  1.0167e-01 -2.1400e+01 -9.4756e-02 -9.9853e-02
-3.6750e+00     4.2689e+00  5.2533e-03  7.2949e-04 -3.5195e+00 -3.8559e-03 -7.4882e-04  2.1466e+01  9.4157e-02  1.0168e-01 -2.1430e+01 -9.4792e-02 -9.9860e-02
-3.6667e+00     3.5481e+00  3.8982e-03  6.5685e-04 -3.3769e+00 -3.1301e-03 -7.1525e-04  2.1499e+01  9.4195e-02  1.0169e-01 -2.1459e+01 -9.4821e-02 -9.9866e-02
-3.6583e+00     3.2896e+00  3.0209e-03  6.1315e-04 -3.4634e+00 -2.8044e-03 -7.1133e-04  2.1527e+01  9.4224e-02  1.0169e-01 -2.1487e+01 -9.4845e-02 -9.9872e-02
-3.6500e+00     3.3006e+00  2.6545e-03  6.0572e-04 -3.5639e+00 -2.5102e-03 -7.0552e-04  2.1555e+01  9.4247e-02  1.0170e-01 -2.1516e+01 -9.4867e-02 -9.9878e-02
-3.6417e+00     3.3514e+00  2.3786e-03  6.0142e-04 -3.4687e+00 -2.2384e-03 -6.6231e-04  2.1582e+01  9.4268e-02  1.0170e-01 -2.1546e+01 -9.4887e-02 -9.9883e-02
-3.6333e+00     3.3446e+00  2.1599e-03  5.8075e-04 -3.0658e+00 -1.9673e-03 -5.6811e-04  2.1610e+01  9.4287e-02  1.0171e-01 -2.1573e+01 -9.4905e-02 -9.9889e-02
-3.6250e+00     3.1764e+00  2.0436e-03  5.2002e-04 -2.6767e+00 -1.6982e-03 -4.8106e-04  2.1637e+01  9.4305e-02  1.0171e-01 -2.1597e+01 -9.4920e-02 -9.9893e-02
-3.6167e+00     2.9030e+00  1.8233e-03  4.6624e-04 -2.3014e+00 -1.4313e-03 -4.0116e-04  2.1663e+01  9.4321e-02  1.0172e-01 -2.1618e+01 -9.4933e-02 -9.9897e-02
-3.6083e+00     2.5613e+00  1.5458e-03  4.1588e-04 -2.1379e+00 -1.3233e-03 -3.6061e-04  2.1685e+01  9.4335e-02  1.0172e-01 -2.1636e+01 -9.4944e-02 -9.9900e-02
-3.6000e+00     2.2175e+00  1.2647e-03  3.6826e-04 -4.0355e+00 -3.9743e-03 -1.2900e-03  2.1705e+01  9.4346e-02  1.0173e-01 -2.1662e+01 -9.4966e-02 -9.9907e-02
-3.5917e+00     3.0290e+00  2.3563e-03  7.8651e-04 -1.0527e+01 -1.4015e-02 -4.7757e-03  2.1727e+01  9.4361e-02  1.0173e-01 -2.1722e+01 -9.5041e-02 -9.9932e-02
-3.5833e+00     9.2860e+00  1.1160e-02  3.9557e-03 -2.0930e+01 -2.7605e-02 -8.7317e-03  2.1778e+01  9.4418e-02  1.0175e-01 -2.1853e+01 -9.5214e-02 -9.9988e-02
-3.5750e+00     1.8192e+01  2.1585e-02  7.4900e-03 -2.3618e+01 -3.2992e-02 -1.0489e-02  2.1893e+01  9.4554e-02  1.0180e-01 -2.2038e+01 -9.5466e-02 -1.0007e-01
-3.5667e+00     2.6918e+01  3.5227e-02  9.9816e-03 -1.5152e+01 -2.3278e-02 -6.4510e-03  2.2080e+01  9.4790e-02  1.0187e-01 -2.2200e+01 -9.5701e-02 -1.0014e-01
-3.5583e+00     2.0788e+01  2.7849e-02  1.1219e-02 -1.0898e+01 -1.7530e-02 -4.0379e-03  2.2279e+01  9.5053e-02  1.0196e-01 -2.2308e+01 -9.5870e-02 -1.0018e-01
-3.5500e+00     1.2115e+01  1.6937e-02  4.6709e-03 -8.3808e+00 -1.3691e-02 -2.6936e-03  2.2416e+01  9.5239e-02  1.0202e-01 -2.2388e+01 -9.6000e-02 -1.0021e-01
-3.5417e+00     9.1361e+00  1.3057e-02  2.9967e-03 -6.7768e+00 -1.0772e-02 -1.9822e-03  2.2504e+01  9.5364e-02  1.0206e-01 -2.2451e+01 -9.6102e-02 -1.0023e-01
-3.5333e+00     7.3848e+00  1.0594e-02  2.1486e-03 -6.2291e+00 -9.7934e-03 -1.8027e-03  2.2573e+01  9.5462e-02  1.0208e-01 -2.2505e+01 -9.6187e-02 -1.0025e-01
-3.5250e+00     6.4754e+00  9.0539e-03  1.8081e-03 -5.6068e+00 -8.6865e-03 -1.5796e-03  2.2630e+01  9.5544e-02  1.0209e-01 -2.2555e+01 -9.6264e-02 -1.0026e-01
-3.5167e+00     5.9230e+00  8.2992e-03  1.6164e-03 -4.8984e+00 -7.4392e-03 -1.3131e-03  2.2682e+01  9.5616e-02  1.0211e-01 -2.2598e+01 -9.6331e-02 -1.0027e-01
-3.5083e+00     5.2917e+00  7.3982e-03  1.3823e-03 -3.9567e+00 -5.6340e-03 -9.9378e-04  2.2729e+01  9.5681e-02  1.0212e-01 -2.2635e+01 -9.6386e-02 -1.0028e-01
-3.5000e+00     4.5816e+00  6.3509e-03  1.1057e-03 -2.6631e+00 -4.0293e-03 -5.3554e-04  2.2770e+01  9.5738e-02  1.0213e-01 -2.2663e+01 -9.6426e-02 -1.0029e-01
-3.4917e+00     3.4224e+00  4.3632e-03  7.3832e-04 -2.1053e+00 -3.2198e-03 -4.4696e-04  2.2803e+01  9.5783e-02  1.0214e-01 -2.2683e+01 -9.6456e-02 -1.0029e-01
-3.4833e+00     2.5993e+00  3.3505e-03  4.5168e-04 -1.5752e+00 -2.4283e-03 -3.6230e-04  2.2828e+01  9.5815e-02  1.0214e-01 -2.2698e+01 -9.6480e-02 -1.0029e-01
-3.4750e+00     2.0563e+00  2.6595e-03  3.7188e-04 -1.2909e+00 -1.9534e-03 -2.9896e-04  2.2847e+01  9.5840e-02  1.0215e-01 -2.2710e+01 -9.6498e-02 -1.0030e-01
-3.4667e+00     1.5407e+00  1.9789e-03  2.9599e-04 -1.0278e+00 -1.5231e-03 -2.3904e-04  2.2862e+01  9.5859e-02  1.0215e-01 -2.2719e+01 -9.6512e-02 -1.0030e-01
-3.4583e+00     1.1909e+00  1.4953e-03  2.3731e-04 -7.7908e-01 -1.1285e-03 -1.8201e-04  2.2874e+01  9.5874e-02  1.0215e-01 -2.2727e+01 -9.6523e-02 -1.0030e-01
-3.4500e+00     9.3959e-01  1.1497e-03  1.8887e-04 -5.4468e-01 -7.6953e-04 -1.2786e-04  2.2883e+01  9.5885e-02  1.0215e-01 -2.2732e+01 -9.6531e-02 -1.0030e-01
-3.4417e+00     7.0201e-01  8.3502e-04  1.4243e-04 -3.2462e-01 -4.4621e-04 -7.6595e-05  2.2889e+01  9.5893e-02  1.0216e-01 -2.2736e+01 -9.6536e-02 -1.0030e-01
-3.4333e+00     4.7819e-01  5.5135e-04  9.7975e-05 -1.1891e-01 -1.5856e-04 -2.8209e-05  2.2894e+01  9.5899e-02  1.0216e-01 -2.2738e+01 -9.6539e-02 -1.0030e-01
-3.4250e+00     2.6813e-01  2.9867e-04  5.5508e-05 -0.0000e+00 -0.0000e+00 -0.0000e+00  2.2897e+01  9.5902e-02  1.0216e-01 -2.2738e+01 -9.6539e-02 -1.0030e-01
-3.4167e+00     7.1814e-02  7.6983e-05  1.5031e-05 -0.0000e+00 -0.0000e+00 -0.0000e+00  2.2899e+01  9.5904e-02  1.0216e-01 -2.2738e+01 -9.6539e-02 -1.0030e-01
-3.4083e+00     0.0000e+00  0.0000e+00  0.0000e+00 -0.0000e+00 -0.0000e+00 -0.0000e+00  2.2899e+01  9.5904e-02  1.0216e-01 -2.2738e+01 -9.6539e-02 -1.0030e-01
-3.4000e+00     0.0000e+00  0.0000e+00  0.0000e+00 -0.0000e+00 -0.0000e+00 -0.0000e+00  2.2899e+01  9.5904e-02  1.0216e-01 -2.2738e+01 -9.6539e-02 -1.0030e-01
-3.3917e+00     0.0000e+00  0.0000e+00  0.0000e+00 -0.0000e+00 -0.0000e+00 -0.0000e+00  2.2899e+01  9.5904e-02  1.0216e-01 -2.2738e+01 -9.6539e-02 -1.0030e-01
-3.3833e+00     0.0000e+00  0.0000e+00  0.0000e+00 -0.0000e+00 -0.0000e+00 -0.0000e+00  2.2899e+01  9.5904e-02  1.0216e-01 -2.2738e+01 -9.6539e-02 -1.0030e-01
-3.3750e+00     0.0000e+00  0.0000e+00  0.0000e+00 -0.0000e+00 -0.0000e+00 -0.0000e+00  2.2899e+01  9.5904e-02  1.0216e-01 -2.2738e+01 -9.6539e-02 -1.0030e-01
-3.3667e+00     0.0000e+00  0.0000e+00  0.0000e+00 -0.0000e+00 -0.0000e+00 -0.0000e+00  2.2899e+01  9.5904e-02  1.0216e-01 -2.2738e+01 -9.6539e-02 -1.0030e-01
-3.3583e+00     0.0000e+00  0.0000e+00  0.0000e+00 -0.0000e+00 -0.0000e+00 -0.0000e+00  2.2899e+01  9.5904e-02  1.0216e-01 -2.2738e+01 -9.6539e-02 -1.0030e-01
-3.3500e+00     0.0000e+00  0.0000e+00  0.0000e+00 -0.0000e+00 -0.0000e+00 -0.0000e+00  2.2899e+01  9.5904e-02  1.0216e-01 -2.2738e+01 -9.6539e-02 -1.0030e-01
-3.3417e+00     0.0000e+00  0.0000e+00  0.0000e+00 -0.0000e+00 -0.0000e+00 -0.0000e+00  2.2899e+01  9.5904e-02  1.0216e-01 -2.2738e+01 -9.6539e-02 -1.0030e-01
-3.3333e+00     0.0000e+00  0.0000e+00  0.0000e+00 -0.0000e+00 -0.0000e+00 -0.0000e+00  2.2899e+01  9.5904e-02  1.0216e-01 -2.2738e+01 -9.6539e-02 -1.0030e-01
-3.3250e+00     0.0000e+00  0.0000e+00  0.0000e+00 -0.0000e+00 -0.0000e+00 -0.0000e+00  2.2899e+01  9.5904e-02  1.0216e-01 -2.2738e+01 -9.6539e-02 -1.0030e-01
-3.3167e+00     0.0000e+00  0.0000e+00  0.0000e+00 -1.9666e+01 -8.2245e-01 -3.0381e-02  2.2899e+01  9.5904e-02  1.0216e-01 -2.2820e+01 -9.9961e-02 -1.0043e-01
-3.3083e+00     2.7496e+00  1.0663e-01  4.7112e-03 -3.2306e+01 -1.2793e+00 -4.7085e-02  2.2911e+01  9.6348e-02  1.0218e-01 -2.3036e+01 -1.0870e-01 -1.0075e-01
-3.3000e+00     8.7371e+00  3.3775e-01  1.4604e-02 -3.0696e+01 -1.2206e+00 -4.7862e-02  2.2958e+01  9.8196e-02  1.0226e-01 -2.3298e+01 -1.1910e-01 -1.0115e-01
-3.2917e+00     3.0341e+01  1.2190e+00  4.3911e-02 -1.9168e+01 -7.5128e-01 -2.9097e-02  2.3121e+01  1.0467e-01  1.0250e-01 -2.3506e+01 -1.2730e-01 -1.0147e-01
-3.2833e+00     3.5459e+01  1.3646e+00  4.6977e-02 -6.3966e+00 -2.7554e-01 -7.5328e-03  2.3395e+01  1.1542e-01  1.0288e-01 -2.3612e+01 -1.3158e-01 -1.0162e-01
-3.2750e+00     1.7373e+01  6.8741e-01  2.2680e-02 -5.2545e+00 -2.3193e-01 -5.2110e-03  2.3614e+01  1.2395e-01  1.0317e-01 -2.3661e+01 -1.3369e-01 -1.0167e-01
-3.2667e+00     7.4999e+00  3.3121e-01  8.9450e-03 -4.1874e+00 -1.8367e-01 -3.8436e-03  2.3718e+01  1.2819e-01  1.0330e-01 -2.3700e+01 -1.3542e-01 -1.0171e-01
-3.2583e+00     6.4999e+00  2.9507e-01  7.0243e-03 -2.7833e+00 -1.2156e-01 -2.4030e-03  2.3776e+01  1.3080e-01  1.0337e-01 -2.3729e+01 -1.3669e-01 -1.0174e-01
-3.2500e+00     5.0879e+00  2.3155e-01  5.4477e-03 -1.0266e+00 -4.4967e-02 -8.5235e-04  2.3824e+01  1.3299e-01  1.0342e-01 -2.3745e+01 -1.3738e-01 -1.0175e-01
-3.2417e+00     3.8041e+00  1.7199e-01  4.0568e-03 -0.0000e+00 -0.0000e+00 -0.0000e+00  2.3861e+01  1.3467e-01  1.0346e-01 -2.3749e+01 -1.3757e-01 -1.0175e-01
-3.2333e+00     2.0341e+00  9.1531e-02  2.1420e-03 -0.0000e+00 -0.0000e+00 -0.0000e+00  2.3886e+01  1.3576e-01  1.0348e-01 -2.3749e+01 -1.3757e-01 -1.0175e-01
-3.2250e+00     7.2624e-03  3.2848e-04  7.4844e-06 -0.0000e+00 -0.0000e+00 -0.0000e+00  2.3894e+01  1.3614e-01  1.0349e-01 -2.3749e+01 -1.3757e-01 -1.0175e-01
-3.2167e+00     9.7135e-02  7.4057e-04  3.1930e-04 -1.0630e+00 -5.2724e-03 -3.6844e-03  2.3894e+01  1.3615e-01  1.0349e-01 -2.3753e+01 -1.3759e-01 -1.0177e-01
-3.2083e+00     1.1374e+00  8.9044e-03  3.7283e-03 -2.6956e+00 -1.3776e-02 -9.3414e-03  2.3900e+01  1.3619e-01  1.0351e-01 -2.3769e+01 -1.3767e-01 -1.0182e-01
-3.2000e+00     2.1875e+00  1.7076e-02  7.0816e-03 -5.2379e+00 -2.5200e-02 -1.6749e-02  2.3913e+01  1.3630e-01  1.0356e-01 -2.3802e+01 -1.3783e-01 -1.0193e-01
-3.1917e+00     2.8899e+00  2.0893e-02  8.9406e-03 -7.5660e+00 -3.7361e-02 -2.2446e-02  2.3935e+01  1.3646e-01  1.0362e-01 -2.3855e+01 -1.3809e-01 -1.0210e-01
-3.1833e+00     3.6387e+00  2.5584e-02  1.0910e-02 -8.2632e+00 -4.0829e-02 -2.2520e-02  2.3962e+01  1.3665e-01  1.0371e-01 -2.3921e+01 -1.3841e-01 -1.0228e-01
-3.1750e+00     4.4338e+00  3.1149e-02  1.2990e-02 -1.1159e+01 -5.8742e-02 -2.6312e-02  2.3995e+01  1.3688e-01  1.0380e-01 -2.4002e+01 -1.3883e-01 -1.0249e-01
-3.1667e+00     5.7393e+00  4.0297e-02  1.5616e-02 -1.0657e+01 -5.8262e-02 -2.5158e-02  2.4038e+01  1.3718e-01  1.0392e-01 -2.4093e+01 -1.3932e-01 -1.0270e-01
-3.1583e+00     7.5814e+00  5.0504e-02  1.7964e-02 -1.0279e+01 -5.8489e-02 -2.4562e-02  2.4093e+01  1.3756e-01  1.0406e-01 -2.4180e+01 -1.3980e-01 -1.0291e-01
-3.1500e+00     9.6904e+00  6.5344e-02  2.0779e-02 -1.7368e+01 -8.0323e-02 -3.7052e-02  2.4165e+01  1.3804e-01  1.0422e-01 -2.4295e+01 -1.4038e-01 -1.0316e-01
-3.1417e+00     1.3027e+01  7.9207e-02  2.5933e-02 -4.0191e+01 -1.3435e-01 -6.9440e-02  2.4259e+01  1.3864e-01  1.0442e-01 -2.4534e+01 -1.4127e-01 -1.0361e-01
-3.1333e+00     1.8752e+01  1.0909e-01  3.0937e-02 -1.5740e+01 -5.8424e-02 -2.7467e-02  2.4392e+01  1.3943e-01  1.0466e-01 -2.4767e+01 -1.4207e-01 -1.0401e-01
-3.1250e+00     2.2893e+01  1.1698e-01  3.0522e-02 -2.0177e+00 -8.6093e-03 -6.0633e-04  2.4565e+01  1.4037e-01  1.0491e-01 -2.4841e+01 -1.4235e-01 -1.0413e-01
-3.1167e+00     3.3995e+01  2.1299e-01  5.1285e-02 -6.2120e+00 -2.7616e-02 -1.8939e-03  2.4801e+01  1.4174e-01  1.0525e-01 -2.4875e+01 -1.4250e-01 -1.0414e-01
-3.1083e+00     5.6125e+00  2.4610e-02  1.9052e-03 -8.8624e+00 -4.8426e-02 -3.3513e-03  2.4966e+01  1.4273e-01  1.0547e-01 -2.4938e+01 -1.4282e-01 -1.0416e-01
-3.1000e+00     7.8171e+00  3.8845e-02  2.8968e-03 -7.9756e+00 -6.7708e-02 -4.6215e-03  2.5022e+01  1.4299e-01  1.0549e-01 -2.5008e+01 -1.4330e-01 -1.0419e-01
-3.0917e+00     6.7055e+00  5.4898e-02  3.9589e-03 -9.8828e+00 -9.3317e-02 -6.2509e-03  2.5082e+01  1.4338e-01  1.0552e-01 -2.5082e+01 -1.4397e-01 -1.0424e-01
-3.0833e+00     8.1181e+00  7.5330e-02  5.1656e-03 -1.2588e+01 -1.4882e-01 -7.4634e-03  2.5144e+01  1.4392e-01  1.0556e-01 -2.5176e+01 -1.4498e-01 -1.0429e-01
-3.0750e+00     8.7131e+00  9.0931e-02  6.1710e-03 -1.8178e+01 -2.5020e-01 -1.0548e-02  2.5214e+01  1.4461e-01  1.0561e-01 -2.5304e+01 -1.4664e-01 -1.0437e-01
-3.0667e+00     1.4897e+01  1.8621e-01  9.1833e-03 -1.5818e+01 -2.9005e-01 -1.0016e-02  2.5312e+01  1.4577e-01  1.0567e-01 -2.5445e+01 -1.4889e-01 -1.0445e-01
-3.0583e+00     1.6583e+01  2.3947e-01  1.2178e-02 -9.9650e+00 -2.2409e-01 -7.9854e-03  2.5443e+01  1.4754e-01  1.0576e-01 -2.5552e+01 -1.5102e-01 -1.0453e-01
-3.0500e+00     1.1048e+01  2.1235e-01  1.0806e-02 -1.0051e+01 -2.4746e-01 -8.1040e-03  2.5558e+01  1.4942e-01  1.0585e-01 -2.5635e+01 -1.5299e-01 -1.0460e-01
-3.0417e+00     9.7182e+00  2.1753e-01  1.1083e-02 -7.9057e+00 -1.8403e-01 -5.7695e-03  2.5645e+01  1.5121e-01  1.0595e-01 -2.5710e+01 -1.5478e-01 -1.0465e-01
-3.0333e+00     1.0661e+01  2.6275e-01  1.2470e-02 -5.8342e+00 -1.2245e-01 -3.6265e-03  2.5729e+01  1.5320e-01  1.0604e-01 -2.5767e+01 -1.5606e-01 -1.0469e-01
-3.0250e+00     8.9227e+00  2.1297e-01  9.7289e-03 -3.8955e+00 -7.6220e-02 -2.1943e-03  2.5811e+01  1.5518e-01  1.0614e-01 -2.5808e+01 -1.5688e-01 -1.0472e-01
-3.0167e+00     6.5714e+00  1.4589e-01  6.1460e-03 -0.0000e+00 -0.0000e+00 -0.0000e+00  2.5875e+01  1.5668e-01  1.0620e-01 -2.5824e+01 -1.5720e-01 -1.0473e-01
-3.0083e+00     4.2816e+00  8.8781e-02  3.5024e-03 -0.0000e+00 -0.0000e+00 -0.0000e+00  2.5920e+01  1.5765e-01  1.0624e-01 -2.5824e+01 -1.5720e-01 -1.0473e-01
-3.0000e+00     0.0000e+00  0.0000e+00  0.0000e+00 -0.0000e+00 -0.0000e+00 -0.0000e+00  2.5938e+01  1.5802e-01  1.0626e-01 -2.5824e+01 -1.5720e-01 -1.0473e-01
-2.9917e+00     0.0000e+00  0.0000e+00  0.0000e+00 -0.0000e+00 -0.0000e+00 -0.0000e+00  2.5938e+01  1.5802e-01  1.0626e-01 -2.5824e+01 -1.5720e-01 -1.0473e-01
-2.9833e+00     0.0000e+00  0.0000e+00  0.0000e+00 -0.0000e+00 -0.0000e+00 -0.0000e+00  2.5938e+01  1.5802e-01  1.0626e-01 -2.5824e+01 -1.5720e-01 -1.0473e-01
-2.9750e+00     0.0000e+00  0.0000e+00  0.0000e+00 -3.8184e+00 -3.2781e-02 -3.1731e-02  2.5938e+01  1.5802e-01  1.0626e-01 -2.5840e+01 -1.5734e-01 -1.0486e-01
-2.9667e+00     0.0000e+00  0.0000e+00  0.0000e+00 -5.9244e+00 -4.8517e-02 -4.6418e-02  2.5938e+01  1.5802e-01  1.0626e-01 -2.5880e+01 -1.5767e-01 -1.0518e-01
-2.9583e+00     0.0000e+00  0.0000e+00  0.0000e+00 -9.1622e+00 -7.1826e-02 -6.6813e-02  2.5938e+01  1.5802e-01  1.0626e-01 -2.5943e+01 -1.5817e-01 -1.0565e-01
-2.9500e+00     0.0000e+00  0.0000e+00  0.0000e+00 -1.5208e+01 -1.1420e-01 -1.0098e-01  2.5938e+01  1.5802e-01  1.0626e-01 -2.6045e+01 -1.5895e-01 -1.0635e-01
-2.9417e+00     0.0000e+00  0.0000e+00  0.0000e+00 -2.0292e+01 -1.6743e-01 -1.2101e-01  2.5938e+01  1.5802e-01  1.0626e-01 -2.6192e+01 -1.6012e-01 -1.0728e-01
-2.9333e+00     6.7155e-01  4.7605e-03  5.5336e-03 -3.9813e+01 -2.8963e-01 -1.7989e-01  2.5941e+01  1.5804e-01  1.0628e-01 -2.6442e+01 -1.6202e-01 -1.0853e-01
-2.9250e+00     3.1761e+00  2.2539e-02  2.5707e-02 -1.2504e+01 -6.7308e-02 -4.9749e-02  2.5957e+01  1.5815e-01  1.0641e-01 -2.6660e+01 -1.6351e-01 -1.0948e-01
-2.9167e+00     5.3191e+00  3.6865e-02  4.1477e-02 -0.0000e+00 -0.0000e+00 -0.0000e+00  2.5992e+01  1.5840e-01  1.0669e-01 -2.6712e+01 -1.6379e-01 -1.0969e-01
-2.9083e+00     1.1156e+01  5.7440e-02  6.0990e-02 -0.0000e+00 -0.0000e+00 -0.0000e+00  2.6061e+01  1.5879e-01  1.0712e-01 -2.6712e+01 -1.6379e-01 -1.0969e-01
-2.9000e+00     2.9528e+01  1.1533e-01  9.8604e-02 -1.9664e+01 -3.1927e-01 -7.2511e-02  2.6230e+01  1.5951e-01  1.0778e-01 -2.6794e+01 -1.6511e-01 -1.0999e-01
-2.8917e+00     3.3263e+01  1.8839e-01  1.3909e-01 -1.7443e+01 -2.3657e-01 -4.3364e-02  2.6491e+01  1.6078e-01  1.0877e-01 -2.6948e+01 -1.6743e-01 -1.1047e-01
-2.8833e+00     1.6060e+01  8.6774e-02  6.8443e-02 -1.5527e+01 -1.6919e-01 -2.4514e-02  2.6697e+01  1.6192e-01  1.0963e-01 -2.7085e+01 -1.6911e-01 -1.1075e-01
-2.8750e+00     1.7639e+01  1.1832e-01  9.0969e-02 -2.1747e+01 -1.8034e-01 -2.0919e-02  2.6837e+01  1.6277e-01  1.1029e-01 -2.7240e+01 -1.7057e-01 -1.1094e-01
-2.8667e+00     4.1518e+00  4.6409e-02  1.4841e-02 -2.5212e+01 -1.9831e-01 -2.2083e-02  2.6927e+01  1.6346e-01  1.1073e-01 -2.7436e+01 -1.7214e-01 -1.1112e-01
-2.8583e+00     1.9136e+01  2.1193e-01  6.9099e-02 -1.8613e+01 -1.1244e-01 -1.1440e-02  2.7024e+01  1.6453e-01  1.1108e-01 -2.7618e+01 -1.7344e-01 -1.1126e-01
-2.8500e+00     4.0927e+01  4.0770e-01  1.2918e-01 -9.0480e-01 -4.6692e-03 -3.3274e-04  2.7274e+01  1.6711e-01  1.1191e-01 -2.7699e+01 -1.7392e-01 -1.1131e-01
-2.8417e+00     6.4258e+01  9.3333e-01  2.7602e-01 -0.0000e+00 -0.0000e+00 -0.0000e+00  2.7712e+01  1.7269e-01  1.1359e-01 -2.7703e+01 -1.7394e-01 -1.1131e-01
-2.8333e+00     0.0000e+00  0.0000e+00  0.0000e+00 -0.0000e+00 -0.0000e+00 -0.0000e+00  2.7979e+01  1.7657e-01  1.1474e-01 -2.7703e+01 -1.7394e-01 -1.1131e-01
-2.8250e+00     0.0000e+00  0.0000e+00  0.0000e+00 -0.0000e+00 -0.0000e+00 -0.0000e+00  2.7979e+01  1.7657e-01  1.1474e-01 -2.7703e+01 -1.7394e-01 -1.1131e-01
-2.8167e+00     0.0000e+00  0.0000e+00  0.0000e+00 -0.0000e+00 -0.0000e+00 -0.0000e+00  2.7979e+01  1.7657e-01  1.1474e-01 -2.7703e+01 -1.7394e-01 -1.1131e-01
-2.8083e+00     0.0000e+00  0.0000e+00  0.0000e+00 -0.0000e+00 -0.0000e+00 -0.0000e+00  2.7979e+01  1.7657e-01  1.1474e-01 -2.7703e+01 -1.7394e-01 -1.1131e-01
-2.8000e+00     0.0000e+00  0.0000e+00  0.0000e+00 -0.0000e+00 -0.0000e+00 -0.0000e+00  2.7979e+01  1.7657e-01  1.1474e-01 -2.7703e+01 -1.7394e-01 -1.1131e-01
-2.7917e+00     0.0000e+00  0.0000e+00  0.0000e+00 -0.0000e+00 -0.0000e+00 -0.0000e+00  2.7979e+01  1.7657e-01  1.1474e-01 -2.7703e+01 -1.7394e-01 -1.1131e-01
-2.7833e+00     0.0000e+00  0.0000e+00  0.0000e+00 -0.0000e+00 -0.0000e+00 -0.0000e+00  2.7979e+01  1.7657e-01  1.1474e-01 -2.7703e+01 -1.7394e-01 -1.1131e-01
-2.7750e+00     0.0000e+00  0.0000e+00  0.0000e+00 -7.9976e-01 -2.0961e-04 -1.9289e-04  2.7979e+01  1.7657e-01  1.1474e-01 -2.7706e+01 -1.7394e-01 -1.1131e-01
-2.7667e+00     0.0000e+00  0.0000e+00  0.0000e+00 -4.1831e+01 -2.3236e-02 -8.4213e-03  2.7979e+01  1.7657e-01  1.1474e-01 -2.7883e+01 -1.7404e-01 -1.1135e-01
-2.7583e+00     0.0000e+00  0.0000e+00  0.0000e+00 -2.9772e+01 -1.3682e-02 -6.0893e-03  2.7979e+01  1.7657e-01  1.1474e-01 -2.8181e+01 -1.7419e-01 -1.1141e-01
-2.7500e+00     0.0000e+00  0.0000e+00  0.0000e+00 -2.3100e+01 -9.6933e-03 -4.5836e-03  2.7979e+01  1.7657e-01  1.1474e-01 -2.8401e+01 -1.7429e-01 -1.1145e-01
-2.7417e+00     0.0000e+00  0.0000e+00  0.0000e+00 -0.0000e+00 -0.0000e+00 -0.0000e+00  2.7979e+01  1.7657e-01  1.1474e-01 -2.8497e+01 -1.7433e-01 -1.1147e-01
-2.7333e+00     0.0000e+00  0.0000e+00  0.0000e+00 -0.0000e+00 -0.0000e+00 -0.0000e+00  2.7979e+01  1.7657e-01  1.1474e-01 -2.8497e+01 -1.7433e-01 -1.1147e-01
-2.7250e+00     0.0000e+00  0.0000e+00  0.0000e+00 -0.0000e+00 -0.0000e+00 -0.0000e+00  2.7979e+01  1.7657e-01  1.1474e-01 -2.8497e+01 -1.7433e-01 -1.1147e-01
-2.7167e+00     0.0000e+00  0.0000e+00  0.0000e+00 -0.0000e+00 -0.0000e+00 -0.0000e+00  2.7979e+01  1.7657e-01  1.1474e-01 -2.8497e+01 -1.7433e-01 -1.1147e-01
-2.7083e+00     0.0000e+00  0.0000e+00  0.0000e+00 -0.0000e+00 -0.0000e+00 -0.0000e+00  2.7979e+01  1.7657e-01  1.1474e-01 -2.8497e+01 -1.7433e-01 -1.1147e-01
-2.7000e+00     0.0000e+00  0.0000e+00  0.0000e+00 -0.0000e+00 -0.0000e+00 -0.0000e+00  2.7979e+01  1.7657e-01  1.1474e-01 -2.8497e+01 -1.7433e-01 -1.1147e-01
-2.6917e+00     0.0000e+00  0.0000e+00  0.0000e+00 -0.0000e+00 -0.0000e+00 -0.0000e+00  2.7979e+01  1.7657e-01  1.1474e-01 -2.8497e+01 -1.7433e-01 -1.1147e-01
-2.6833e+00     0.0000e+00  0.0000e+00  0.0000e+00 -0.0000e+00 -0.0000e+00 -0.0000e+00  2.7979e+01  1.7657e-01  1.1474e-01 -2.8497e+01 -1.7433e-01 -1.1147e-01
-2.6750e+00     1.6206e-02  2.6024e-05  1.6109e-05 -0.0000e+00 -0.0000e+00 -0.0000e+00  2.7979e+01  1.7657e-01  1.1474e-01 -2.8497e+01 -1.7433e-01 -1.1147e-01
-2.6667e+00     1.5982e+01  2.5792e-02  1.4675e-02 -0.0000e+00 -0.0000e+00 -0.0000e+00  2.8046e+01  1.7668e-01  1.1480e-01 -2.8497e+01 -1.7433e-01 -1.1147e-01
-2.6583e+00     1.5231e+01  2.3828e-02  1.1928e-02 -0.0000e+00 -0.0000e+00 -0.0000e+00  2.8175e+01  1.7689e-01  1.1491e-01 -2.8497e+01 -1.7433e-01 -1.1147e-01
-2.6500e+00     2.1028e+01  3.2599e-02  1.5833e-02 -0.0000e+00 -0.0000e+00 -0.0000e+00  2.8326e+01  1.7712e-01  1.1503e-01 -2.8497e+01 -1.7433e-01 -1.1147e-01
-2.6417e+00     4.3684e+01  6.4556e-02  2.9112e-02 -0.0000e+00 -0.0000e+00 -0.0000e+00  2.8595e+01  1.7752e-01  1.1522e-01 -2.8497e+01 -1.7433e-01 -1.1147e-01
-2.6333e+00     2.6190e+01  3.7184e-02  1.4227e-02 -0.0000e+00 -0.0000e+00 -0.0000e+00  2.8886e+01  1.7795e-01  1.1540e-01 -2.8497e+01 -1.7433e-01 -1.1147e-01
-2.6250e+00     0.0000e+00  0.0000e+00  0.0000e+00 -0.0000e+00 -0.0000e+00 -0.0000e+00  2.8995e+01  1.7810e-01  1.1546e-01 -2.8497e+01 -1.7433e-01 -1.1147e-01
-2.6167e+00     0.0000e+00  0.0000e+00  0.0000e+00 -0.0000e+00 -0.0000e+00 -0.0000e+00  2.8995e+01  1.7810e-01  1.1546e-01 -2.8497e+01 -1.7433e-01 -1.1147e-01
-2.6083e+00     0.0000e+00  0.0000e+00  0.0000e+00 -3.0735e+01 -1.8007e-01 -1.7547e-01  2.8995e+01  1.7810e-01  1.1546e-01 -2.8625e+01 -1.7508e-01 -1.1220e-01
-2.6000e+00     0.0000e+00  0.0000e+00  0.0000e+00 -4.3597e+01 -2.2201e-01 -2.4161e-01  2.8995e+01  1.7810e-01  1.1546e-01 -2.8934e+01 -1.7675e-01 -1.1394e-01
-2.5917e+00     0.0000e+00  0.0000e+00  0.0000e+00 -2.8745e+01 -1.7473e-01 -1.5923e-01  2.8995e+01  1.7810e-01  1.1546e-01 -2.9235e+01 -1.7840e-01 -1.1561e-01
-2.5833e+00     0.0000e+00  0.0000e+00  0.0000e+00 -1.6862e+01 -8.8449e-02 -9.4362e-02  2.8995e+01  1.7810e-01  1.1546e-01 -2.9425e+01 -1.7950e-01 -1.1666e-01
-2.5750e+00     0.0000e+00  0.0000e+00  0.0000e+00 -1.2460e+01 -6.0318e-02 -7.0504e-02  2.8995e+01  1.7810e-01  1.1546e-01 -2.9547e+01 -1.8012e-01 -1.1735e-01
-2.5667e+00     0.0000e+00  0.0000e+00  0.0000e+00 -2.8232e+00 -1.2749e-02 -1.6651e-02  2.8995e+01  1.7810e-01  1.1546e-01 -2.9611e+01 -1.8042e-01 -1.1771e-01
-2.5583e+00     1.5431e+00  3.9795e-03  1.2801e-02 -0.0000e+00 -0.0000e+00 -0.0000e+00  2.9001e+01  1.7812e-01  1.1551e-01 -2.9622e+01 -1.8047e-01 -1.1778e-01
-2.5500e+00     1.3518e+01  5.2296e-02  1.2190e-01 -0.0000e+00 -0.0000e+00 -0.0000e+00  2.9064e+01  1.7835e-01  1.1607e-01 -2.9622e+01 -1.8047e-01 -1.1778e-01
-2.5417e+00     1.4341e+01  6.7429e-02  1.3110e-01 -0.0000e+00 -0.0000e+00 -0.0000e+00  2.9180e+01  1.7885e-01  1.1712e-01 -2.9622e+01 -1.8047e-01 -1.1778e-01
-2.5333e+00     1.8630e+01  9.9926e-02  1.7321e-01 -0.0000e+00 -0.0000e+00 -0.0000e+00  2.9317e+01  1.7955e-01  1.1839e-01 -2.9622e+01 -1.8047e-01 -1.1778e-01
-2.5250e+00     1.7246e+01  8.6114e-02  1.5257e-01 -0.0000e+00 -0.0000e+00 -0.0000e+00  2.9466e+01  1.8032e-01  1.1974e-01 -2.9622e+01 -1.8047e-01 -1.1778e-01
-2.5167e+00     1.7224e+01  7.5411e-02  1.4460e-01 -0.0000e+00 -0.0000e+00 -0.0000e+00  2.9610e+01  1.8099e-01  1.2098e-01 -2.9622e+01 -1.8047e-01 -1.1778e-01
-2.5083e+00     1.3786e+01  6.8043e-02  1.1711e-01 -0.0000e+00 -0.0000e+00 -0.0000e+00  2.9739e+01  1.8159e-01  1.2207e-01 -2.9622e+01 -1.8047e-01 -1.1778e-01
-2.5000e+00     1.0225e+01  5.7231e-02  8.8483e-02 -0.0000e+00 -0.0000e+00 -0.0000e+00  2.9839e+01  1.8211e-01  1.2292e-01 -2.9622e+01 -1.8047e-01 -1.1778e-01
-2.4917e+00     8.6183e+00  5.3492e-02  7.6041e-02 -0.0000e+00 -0.0000e+00 -0.0000e+00  2.9917e+01  1.8257e-01  1.2361e-01 -2.9622e+01 -1.8047e-01 -1.1778e-01
-2.4833e+00     5.4515e-01  3.5497e-03  4.8432e-03 -0.0000e+00 -0.0000e+00 -0.0000e+00  2.9955e+01  1.8281e-01  1.2394e-01 -2.9622e+01 -1.8047e-01 -1.1778e-01
-2.4750e+00     0.0000e+00  0.0000e+00  0.0000e+00 -0.0000e+00 -0.0000e+00 -0.0000e+00  2.9957e+01  1.8282e-01  1.2396e-01 -2.9622e+01 -1.8047e-01 -1.1778e-01
-2.4667e+00     2.7207e+00  1.6200e-03  9.2584e-04 -0.0000e+00 -0.0000e+00 -0.0000e+00  2.9969e+01  1.8283e-01  1.2397e-01 -2.9622e+01 -1.8047e-01 -1.1778e-01
-2.4583e+00     7.4875e+00  4.4574e-03  2.5413e-03 -0.0000e+00 -0.0000e+00 -0.0000e+00  3.0011e+01  1.8285e-01  1.2398e-01 -2.9622e+01 -1.8047e-01 -1.1778e-01
-2.4500e+00     8.7895e+00  5.7030e-03  2.8873e-03 -0.0000e+00 -0.0000e+00 -0.0000e+00  3.0079e+01  1.8290e-01  1.2400e-01 -2.9622e+01 -1.8047e-01 -1.1778e-01
-2.4417e+00     1.0831e+01  7.5181e-03  3.4205e-03 -0.0000e+00 -0.0000e+00 -0.0000e+00  3.0160e+01  1.8295e-01  1.2403e-01 -2.9622e+01 -1.8047e-01 -1.1778e-01
-2.4333e+00     1.3286e+01  9.5782e-03  4.1265e-03 -0.0000e+00 -0.0000e+00 -0.0000e+00  3.0261e+01  1.8302e-01  1.2406e-01 -2.9622e+01 -1.8047e-01 -1.1778e-01
-2.4250e+00     2.1086e+01  1.5659e-02  6.5878e-03 -0.0000e+00 -0.0000e+00 -0.0000e+00  3.0404e+01  1.8313e-01  1.2411e-01 -2.9622e+01 -1.8047e-01 -1.1778e-01
-2.4167e+00     2.3559e+01  2.1966e-02  5.6661e-03 -8.4773e+00 -3.8100e-02 -3.2191e-02  3.0589e+01  1.8328e-01  1.2416e-01 -2.9658e+01 -1.8063e-01 -1.1791e-01
-2.4083e+00     1.9054e+01  1.9937e-02  4.2794e-03 -1.1984e+01 -6.6913e-02 -4.8671e-02  3.0767e+01  1.8346e-01  1.2420e-01 -2.9743e+01 -1.8107e-01 -1.1825e-01
-2.4000e+00     1.6207e+01  2.0141e-02  2.8921e-03 -1.4481e+01 -8.4078e-02 -7.4509e-02  3.0913e+01  1.8363e-01  1.2423e-01 -2.9853e+01 -1.8170e-01 -1.1876e-01
-2.3917e+00     0.0000e+00  0.0000e+00  0.0000e+00 -1.5270e+01 -1.0799e-01 -8.0981e-02  3.0981e+01  1.8371e-01  1.2424e-01 -2.9977e+01 -1.8250e-01 -1.1941e-01
-2.3833e+00     0.0000e+00  0.0000e+00  0.0000e+00 -1.1168e+01 -1.0740e-01 -5.4965e-02  3.0981e+01  1.8371e-01  1.2424e-01 -3.0087e+01 -1.8339e-01 -1.1997e-01
-2.3750e+00     0.0000e+00  0.0000e+00  0.0000e+00 -1.1241e+01 -1.2921e-01 -5.4647e-02  3.0981e+01  1.8371e-01  1.2424e-01 -3.0180e+01 -1.8438e-01 -1.2043e-01
-2.3667e+00     0.0000e+00  0.0000e+00  0.0000e+00 -1.4250e+01 -1.6458e-01 -6.9635e-02  3.0981e+01  1.8371e-01  1.2424e-01 -3.0286e+01 -1.8560e-01 -1.2095e-01
-2.3583e+00     0.0000e+00  0.0000e+00  0.0000e+00 -2.3044e+01 -3.4563e-01 -1.1107e-01  3.0981e+01  1.8371e-01  1.2424e-01 -3.0441e+01 -1.8772e-01 -1.2170e-01
-2.3500e+00     0.0000e+00  0.0000e+00  0.0000e+00 -1.3438e+01 -3.1364e-01 -5.6354e-02  3.0981e+01  1.8371e-01  1.2424e-01 -3.0593e+01 -1.9046e-01 -1.2239e-01
-2.3417e+00     0.0000e+00  0.0000e+00  0.0000e+00 -0.0000e+00 -0.0000e+00 -0.0000e+00  3.0981e+01  1.8371e-01  1.2424e-01 -3.0649e+01 -1.9177e-01 -1.2263e-01
-2.3333e+00     0.0000e+00  0.0000e+00  0.0000e+00 -0.0000e+00 -0.0000e+00 -0.0000e+00  3.0981e+01  1.8371e-01  1.2424e-01 -3.0649e+01 -1.9177e-01 -1.2263e-01
-2.3250e+00     0.0000e+00  0.0000e+00  0.0000e+00 -0.0000e+00 -0.0000e+00 -0.0000e+00  3.0981e+01  1.8371e-01  1.2424e-01 -3.0649e+01 -1.9177e-01 -1.2263e-01
-2.3167e+00     0.0000e+00  0.0000e+00  0.0000e+00 -0.0000e+00 -0.0000e+00 -0.0000e+00  3.0981e+01  1.8371e-01  1.2424e-01 -3.0649e+01 -1.9177e-01 -1.2263e-01
-2.3083e+00     0.0000e+00  0.0000e+00  0.0000e+00 -0.0000e+00 -0.0000e+00 -0.0000e+00  3.0981e+01  1.8371e-01  1.2424e-01 -3.0649e+01 -1.9177e-01 -1.2263e-01
-2.3000e+00     0.0000e+00  0.0000e+00  0.0000e+00 -0.0000e+00 -0.0000e+00 -0.0000e+00  3.0981e+01  1.8371e-01  1.2424e-01 -3.0649e+01 -1.9177e-01 -1.2263e-01
-2.2917e+00     0.0000e+00  0.0000e+00  0.0000e+00 -0.0000e+00 -0.0000e+00 -0.0000e+00  3.0981e+01  1.8371e-01  1.2424e-01 -3.0649e+01 -1.9177e-01 -1.2263e-01
-2.2833e+00     0.0000e+00  0.0000e+00  0.0000e+00 -0.0000e+00 -0.0000e+00 -0.0000e+00  3.0981e+01  1.8371e-01  1.2424e-01 -3.0649e+01 -1.9177e-01 -1.2263e-01
-2.2750e+00     0.0000e+00  0.0000e+00  0.0000e+00 -0.0000e+00 -0.0000e+00 -0.0000e+00  3.0981e+01  1.8371e-01  1.2424e-01 -3.0649e+01 -1.9177e-01 -1.2263e-01
-2.2667e+00     0.0000e+00  0.0000e+00  0.0000e+00 -0.0000e+00 -0.0000e+00 -0.0000e+00  3.0981e+01  1.8371e-01  1.2424e-01 -3.0649e+01 -1.9177e-01 -1.2263e-01
-2.2583e+00     0.0000e+00  0.0000e+00  0.0000e+00 -0.0000e+00 -0.0000e+00 -0.0000e+00  3.0981e+01  1.8371e-01  1.2424e-01 -3.0649e+01 -1.9177e-01 -1.2263e-01
-2.2500e+00     0.0000e+00  0.0000e+00  0.0000e+00 -0.0000e+00 -0.0000e+00 -0.0000e+00  3.0981e+01  1.8371e-01  1.2424e-01 -3.0649e+01 -1.9177e-01 -1.2263e-01
-2.2417e+00     0.0000e+00  0.0000e+00  0.0000e+00 -0.0000e+00 -0.0000e+00 -0.0000e+00  3.0981e+01  1.8371e-01  1.2424e-01 -3.0649e+01 -1.9177e-01 -1.2263e-01
-2.2333e+00     0.0000e+00  0.0000e+00  0.0000e+00 -0.0000e+00 -0.0000e+00 -0.0000e+00  3.0981e+01  1.8371e-01  1.2424e-01 -3.0649e+01 -1.9177e-01 -1.2263e-01
-2.2250e+00     0.0000e+00  0.0000e+00  0.0000e+00 -0.0000e+00 -0.0000e+00 -0.0000e+00  3.0981e+01  1.8371e-01  1.2424e-01 -3.0649e+01 -1.9177e-01 -1.2263e-01
-2.2167e+00     0.0000e+00  0.0000e+00  0.0000e+00 -0.0000e+00 -0.0000e+00 -0.0000e+00  3.0981e+01  1.8371e-01  1.2424e-01 -3.0649e+01 -1.9177e-01 -1.2263e-01
-2.2083e+00     0.0000e+00  0.0000e+00  0.0000e+00 -0.0000e+00 -0.0000e+00 -0.0000e+00  3.0981e+01  1.8371e-01  1.2424e-01 -3.0649e+01 -1.9177e-01 -1.2263e-01
-2.2000e+00     0.0000e+00  0.0000e+00  0.0000e+00 -0.0000e+00 -0.0000e+00 -0.0000e+00  3.0981e+01  1.8371e-01  1.2424e-01 -3.0649e+01 -1.9177e-01 -1.2263e-01
-2.1917e+00     0.0000e+00  0.0000e+00  0.0000e+00 -0.0000e+00 -0.0000e+00 -0.0000e+00  3.0981e+01  1.8371e-01  1.2424e-01 -3.0649e+01 -1.9177e-01 -1.2263e-01
-2.1833e+00     0.0000e+00  0.0000e+00  0.0000e+00 -0.0000e+00 -0.0000e+00 -0.0000e+00  3.0981e+01  1.8371e-01  1.2424e-01 -3.0649e+01 -1.9177e-01 -1.2263e-01
-2.1750e+00     0.0000e+00  0.0000e+00  0.0000e+00 -0.0000e+00 -0.0000e+00 -0.0000e+00  3.0981e+01  1.8371e-01  1.2424e-01 -3.0649e+01 -1.9177e-01 -1.2263e-01
-2.1667e+00     0.0000e+00  0.0000e+00  0.0000e+00 -0.0000e+00 -0.0000e+00 -0.0000e+00  3.0981e+01  1.8371e-01  1.2424e-01 -3.0649e+01 -1.9177e-01 -1.2263e-01
-2.1583e+00     0.0000e+00  0.0000e+00  0.0000e+00 -0.0000e+00 -0.0000e+00 -0.0000e+00  3.0981e+01  1.8371e-01  1.2424e-01 -3.0649e+01 -1.9177e-01 -1.2263e-01
-2.1500e+00     0.0000e+00  0.0000e+00  0.0000e+00 -0.0000e+00 -0.0000e+00 -0.0000e+00  3.0981e+01  1.8371e-01  1.2424e-01 -3.0649e+01 -1.9177e-01 -1.2263e-01
-2.1417e+00     0.0000e+00  0.0000e+00  0.0000e+00 -0.0000e+00 -0.0000e+00 -0.0000e+00  3.0981e+01  1.8371e-01  1.2424e-01 -3.0649e+01 -1.9177e-01 -1.2263e-01
-2.1333e+00     0.0000e+00  0.0000e+00  0.0000e+00 -0.0000e+00 -0.0000e+00 -0.0000e+00  3.0981e+01  1.8371e-01  1.2424e-01 -3.0649e+01 -1.9177e-01 -1.2263e-01
-2.1250e+00     0.0000e+00  0.0000e+00  0.0000e+00 -0.0000e+00 -0.0000e+00 -0.0000e+00  3.0981e+01  1.8371e-01  1.2424e-01 -3.0649e+01 -1.9177e-01 -1.2263e-01
-2.1167e+00     0.0000e+00  0.0000e+00  0.0000e+00 -0.0000e+00 -0.0000e+00 -0.0000e+00  3.0981e+01  1.8371e-01  1.2424e-01 -3.0649e+01 -1.9177e-01 -1.2263e-01
-2.1083e+00     0.0000e+00  0.0000e+00  0.0000e+00 -0.0000e+00 -0.0000e+00 -0.0000e+00  3.0981e+01  1.8371e-01  1.2424e-01 -3.0649e+01 -1.9177e-01 -1.2263e-01
-2.1000e+00     0.0000e+00  0.0000e+00  0.0000e+00 -0.0000e+00 -0.0000e+00 -0.0000e+00  3.0981e+01  1.8371e-01  1.2424e-01 -3.0649e+01 -1.9177e-01 -1.2263e-01
-2.0917e+00     0.0000e+00  0.0000e+00  0.0000e+00 -0.0000e+00 -0.0000e+00 -0.0000e+00  3.0981e+01  1.8371e-01  1.2424e-01 -3.0649e+01 -1.9177e-01 -1.2263e-01
-2.0833e+00     0.0000e+00  0.0000e+00  0.0000e+00 -0.0000e+00 -0.0000e+00 -0.0000e+00  3.0981e+01  1.8371e-01  1.2424e-01 -3.0649e+01 -1.9177e-01 -1.2263e-01
-2.0750e+00     0.0000e+00  0.0000e+00  0.0000e+00 -0.0000e+00 -0.0000e+00 -0.0000e+00  3.0981e+01  1.8371e-01  1.2424e-01 -3.0649e+01 -1.9177e-01 -1.2263e-01
-2.0667e+00     0.0000e+00  0.0000e+00  0.0000e+00 -0.0000e+00 -0.0000e+00 -0.0000e+00  3.0981e+01  1.8371e-01  1.2424e-01 -3.0649e+01 -1.9177e-01 -1.2263e-01
-2.0583e+00     0.0000e+00  0.0000e+00  0.0000e+00 -0.0000e+00 -0.0000e+00 -0.0000e+00  3.0981e+01  1.8371e-01  1.2424e-01 -3.0649e+01 -1.9177e-01 -1.2263e-01
-2.0500e+00     0.0000e+00  0.0000e+00  0.0000e+00 -0.0000e+00 -0.0000e+00 -0.0000e+00  3.0981e+01  1.8371e-01  1.2424e-01 -3.0649e+01 -1.9177e-01 -1.2263e-01
-2.0417e+00     0.0000e+00  0.0000e+00  0.0000e+00 -0.0000e+00 -0.0000e+00 -0.0000e+00  3.0981e+01  1.8371e-01  1.2424e-01 -3.0649e+01 -1.9177e-01 -1.2263e-01
-2.0333e+00     4.3229e+01  3.7229e+00  1.5178e-02 -0.0000e+00 -0.0000e+00 -0.0000e+00  3.1161e+01  1.9920e-01  1.2430e-01 -3.0649e+01 -1.9177e-01 -1.2263e-01
-2.0250e+00     2.6865e+01  1.6086e+00  7.7803e-03 -2.6364e+00 -3.5292e-01 -2.9606e-03  3.1452e+01  2.2137e-01  1.2440e-01 -3.0660e+01 -1.9324e-01 -1.2264e-01
-2.0167e+00     2.2516e+01  1.1555e+00  5.7598e-03 -1.2766e+01 -1.6079e+00 -1.3891e-02  3.1658e+01  2.3287e-01  1.2446e-01 -3.0724e+01 -2.0139e-01 -1.2271e-01
-2.0083e+00     1.4363e+01  7.3741e-01  4.0525e-03 -2.4136e+01 -2.9732e+00 -2.4835e-02  3.1811e+01  2.4075e-01  1.2450e-01 -3.0877e+01 -2.2045e-01 -1.2287e-01
-2.0000e+00     9.9663e+00  5.2826e-01  2.7732e-03 -2.4118e+01 -2.8582e+00 -2.2843e-02  3.1912e+01  2.4601e-01  1.2453e-01 -3.1078e+01 -2.4471e-01 -1.2307e-01
-1.9917e+00     0.0000e+00  0.0000e+00  0.0000e+00 -4.1374e+01 -4.9701e+00 -3.5902e-02  3.1954e+01  2.4821e-01  1.2454e-01 -3.1350e+01 -2.7727e-01 -1.2331e-01
-1.9833e+00     0.0000e+00  0.0000e+00  0.0000e+00 -1.6760e+01 -2.2045e+00 -1.1058e-02  3.1954e+01  2.4821e-01  1.2454e-01 -3.1592e+01 -3.0711e-01 -1.2351e-01
-1.9750e+00     0.0000e+00  0.0000e+00  0.0000e+00 -0.0000e+00 -0.0000e+00 -0.0000e+00  3.1954e+01  2.4821e-01  1.2454e-01 -3.1662e+01 -3.1628e-01 -1.2356e-01
-1.9667e+00     9.1131e+00  7.3132e-01  6.0760e-03 -2.5598e-01 -6.4826e-03 -3.0312e-04  3.1992e+01  2.5125e-01  1.2456e-01 -3.1663e+01 -3.1631e-01 -1.2356e-01
-1.9583e+00     1.3892e+01  1.2163e+00  1.0153e-02 -1.2100e+01 -3.9660e-01 -1.1043e-02  3.2087e+01  2.5935e-01  1.2463e-01 -3.1714e+01 -3.1799e-01 -1.2360e-01
-1.9500e+00     2.0921e+01  2.1499e+00  1.3597e-02 -2.9951e+01 -1.1701e+00 -2.1235e-02  3.2232e+01  2.7335e-01  1.2473e-01 -3.1889e+01 -3.2451e-01 -1.2374e-01
-1.9417e+00     4.9566e+01  5.3414e+00  2.9473e-02 -3.0116e+01 -1.5019e+00 -1.7350e-02  3.2525e+01  3.0452e-01  1.2491e-01 -3.2139e+01 -3.3562e-01 -1.2390e-01
-1.9333e+00     1.1385e+01  5.7937e-01  9.7103e-03 -1.7031e+01 -7.8417e-01 -6.9220e-03  3.2779e+01  3.2914e-01  1.2507e-01 -3.2335e+01 -3.4513e-01 -1.2400e-01
-1.9250e+00     1.0222e+01  4.0303e-01  7.7681e-03 -1.3603e+01 -5.1286e-01 -3.9197e-03  3.2869e+01  3.3323e-01  1.2514e-01 -3.2463e+01 -3.5053e-01 -1.2405e-01
-1.9167e+00     2.8472e+00  9.6223e-02  2.7689e-03 -1.1246e+01 -4.0250e-01 -2.8461e-03  3.2923e+01  3.3531e-01  1.2519e-01 -3.2566e+01 -3.5433e-01 -1.2407e-01
-1.9083e+00     2.6236e+00  6.7370e-02  3.5064e-03 -3.7676e+00 -1.3707e-01 -7.2621e-04  3.2946e+01  3.3599e-01  1.2521e-01 -3.2628e+01 -3.5658e-01 -1.2409e-01
-1.9000e+00     4.4907e+00  1.2290e-01  5.8735e-03 -1.4735e+00 -5.4530e-02 -2.7139e-04  3.2975e+01  3.3678e-01  1.2525e-01 -3.2650e+01 -3.5737e-01 -1.2409e-01
-1.8917e+00     6.6069e+00  2.1129e-01  7.3622e-03 -0.0000e+00 -0.0000e+00 -0.0000e+00  3.3022e+01  3.3817e-01  1.2531e-01 -3.2656e+01 -3.5760e-01 -1.2409e-01
-1.8833e+00     2.5785e+01  6.2147e-01  1.7358e-02 -0.0000e+00 -0.0000e+00 -0.0000e+00  3.3156e+01  3.4163e-01  1.2541e-01 -3.2656e+01 -3.5760e-01 -1.2409e-01
-1.8750e+00     2.3848e+01  6.3401e-01  1.7525e-02 -0.0000e+00 -0.0000e+00 -0.0000e+00  3.3363e+01  3.4686e-01  1.2555e-01 -3.2656e+01 -3.5760e-01 -1.2409e-01
-1.8667e+00     2.1173e+01  6.2059e-01  1.5487e-02 -0.0000e+00 -0.0000e+00 -0.0000e+00  3.3550e+01  3.5208e-01  1.2569e-01 -3.2656e+01 -3.5760e-01 -1.2409e-01
-1.8583e+00     1.9156e+01  4.7439e-01  1.5072e-02 -0.0000e+00 -0.0000e+00 -0.0000e+00  3.3718e+01  3.5663e-01  1.2582e-01 -3.2656e+01 -3.5760e-01 -1.2409e-01
-1.8500e+00     1.6275e+01  3.4543e-01  1.2920e-02 -1.1090e+00 -2.0693e-02 -1.0972e-03  3.3865e+01  3.6004e-01  1.2594e-01 -3.2661e+01 -3.5769e-01 -1.2410e-01
-1.8417e+00     0.0000e+00  0.0000e+00  0.0000e+00 -1.1268e+01 -2.1303e-01 -1.2242e-02  3.3933e+01  3.6148e-01  1.2599e-01 -3.2712e+01 -3.5866e-01 -1.2415e-01
-1.8333e+00     0.0000e+00  0.0000e+00  0.0000e+00 -3.0510e+01 -5.0198e-01 -3.2451e-02  3.3933e+01  3.6148e-01  1.2599e-01 -3.2886e+01 -3.6163e-01 -1.2434e-01
-1.8250e+00     0.0000e+00  0.0000e+00  0.0000e+00 -2.6934e+01 -5.1443e-01 -2.4415e-02  3.3933e+01  3.6148e-01  1.2599e-01 -3.3125e+01 -3.6586e-01 -1.2458e-01
-1.8167e+00     2.9279e+00  5.3547e-02  4.0680e-03 -2.0630e+01 -4.9823e-01 -1.9153e-02  3.3945e+01  3.6170e-01  1.2601e-01 -3.3323e+01 -3.7007e-01 -1.2476e-01
-1.8083e+00     9.3074e+00  1.7646e-01  1.3122e-02 -2.4571e+01 -7.6173e-01 -2.1896e-02  3.3996e+01  3.6266e-01  1.2608e-01 -3.3511e+01 -3.7532e-01 -1.2493e-01
-1.8000e+00     1.2089e+01  2.5049e-01  1.8258e-02 -1.6633e+00 -6.1758e-02 -1.5222e-03  3.4085e+01  3.6443e-01  1.2621e-01 -3.3620e+01 -3.7874e-01 -1.2503e-01
-1.7917e+00     1.4884e+01  3.0669e-01  2.3030e-02 -0.0000e+00 -0.0000e+00 -0.0000e+00  3.4197e+01  3.6675e-01  1.2638e-01 -3.3627e+01 -3.7900e-01 -1.2503e-01
-1.7833e+00     1.5852e+01  3.2697e-01  2.4491e-02 -1.4632e+00 -2.1200e-02 -2.3157e-03  3.4325e+01  3.6939e-01  1.2658e-01 -3.3633e+01 -3.7909e-01 -1.2504e-01
-1.7750e+00     1.9943e+01  4.2651e-01  3.1351e-02 -3.6414e+00 -5.1815e-02 -5.6829e-03  3.4474e+01  3.7252e-01  1.2681e-01 -3.3654e+01 -3.7939e-01 -1.2507e-01
-1.7667e+00     1.8977e+01  3.7988e-01  3.2646e-02 -9.9176e+00 -1.4622e-01 -1.5313e-02  3.4636e+01  3.7587e-01  1.2708e-01 -3.3711e+01 -3.8021e-01 -1.2516e-01
-1.7583e+00     1.2582e+01  1.6849e-01  2.6430e-02 -1.3997e+01 -1.7783e-01 -1.4528e-02  3.4767e+01  3.7816e-01  1.2732e-01 -3.3810e+01 -3.8156e-01 -1.2529e-01
-1.7500e+00     1.0580e+01  1.0460e-01  2.5370e-02 -1.6248e+01 -2.2354e-01 -2.0832e-02  3.4863e+01  3.7929e-01  1.2754e-01 -3.3936e+01 -3.8323e-01 -1.2543e-01
-1.7417e+00     2.1848e+00  1.7270e-02  5.8502e-03 -1.4464e+01 -1.9504e-01 -1.9447e-02  3.4917e+01  3.7980e-01  1.2767e-01 -3.4064e+01 -3.8497e-01 -1.2560e-01
-1.7333e+00     0.0000e+00  0.0000e+00  0.0000e+00 -1.4222e+01 -1.8125e-01 -1.8434e-02  3.4926e+01  3.7987e-01  1.2769e-01 -3.4183e+01 -3.8654e-01 -1.2576e-01
-1.7250e+00     0.0000e+00  0.0000e+00  0.0000e+00 -1.2264e+01 -1.5188e-01 -1.6047e-02  3.4926e+01  3.7987e-01  1.2769e-01 -3.4293e+01 -3.8792e-01 -1.2590e-01
-1.7167e+00     0.0000e+00  0.0000e+00  0.0000e+00 -1.3291e+01 -1.5648e-01 -1.7874e-02  3.4926e+01  3.7987e-01  1.2769e-01 -3.4400e+01 -3.8921e-01 -1.2604e-01
-1.7083e+00     5.0575e+01  3.5179e-01  1.9307e-02 -7.4308e+00 -8.5048e-02 -1.2800e-02  3.5136e+01  3.8133e-01  1.2777e-01 -3.4486e+01 -3.9021e-01 -1.2617e-01
-1.7000e+00     6.3505e+01  4.8967e-01  2.4266e-02 -5.7227e+00 -6.1806e-02 -1.3824e-02  3.5611e+01  3.8483e-01  1.2795e-01 -3.4541e+01 -3.9082e-01 -1.2628e-01
-1.6917e+00     1.0931e-01  3.2360e-04  2.2021e-05 -3.2013e+00 -3.3894e-02 -8.1996e-03  3.5875e+01  3.8687e-01  1.2805e-01 -3.4578e+01 -3.9122e-01 -1.2637e-01
-1.6833e+00     0.0000e+00  0.0000e+00  0.0000e+00 -1.3602e+00 -1.4230e-02 -3.9729e-03  3.5876e+01  3.8687e-01  1.2805e-01 -3.4597e+01 -3.9142e-01 -1.2642e-01
-1.6750e+00     0.0000e+00  0.0000e+00  0.0000e+00 -3.2407e-01 -3.4075e-03 -9.5523e-04  3.5876e+01  3.8687e-01  1.2805e-01 -3.4604e+01 -3.9149e-01 -1.2644e-01
-1.6667e+00     0.0000e+00  0.0000e+00  0.0000e+00 -0.0000e+00 -0.0000e+00 -0.0000e+00  3.5876e+01  3.8687e-01  1.2805e-01 -3.4605e+01 -3.9151e-01 -1.2645e-01
-1.6583e+00     0.0000e+00  0.0000e+00  0.0000e+00 -0.0000e+00 -0.0000e+00 -0.0000e+00  3.5876e+01  3.8687e-01  1.2805e-01 -3.4605e+01 -3.9151e-01 -1.2645e-01
-1.6500e+00     0.0000e+00  0.0000e+00  0.0000e+00 -0.0000e+00 -0.0000e+00 -0.0000e+00  3.5876e+01  3.8687e-01  1.2805e-01 -3.4605e+01 -3.9151e-01 -1.2645e-01
-1.6417e+00     0.0000e+00  0.0000e+00  0.0000e+00 -0.0000e+00 -0.0000e+00 -0.0000e+00  3.5876e+01  3.8687e-01  1.2805e-01 -3.4605e+01 -3.9151e-01 -1.2645e-01
-1.6333e+00     0.0000e+00  0.0000e+00  0.0000e+00 -0.0000e+00 -0.0000e+00 -0.0000e+00  3.5876e+01  3.8687e-01  1.2805e-01 -3.4605e+01 -3.9151e-01 -1.2645e-01
-1.6250e+00     0.0000e+00  0.0000e+00  0.0000e+00 -0.0000e+00 -0.0000e+00 -0.0000e+00  3.5876e+01  3.8687e-01  1.2805e-01 -3.4605e+01 -3.9151e-01 -1.2645e-01
-1.6167e+00     0.0000e+00  0.0000e+00  0.0000e+00 -0.0000e+00 -0.0000e+00 -0.0000e+00  3.5876e+01  3.8687e-01  1.2805e-01 -3.4605e+01 -3.9151e-01 -1.2645e-01
-1.6083e+00     0.0000e+00  0.0000e+00  0.0000e+00 -8.0224e-01 -4.2645e-03 -1.6616e-03  3.5876e+01  3.8687e-01  1.2805e-01 -3.4608e+01 -3.9152e-01 -1.2645e-01
-1.6000e+00     0.0000e+00  0.0000e+00  0.0000e+00 -5.1635e+00 -2.4966e-02 -9.3116e-03  3.5876e+01  3.8687e-01  1.2805e-01 -3.4633e+01 -3.9165e-01 -1.2650e-01
-1.5917e+00     1.2084e+01  8.3778e-02  1.7990e-02 -7.6082e+00 -4.1214e-02 -1.3115e-02  3.5926e+01  3.8722e-01  1.2813e-01 -3.4686e+01 -3.9192e-01 -1.2659e-01
-1.5833e+00     1.2226e+01  1.2251e-01  1.4724e-02 -9.1782e+00 -5.5110e-02 -1.5883e-02  3.6027e+01  3.8808e-01  1.2827e-01 -3.4756e+01 -3.9232e-01 -1.2671e-01
-1.5750e+00     1.4338e+01  1.5944e-01  1.5895e-02 -1.1072e+01 -7.1543e-02 -2.1694e-02  3.6138e+01  3.8925e-01  1.2839e-01 -3.4840e+01 -3.9285e-01 -1.2687e-01
-1.5667e+00     1.6320e+01  1.8084e-01  1.7317e-02 -1.2971e+01 -8.3811e-02 -2.9726e-02  3.6265e+01  3.9067e-01  1.2853e-01 -3.4940e+01 -3.9350e-01 -1.2708e-01
-1.5583e+00     1.8961e+01  2.0191e-01  1.8874e-02 -1.2492e+01 -7.2309e-02 -3.2659e-02  3.6412e+01  3.9226e-01  1.2868e-01 -3.5046e+01 -3.9415e-01 -1.2734e-01
-1.5500e+00     2.4790e+01  2.4347e-01  2.4252e-02 -1.2638e+01 -7.0121e-02 -3.5780e-02  3.6594e+01  3.9411e-01  1.2886e-01 -3.5151e+01 -3.9474e-01 -1.2763e-01
-1.5417e+00     2.1186e+01  1.9984e-01  2.8339e-02 -1.5005e+01 -8.4375e-02 -4.0605e-02  3.6785e+01  3.9596e-01  1.2908e-01 -3.5266e+01 -3.9538e-01 -1.2795e-01
-1.5333e+00     4.3861e+00  3.1647e-02  1.0595e-02 -1.4355e+01 -8.4421e-02 -3.0351e-02  3.6891e+01  3.9692e-01  1.2924e-01 -3.5388e+01 -3.9608e-01 -1.2824e-01
-1.5250e+00     2.1316e+00  1.4112e-02  9.2983e-04 -1.6697e+01 -9.6514e-02 -3.2594e-02  3.6919e+01  3.9711e-01  1.2929e-01 -3.5517e+01 -3.9683e-01 -1.2850e-01
-1.5167e+00     4.0204e+00  2.4193e-02  1.7585e-03 -1.7214e+01 -1.0179e-01 -3.1045e-02  3.6944e+01  3.9727e-01  1.2930e-01 -3.5658e+01 -3.9766e-01 -1.2877e-01
-1.5083e+00     5.0654e+00  2.7797e-02  2.2380e-03 -1.8649e+01 -1.1814e-01 -2.9441e-02  3.6982e+01  3.9749e-01  1.2932e-01 -3.5807e+01 -3.9857e-01 -1.2902e-01
-1.5000e+00     5.8091e+00  2.8945e-02  2.5834e-03 -1.8330e+01 -1.3964e-01 -2.8327e-02  3.7027e+01  3.9772e-01  1.2934e-01 -3.5961e+01 -3.9965e-01 -1.2926e-01
-1.4917e+00     6.4567e+00  2.6692e-02  2.8059e-03 -1.7248e+01 -1.4676e-01 -2.5414e-02  3.7078e+01  3.9795e-01  1.2936e-01 -3.6109e+01 -4.0084e-01 -1.2948e-01
-1.4833e+00     1.1599e+01  3.8626e-02  1.2741e-02 -1.1752e+01 -9.2901e-02 -1.8471e-02  3.7153e+01  3.9823e-01  1.2942e-01 -3.6230e+01 -4.0184e-01 -1.2967e-01
-1.4750e+00     2.1279e+01  6.8263e-02  2.9461e-02 -8.5963e+00 -6.8697e-02 -1.5456e-02  3.7290e+01  3.9867e-01  1.2960e-01 -3.6314e+01 -4.0251e-01 -1.2981e-01
-1.4667e+00     1.5370e+01  5.4749e-02  2.2615e-02 -8.3703e+00 -6.7520e-02 -1.4736e-02  3.7443e+01  3.9918e-01  1.2982e-01 -3.6385e+01 -4.0307e-01 -1.2993e-01
-1.4583e+00     1.2987e+01  5.1121e-02  2.0143e-02 -8.5828e+00 -6.9880e-02 -1.4125e-02  3.7560e+01  3.9962e-01  1.2999e-01 -3.6456e+01 -4.0365e-01 -1.3005e-01
-1.4500e+00     5.6950e+00  2.9426e-02  1.1021e-02 -7.9442e+00 -7.7342e-02 -1.4967e-02  3.7638e+01  3.9996e-01  1.3012e-01 -3.6524e+01 -4.0426e-01 -1.3017e-01
-1.4417e+00     4.8763e+00  2.5738e-02  9.7826e-03 -8.2243e+00 -8.9929e-02 -1.8844e-02  3.7682e+01  4.0019e-01  1.3021e-01 -3.6592e+01 -4.0495e-01 -1.3031e-01
-1.4333e+00     4.1102e+00  2.2372e-02  8.7648e-03 -6.5231e+00 -8.0277e-02 -1.5611e-02  3.7720e+01  4.0039e-01  1.3029e-01 -3.6653e+01 -4.0566e-01 -1.3046e-01
-1.4250e+00     4.2103e+00  2.4203e-02  9.1630e-03 -6.2348e+00 -7.5259e-02 -1.3814e-02  3.7754e+01  4.0058e-01  1.3036e-01 -3.6706e+01 -4.0631e-01 -1.3058e-01
-1.4167e+00     5.2870e+00  3.3211e-02  1.0836e-02 -6.0370e+00 -7.1279e-02 -1.2323e-02  3.7794e+01  4.0082e-01  1.3045e-01 -3.6757e+01 -4.0692e-01 -1.3069e-01
-1.4083e+00     6.1861e+00  4.2284e-02  1.2092e-02 -5.9019e+00 -6.8614e-02 -1.1150e-02  3.7841e+01  4.0113e-01  1.3054e-01 -3.6807e+01 -4.0750e-01 -1.3079e-01
-1.4000e+00     7.8525e+00  6.5615e-02  1.7924e-02 -6.1054e+00 -7.7075e-02 -1.2425e-02  3.7900e+01  4.0158e-01  1.3067e-01 -3.6857e+01 -4.0811e-01 -1.3088e-01
-1.3917e+00     7.7282e+00  7.2313e-02  1.8524e-02 -6.8208e+00 -9.5032e-02 -1.5006e-02  3.7965e+01  4.0216e-01  1.3082e-01 -3.6910e+01 -4.0882e-01 -1.3100e-01
-1.3833e+00     7.7000e+00  7.3467e-02  1.7389e-02 -7.8135e+00 -1.1846e-01 -1.7721e-02  3.8029e+01  4.0276e-01  1.3097e-01 -3.6971e+01 -4.0971e-01 -1.3113e-01
-1.3750e+00     8.1984e+00  7.8548e-02  1.6854e-02 -9.5483e+00 -1.5135e-01 -2.2372e-02  3.8095e+01  4.0339e-01  1.3111e-01 -3.7043e+01 -4.1083e-01 -1.3130e-01
-1.3667e+00     8.3444e+00  9.0048e-02  1.7421e-02 -1.0503e+01 -1.6490e-01 -2.5767e-02  3.8164e+01  4.0410e-01  1.3125e-01 -3.7127e+01 -4.1215e-01 -1.3150e-01
-1.3583e+00     8.8791e+00  1.1948e-01  2.3604e-02 -9.6092e+00 -1.5538e-01 -1.9784e-02  3.8235e+01  4.0497e-01  1.3142e-01 -3.7211e+01 -4.1348e-01 -1.3169e-01
-1.3500e+00     1.2098e+01  1.7978e-01  3.7172e-02 -1.0031e+01 -1.7301e-01 -1.8342e-02  3.8323e+01  4.0621e-01  1.3168e-01 -3.7292e+01 -4.1485e-01 -1.3185e-01
-1.3417e+00     1.1343e+01  1.7208e-01  3.4517e-02 -1.3671e+01 -2.6449e-01 -2.4769e-02  3.8420e+01  4.0768e-01  1.3197e-01 -3.7391e+01 -4.1667e-01 -1.3203e-01
-1.3333e+00     1.0852e+01  1.7447e-01  2.8879e-02 -1.4850e+01 -2.8434e-01 -2.9482e-02  3.8512e+01  4.0912e-01  1.3224e-01 -3.7509e+01 -4.1895e-01 -1.3225e-01
-1.3250e+00     1.6051e+01  3.3429e-01  4.4857e-02 -1.3821e+01 -2.4233e-01 -2.7774e-02  3.8624e+01  4.1123e-01  1.3254e-01 -3.7629e+01 -4.2114e-01 -1.3249e-01
-1.3167e+00     1.0963e+01  2.0754e-01  2.9133e-02 -1.1504e+01 -1.7394e-01 -2.4772e-02  3.8737e+01  4.1349e-01  1.3285e-01 -3.7734e+01 -4.2287e-01 -1.3271e-01
-1.3083e+00     1.0565e+01  1.9310e-01  2.7022e-02 -1.1850e+01 -1.5680e-01 -2.4634e-02  3.8826e+01  4.1515e-01  1.3309e-01 -3.7831e+01 -4.2425e-01 -1.3292e-01
-1.3000e+00     1.2661e+01  2.3263e-01  3.3022e-02 -1.2417e+01 -1.5936e-01 -2.2063e-02  3.8923e+01  4.1693e-01  1.3334e-01 -3.7932e+01 -4.2556e-01 -1.3311e-01
-1.2917e+00     1.4355e+01  2.2034e-01  3.6529e-02 -1.8884e+01 -1.9678e-01 -2.4403e-02  3.9035e+01  4.1881e-01  1.3362e-01 -3.8062e+01 -4.2704e-01 -1.3330e-01
-1.2833e+00     1.4853e+01  1.9242e-01  3.1238e-02 -1.7411e+01 -1.4503e-01 -2.5593e-02  3.9157e+01  4.2053e-01  1.3391e-01 -3.8213e+01 -4.2847e-01 -1.3351e-01
-1.2750e+00     1.4203e+01  1.5943e-01  2.3493e-02 -2.9844e+01 -2.2657e-01 -5.0812e-02  3.9278e+01  4.2199e-01  1.3413e-01 -3.8410e+01 -4.3001e-01 -1.3383e-01
-1.2667e+00     2.2922e+01  2.1371e-01  2.9159e-02 -1.3123e+01 -9.2182e-02 -2.2396e-02  3.9432e+01  4.2354e-01  1.3435e-01 -3.8589e+01 -4.3134e-01 -1.3414e-01
-1.2583e+00     1.9791e+01  1.6858e-01  3.2390e-02 -1.5400e+01 -9.8436e-02 -3.0793e-02  3.9610e+01  4.2513e-01  1.3461e-01 -3.8707e+01 -4.3213e-01 -1.3436e-01
-1.2500e+00     2.3334e+01  2.0089e-01  4.0253e-02 -1.1246e+01 -5.1782e-02 -2.2566e-02  3.9789e+01  4.2667e-01  1.3491e-01 -3.8818e+01 -4.3276e-01 -1.3458e-01
-1.2417e+00     1.8589e+01  1.6504e-01  3.7924e-02 -7.0928e+00 -4.7879e-02 -1.4667e-02  3.9964e+01  4.2819e-01  1.3524e-01 -3.8894e+01 -4.3317e-01 -1.3473e-01
-1.2333e+00     1.2642e+01  9.7302e-02  2.6194e-02 -7.6041e+00 -6.4322e-02 -1.5376e-02  4.0093e+01  4.2928e-01  1.3550e-01 -3.8956e+01 -4.3364e-01 -1.3486e-01
-1.2250e+00     8.8501e+00  6.6982e-02  1.8113e-02 -9.0030e+00 -8.9933e-02 -1.8369e-02  4.0183e+01  4.2997e-01  1.3569e-01 -3.9025e+01 -4.3428e-01 -1.3500e-01
-1.2167e+00     8.1380e+00  9.8839e-02  1.7578e-02 -1.0371e+01 -1.0997e-01 -2.1199e-02  4.0254e+01  4.3066e-01  1.3584e-01 -3.9105e+01 -4.3511e-01 -1.3516e-01
-1.2083e+00     9.3381e+00  1.2337e-01  2.0359e-02 -1.0233e+01 -9.6619e-02 -2.0220e-02  4.0326e+01  4.3158e-01  1.3599e-01 -3.9191e+01 -4.3597e-01 -1.3534e-01
-1.2000e+00     9.3192e+00  1.1365e-01  1.9116e-02 -8.9036e+00 -6.0537e-02 -1.4044e-02  4.0404e+01  4.3257e-01  1.3616e-01 -3.9271e+01 -4.3662e-01 -1.3548e-01
-1.1917e+00     9.2839e+00  9.9223e-02  1.7982e-02 -1.0543e+01 -6.4973e-02 -1.4310e-02  4.0481e+01  4.3345e-01  1.3631e-01 -3.9351e+01 -4.3714e-01 -1.3560e-01
-1.1833e+00     9.0093e+00  8.4645e-02  1.5458e-02 -1.0933e+01 -5.1525e-02 -1.4204e-02  4.0557e+01  4.3422e-01  1.3645e-01 -3.9441e+01 -4.3763e-01 -1.3571e-01
-1.1750e+00     9.6052e+00  8.1920e-02  1.4178e-02 -9.7464e+00 -3.5364e-02 -1.2364e-02  4.0635e+01  4.3491e-01  1.3657e-01 -3.9527e+01 -4.3799e-01 -1.3583e-01
-1.1667e+00     1.1910e+01  8.6730e-02  1.5828e-02 -1.0336e+01 -2.9308e-02 -1.2522e-02  4.0724e+01  4.3561e-01  1.3670e-01 -3.9610e+01 -4.3826e-01 -1.3593e-01
-1.1583e+00     1.1020e+01  6.2727e-02  1.4075e-02 -8.7838e+00 -3.0687e-02 -8.1766e-03  4.0820e+01  4.3623e-01  1.3682e-01 -3.9690e+01 -4.3851e-01 -1.3601e-01
-1.1500e+00     1.0038e+01  4.0659e-02  1.2030e-02 -1.2332e+01 -4.4662e-02 -1.4329e-02  4.0907e+01  4.3666e-01  1.3693e-01 -3.9778e+01 -4.3882e-01 -1.3611e-01
-1.1417e+00     6.0489e+00  1.2740e-02  4.8214e-03 -1.5245e+01 -5.4208e-02 -2.1173e-02  4.0974e+01  4.3689e-01  1.3700e-01 -3.9892e+01 -4.3923e-01 -1.3626e-01
-1.1333e+00     7.2066e+00  1.6998e-02  5.2511e-03 -1.5900e+01 -5.4942e-02 -1.8014e-02  4.1029e+01  4.3701e-01  1.3704e-01 -4.0022e+01 -4.3969e-01 -1.3642e-01
-1.1250e+00     1.0297e+01  2.6682e-02  9.2855e-03 -1.4393e+01 -5.6654e-02 -1.4703e-02  4.1102e+01  4.3719e-01  1.3710e-01 -4.0148e+01 -4.4015e-01 -1.3656e-01
-1.1167e+00     1.0859e+01  2.5075e-02  9.9947e-03 -1.3166e+01 -5.7946e-02 -1.2444e-02  4.1190e+01  4.3741e-01  1.3719e-01 -4.0263e+01 -4.4063e-01 -1.3667e-01
-1.1083e+00     1.1904e+01  2.6305e-02  1.1594e-02 -1.3393e+01 -7.0885e-02 -1.2164e-02  4.1285e+01  4.3762e-01  1.3727e-01 -4.0373e+01 -4.4117e-01 -1.3677e-01
-1.1000e+00     1.4075e+01  3.2876e-02  1.4521e-02 -1.4343e+01 -7.5011e-02 -1.2829e-02  4.1393e+01  4.3787e-01  1.3738e-01 -4.0488e+01 -4.4177e-01 -1.3687e-01
-1.0917e+00     1.5784e+01  4.1511e-02  1.7731e-02 -1.5574e+01 -7.5350e-02 -1.4366e-02  4.1517e+01  4.3818e-01  1.3752e-01 -4.0613e+01 -4.4240e-01 -1.3699e-01
-1.0833e+00     1.6203e+01  4.9158e-02  2.0263e-02 -1.2656e+01 -5.3433e-02 -1.2143e-02  4.1650e+01  4.3855e-01  1.3768e-01 -4.0730e+01 -4.4293e-01 -1.3710e-01
-1.0750e+00     1.2099e+01  4.1151e-02  1.0739e-02 -9.9825e+00 -3.2866e-02 -9.9855e-03  4.1768e+01  4.3893e-01  1.3780e-01 -4.0825e+01 -4.4329e-01 -1.3719e-01
-1.0667e+00     1.2970e+01  4.9149e-02  1.0562e-02 -1.1794e+01 -3.4798e-02 -1.2042e-02  4.1872e+01  4.3930e-01  1.3789e-01 -4.0915e+01 -4.4357e-01 -1.3728e-01
-1.0583e+00     1.4795e+01  5.6128e-02  1.1894e-02 -2.0184e+01 -7.9887e-02 -2.2191e-02  4.1988e+01  4.3974e-01  1.3799e-01 -4.1048e+01 -4.4405e-01 -1.3742e-01
-1.0500e+00     1.1175e+01  4.0887e-02  1.0300e-02 -2.1500e+01 -9.2351e-02 -2.4129e-02  4.2096e+01  4.4015e-01  1.3808e-01 -4.1222e+01 -4.4477e-01 -1.3762e-01
-1.0417e+00     8.9116e+00  3.0203e-02  1.0183e-02 -1.7947e+01 -7.2752e-02 -1.9012e-02  4.2179e+01  4.4044e-01  1.3816e-01 -4.1386e+01 -4.4545e-01 -1.3780e-01
-1.0333e+00     1.1184e+01  3.5026e-02  1.2736e-02 -1.2505e+01 -4.8383e-02 -1.1979e-02  4.2263e+01  4.4071e-01  1.3826e-01 -4.1512e+01 -4.4596e-01 -1.3792e-01
-1.0250e+00     1.2962e+01  4.9590e-02  1.3368e-02 -1.2721e+01 -4.6175e-02 -1.2089e-02  4.2363e+01  4.4106e-01  1.3837e-01 -4.1617e+01 -4.4635e-01 -1.3802e-01
-1.0167e+00     1.1745e+01  5.1639e-02  1.2604e-02 -1.1558e+01 -4.3594e-02 -1.3303e-02  4.2466e+01  4.4149e-01  1.3848e-01 -4.1718e+01 -4.4672e-01 -1.3813e-01
-1.0083e+00     1.2593e+01  6.2335e-02  1.3769e-02 -8.5871e+00 -3.1658e-02 -1.2780e-02  4.2567e+01  4.4196e-01  1.3859e-01 -4.1802e+01 -4.4704e-01 -1.3824e-01
-1.0000e+00     1.5665e+01  8.6843e-02  1.6810e-02 -1.4715e+01 -5.8295e-02 -2.2982e-02  4.2685e+01  4.4258e-01  1.3871e-01 -4.1899e+01 -4.4741e-01 -1.3839e-01
-9.9167e-01     1.5595e+01  8.9444e-02  1.7213e-02 -3.1063e+01 -1.3607e-01 -5.2930e-02  4.2815e+01  4.4331e-01  1.3885e-01 -4.2089e+01 -4.4822e-01 -1.3870e-01
-9.8333e-01     1.1829e+01  5.8831e-02  1.5230e-02 -3.7219e+01 -2.0989e-01 -5.7222e-02  4.2929e+01  4.4393e-01  1.3899e-01 -4.2373e+01 -4.4966e-01 -1.3916e-01
-9.7500e-01     1.4199e+01  6.8519e-02  1.9330e-02 -1.9167e+01 -1.2597e-01 -3.3226e-02  4.3037e+01  4.4446e-01  1.3913e-01 -4.2608e+01 -4.5106e-01 -1.3954e-01
-9.6667e-01     1.3698e+01  6.9663e-02  2.0863e-02 -2.1971e+01 -1.1635e-01 -4.4248e-02  4.3153e+01  4.4503e-01  1.3930e-01 -4.2779e+01 -4.5206e-01 -1.3986e-01
-9.5833e-01     1.5580e+01  5.8778e-02  3.6713e-02 -1.9666e+01 -8.5332e-02 -4.2079e-02  4.3275e+01  4.4557e-01  1.3954e-01 -4.2952e+01 -4.5290e-01 -1.4022e-01
-9.5000e-01     1.6898e+01  7.7266e-02  3.3683e-02 -2.1959e+01 -9.7847e-02 -4.2903e-02  4.3410e+01  4.4613e-01  1.3983e-01 -4.3125e+01 -4.5367e-01 -1.4057e-01
-9.4167e-01     1.5046e+01  6.6459e-02  3.0920e-02 -1.5583e+01 -6.3278e-02 -3.1771e-02  4.3543e+01  4.4673e-01  1.4010e-01 -4.3282e+01 -4.5434e-01 -1.4088e-01
-9.3333e-01     1.1124e+01  4.7086e-02  2.3992e-02 -1.3553e+01 -5.4433e-02 -2.7904e-02  4.3652e+01  4.4720e-01  1.4033e-01 -4.3403e+01 -4.5483e-01 -1.4113e-01
-9.2500e-01     1.1510e+01  5.0028e-02  2.4897e-02 -1.2956e+01 -5.2984e-02 -2.7273e-02  4.3746e+01  4.4761e-01  1.4053e-01 -4.3513e+01 -4.5527e-01 -1.4136e-01
-9.1667e-01     1.1715e+01  5.3369e-02  2.5331e-02 -1.2704e+01 -5.3109e-02 -2.6951e-02  4.3843e+01  4.4804e-01  1.4074e-01 -4.3620e+01 -4.5571e-01 -1.4159e-01
-9.0833e-01     1.1940e+01  5.6637e-02  2.5517e-02 -1.1782e+01 -4.7223e-02 -2.3433e-02  4.3941e+01  4.4850e-01  1.4095e-01 -4.3722e+01 -4.5613e-01 -1.4180e-01
-9.0000e-01     1.5076e+01  6.8012e-02  3.1565e-02 -1.3810e+01 -4.9546e-02 -2.7327e-02  4.4053e+01  4.4901e-01  1.4119e-01 -4.3828e+01 -4.5653e-01 -1.4201e-01
-8.9167e-01     1.2819e+01  5.2951e-02  2.7235e-02 -1.7963e+01 -5.5372e-02 -3.3004e-02  4.4169e+01  4.4952e-01  1.4144e-01 -4.3960e+01 -4.5697e-01 -1.4226e-01
-8.8333e-01     1.5746e+01  5.1652e-02  3.3268e-02 -2.3121e+01 -6.9351e-02 -4.2967e-02  4.4288e+01  4.4995e-01  1.4169e-01 -4.4131e+01 -4.5749e-01 -1.4257e-01
-8.7500e-01     2.5592e+01  8.0427e-02  5.4966e-02 -3.1104e+01 -1.0006e-01 -6.1796e-02  4.4460e+01  4.5050e-01  1.4205e-01 -4.4357e+01 -4.5819e-01 -1.4301e-01
-8.6667e-01     3.3431e+01  1.1615e-01  7.9206e-02 -2.0637e+01 -6.8410e-02 -4.8772e-02  4.4706e+01  4.5132e-01  1.4261e-01 -4.4572e+01 -4.5889e-01 -1.4347e-01
-8.5833e-01     1.7222e+01  5.2549e-02  3.9798e-02 -1.7180e+01 -5.9348e-02 -3.3938e-02  4.4916e+01  4.5202e-01  1.4311e-01 -4.4729e+01 -4.5943e-01 -1.4381e-01
-8.5000e-01     1.3197e+01  4.2048e-02  1.9705e-02 -1.8428e+01 -6.0042e-02 -1.9981e-02  4.5043e+01  4.5242e-01  1.4336e-01 -4.4877e+01 -4.5992e-01 -1.4404e-01
-8.4167e-01     1.4188e+01  4.6991e-02  1.9880e-02 -1.5478e+01 -6.3426e-02 -1.7678e-02  4.5157e+01  4.5279e-01  1.4352e-01 -4.5018e+01 -4.6044e-01 -1.4420e-01
-8.3333e-01     1.4736e+01  5.3338e-02  1.9316e-02 -2.2536e+01 -1.0189e-01 -2.6365e-02  4.5277e+01  4.5320e-01  1.4368e-01 -4.5177e+01 -4.6112e-01 -1.4438e-01
-8.2500e-01     2.1537e+01  8.1327e-02  2.9745e-02 -2.7783e+01 -1.2865e-01 -3.5793e-02  4.5428e+01  4.5376e-01  1.4389e-01 -4.5386e+01 -4.6208e-01 -1.4464e-01
-8.1667e-01     2.1193e+01  7.8796e-02  3.6804e-02 -2.2548e+01 -9.6575e-02 -3.4960e-02  4.5606e+01  4.5443e-01  1.4416e-01 -4.5595e+01 -4.6302e-01 -1.4493e-01
-8.0833e-01     2.2571e+01  9.4739e-02  4.8722e-02 -1.3347e+01 -5.1690e-02 -2.1601e-02  4.5788e+01  4.5515e-01  1.4452e-01 -4.5745e+01 -4.6364e-01 -1.4517e-01
-8.0000e-01     1.6051e+01  6.4601e-02  3.7808e-02 -1.1360e+01 -4.2773e-02 -1.9675e-02  4.5948e+01  4.5581e-01  1.4488e-01 -4.5847e+01 -4.6403e-01 -1.4534e-01
-7.9167e-01     1.1518e+01  3.9786e-02  2.7011e-02 -1.4761e+01 -5.9371e-02 -2.3889e-02  4.6063e+01  4.5625e-01  1.4515e-01 -4.5956e+01 -4.6445e-01 -1.4552e-01
-7.8333e-01     1.6578e+01  5.6828e-02  3.6270e-02 -2.5271e+01 -1.2001e-01 -5.0346e-02  4.6180e+01  4.5665e-01  1.4541e-01 -4.6122e+01 -4.6520e-01 -1.4583e-01
-7.7500e-01     1.7212e+01  7.5838e-02  4.8854e-02 -2.5488e+01 -1.1658e-01 -4.2875e-02  4.6321e+01  4.5720e-01  1.4577e-01 -4.6334e+01 -4.6618e-01 -1.4622e-01
-7.6667e-01     1.8900e+01  9.5828e-02  5.5631e-02 -2.2213e+01 -9.7238e-02 -3.5721e-02  4.6471e+01  4.5792e-01  1.4620e-01 -4.6532e+01 -4.6707e-01 -1.4654e-01
-7.5833e-01     1.8223e+01  9.0228e-02  4.8179e-02 -1.7353e+01 -6.6820e-02 -2.7719e-02  4.6625e+01  4.5869e-01  1.4663e-01 -4.6697e+01 -4.6776e-01 -1.4681e-01
-7.5000e-01     1.6498e+01  7.1860e-02  3.8887e-02 -1.4137e+01 -5.1892e-02 -1.9820e-02  4.6770e+01  4.5936e-01  1.4700e-01 -4.6828e+01 -4.6825e-01 -1.4700e-01
-7.4167e-01     1.7385e+01  6.7763e-02  5.0767e-02 -1.3468e+01 -5.2780e-02 -1.8665e-02  4.6911e+01  4.5995e-01  1.4737e-01 -4.6942e+01 -4.6869e-01 -1.4716e-01
-7.3333e-01     1.2962e+01  5.4175e-02  3.0857e-02 -1.8320e+01 -8.0875e-02 -3.4487e-02  4.7037e+01  4.6045e-01  1.4771e-01 -4.7075e+01 -4.6924e-01 -1.4739e-01
-7.2500e-01     1.2997e+01  5.8815e-02  2.8270e-02 -2.5694e+01 -1.0222e-01 -5.5560e-02  4.7145e+01  4.6092e-01  1.4795e-01 -4.7258e+01 -4.7000e-01 -1.4776e-01
-7.1667e-01     1.2785e+01  5.9908e-02  2.9424e-02 -2.0850e+01 -6.3914e-02 -3.5263e-02  4.7252e+01  4.6142e-01  1.4819e-01 -4.7451e+01 -4.7069e-01 -1.4814e-01
-7.0833e-01     2.2719e+01  9.7083e-02  7.3502e-02 -1.5081e+01 -4.1160e-02 -2.1309e-02  4.7400e+01  4.6207e-01  1.4862e-01 -4.7601e+01 -4.7113e-01 -1.4837e-01
-7.0000e-01     1.7742e+01  7.7858e-02  5.2545e-02 -9.0273e+00 -2.6129e-02 -1.4543e-02  4.7568e+01  4.6280e-01  1.4915e-01 -4.7701e+01 -4.7141e-01 -1.4852e-01
-6.9167e-01     1.7388e+01  6.9251e-02  5.6292e-02 -1.2430e+01 -3.6976e-02 -2.2444e-02  4.7714e+01  4.6341e-01  1.4960e-01 -4.7790e+01 -4.7167e-01 -1.4868e-01
-6.8333e-01     1.6371e+01  6.4185e-02  5.6157e-02 -1.2799e+01 -4.0628e-02 -2.4036e-02  4.7855e+01  4.6396e-01  1.5007e-01 -4.7895e+01 -4.7200e-01 -1.4887e-01
-6.7500e-01     1.3259e+01  5.5864e-02  4.7206e-02 -1.5518e+01 -5.4155e-02 -3.1655e-02  4.7978e+01  4.6446e-01  1.5050e-01 -4.8013e+01 -4.7239e-01 -1.4910e-01
-6.6667e-01     1.6042e+01  7.2800e-02  7.8550e-02 -2.1496e+01 -8.2077e-02 -4.5491e-02  4.8100e+01  4.6500e-01  1.5102e-01 -4.8167e+01 -4.7296e-01 -1.4942e-01
-6.5833e-01     1.5136e+01  6.8954e-02  8.9361e-02 -2.8828e+01 -1.1257e-01 -5.9334e-02  4.8229e+01  4.6559e-01  1.5172e-01 -4.8376e+01 -4.7377e-01 -1.4986e-01
-6.5000e-01     9.3752e+00  3.8103e-02  4.1937e-02 -2.3875e+01 -9.5777e-02 -4.8365e-02  4.8331e+01  4.6603e-01  1.5226e-01 -4.8596e+01 -4.7463e-01 -1.5031e-01
-6.4167e-01     1.6292e+01  8.7816e-02  7.2932e-02 -1.7759e+01 -6.1693e-02 -4.1667e-02  4.8438e+01  4.6656e-01  1.5274e-01 -4.8769e+01 -4.7529e-01 -1.5068e-01
-6.3333e-01     2.7941e+01  1.9082e-01  1.2179e-01 -1.5389e+01 -5.0952e-02 -4.0458e-02  4.8622e+01  4.6772e-01  1.5355e-01 -4.8907e+01 -4.7576e-01 -1.5102e-01
-6.2500e-01     2.0242e+01  1.2215e-01  8.8255e-02 -1.5907e+01 -5.6524e-02 -4.8908e-02  4.8823e+01  4.6902e-01  1.5443e-01 -4.9037e+01 -4.7620e-01 -1.5139e-01
-6.1667e-01     1.8164e+01  1.0481e-01  8.1962e-02 -1.7398e+01 -7.7545e-02 -6.3470e-02  4.8982e+01  4.6996e-01  1.5513e-01 -4.9175e+01 -4.7676e-01 -1.5186e-01
-6.0833e-01     1.9820e+01  1.1011e-01  1.0849e-01 -2.0126e+01 -8.8262e-02 -6.8066e-02  4.9140e+01  4.7086e-01  1.5593e-01 -4.9332e+01 -4.7745e-01 -1.5241e-01
-6.0000e-01     2.9917e+01  1.7720e-01  2.1586e-01 -2.1457e+01 -8.9652e-02 -7.4921e-02  4.9347e+01  4.7205e-01  1.5728e-01 -4.9505e+01 -4.7819e-01 -1.5300e-01
-5.9167e-01     2.9566e+01  1.9514e-01  2.4571e-01 -1.9104e+01 -6.9179e-02 -7.3474e-02  4.9595e+01  4.7360e-01  1.5920e-01 -4.9673e+01 -4.7885e-01 -1.5362e-01
-5.8333e-01     2.1932e+01  1.3990e-01  1.7046e-01 -1.4284e+01 -4.8335e-02 -5.5147e-02  4.9809e+01  4.7499e-01  1.6093e-01 -4.9812e+01 -4.7934e-01 -1.5416e-01
-5.7500e-01     1.8636e+01  1.2078e-01  1.4435e-01 -1.6269e+01 -5.7546e-02 -7.4795e-02  4.9978e+01  4.7608e-01  1.6224e-01 -4.9939e+01 -4.7978e-01 -1.5470e-01
-5.6667e-01     2.0948e+01  1.3325e-01  1.5588e-01 -2.2127e+01 -8.2733e-02 -1.3159e-01  5.0142e+01  4.7714e-01  1.6348e-01 -5.0099e+01 -4.8037e-01 -1.5556e-01
-5.5833e-01     2.4767e+01  1.6128e-01  1.7471e-01 -2.2457e+01 -9.2912e-02 -1.3991e-01  5.0333e+01  4.7836e-01  1.6486e-01 -5.0284e+01 -4.8110e-01 -1.5668e-01
-5.5000e-01     2.4736e+01  1.6495e-01  1.5868e-01 -1.5433e+01 -6.7385e-02 -8.8382e-02  5.0538e+01  4.7972e-01  1.6625e-01 -5.0442e+01 -4.8176e-01 -1.5763e-01
-5.4167e-01     1.7843e+01  1.1826e-01  1.1016e-01 -1.6443e+01 -7.3608e-02 -9.0170e-02  5.0716e+01  4.8090e-01  1.6737e-01 -5.0575e+01 -4.8235e-01 -1.5838e-01
-5.3333e-01     1.7785e+01  1.1878e-01  1.1830e-01 -2.5421e+01 -1.1909e-01 -1.4574e-01  5.0864e+01  4.8188e-01  1.6832e-01 -5.0749e+01 -4.8315e-01 -1.5936e-01
-5.2500e-01     2.0170e+01  1.2368e-01  1.2760e-01 -2.8269e+01 -1.2673e-01 -1.6706e-01  5.1022e+01  4.8289e-01  1.6934e-01 -5.0972e+01 -4.8417e-01 -1.6066e-01
-5.1667e-01     2.2904e+01  1.3676e-01  1.4148e-01 -2.3152e+01 -1.0255e-01 -1.4444e-01  5.1201e+01  4.8397e-01  1.7046e-01 -5.1186e+01 -4.8513e-01 -1.6196e-01
-5.0833e-01     2.6635e+01  1.5853e-01  1.4910e-01 -1.6295e+01 -7.1630e-02 -9.8177e-02  5.1407e+01  4.8520e-01  1.7167e-01 -5.1350e+01 -4.8585e-01 -1.6296e-01
-5.0000e-01     2.4812e+01  1.4459e-01  1.3582e-01 -1.2294e+01 -5.3127e-02 -6.3836e-02  5.1621e+01  4.8646e-01  1.7285e-01 -5.1469e+01 -4.8637e-01 -1.6364e-01
-4.9167e-01     2.0235e+01  1.2021e-01  1.0866e-01 -1.2382e+01 -5.1869e-02 -5.6653e-02  5.1808e+01  4.8756e-01  1.7387e-01 -5.1572e+01 -4.8681e-01 -1.6414e-01
-4.8333e-01     1.9679e+01  1.1753e-01  9.8180e-02 -1.4153e+01 -6.0249e-02 -5.7883e-02  5.1974e+01  4.8855e-01  1.7473e-01 -5.1682e+01 -4.8727e-01 -1.6462e-01
-4.7500e-01     2.3331e+01  1.3607e-01  1.0281e-01 -2.2394e+01 -1.1977e-01 -1.0354e-01  5.2153e+01  4.8961e-01  1.7557e-01 -5.1834e+01 -4.8802e-01 -1.6529e-01
-4.6667e-01     2.7706e+01  1.6351e-01  1.1311e-01 -1.7996e+01 -1.2310e-01 -1.0442e-01  5.2366e+01  4.9085e-01  1.7646e-01 -5.2002e+01 -4.8903e-01 -1.6615e-01
-4.5833e-01     2.0216e+01  1.2344e-01  8.4661e-02 -2.1110e+01 -1.4588e-01 -1.1781e-01  5.2565e+01  4.9205e-01  1.7729e-01 -5.2165e+01 -4.9015e-01 -1.6708e-01
-4.5000e-01     1.8482e+01  1.1027e-01  7.3677e-02 -1.8227e+01 -1.1369e-01 -9.7742e-02  5.2726e+01  4.9302e-01  1.7794e-01 -5.2328e+01 -4.9123e-01 -1.6797e-01
-4.4167e-01     1.9232e+01  1.0977e-01  7.1621e-02 -1.4909e+01 -8.1419e-02 -7.6050e-02  5.2883e+01  4.9394e-01  1.7855e-01 -5.2466e+01 -4.9204e-01 -1.6870e-01
-4.3333e-01     2.1318e+01  1.1532e-01  7.4589e-02 -1.6797e+01 -9.6624e-02 -8.4671e-02  5.3051e+01  4.9487e-01  1.7916e-01 -5.2598e+01 -4.9278e-01 -1.6936e-01
-4.2500e-01     1.9042e+01  1.0197e-01  6.8600e-02 -1.6975e+01 -1.0713e-01 -8.8164e-02  5.3219e+01  4.9578e-01  1.7975e-01 -5.2739e+01 -4.9363e-01 -1.7008e-01
-4.1667e-01     1.8408e+01  1.0140e-01  6.6214e-02 -1.8125e+01 -1.1861e-01 -9.7170e-02  5.3375e+01  4.9662e-01  1.8031e-01 -5.2885e+01 -4.9457e-01 -1.7085e-01
-4.0833e-01     1.7420e+01  9.7175e-02  6.2240e-02 -1.8678e+01 -1.2490e-01 -1.0101e-01  5.3524e+01  4.9745e-01  1.8085e-01 -5.3038e+01 -4.9558e-01 -1.7168e-01
-4.0000e-01     1.7390e+01  9.7975e-02  6.0746e-02 -1.9378e+01 -1.3304e-01 -9.9956e-02  5.3669e+01  4.9826e-01  1.8136e-01 -5.3196e+01 -4.9666e-01 -1.7252e-01
-3.9167e-01     1.8435e+01  1.0161e-01  6.2113e-02 -2.1317e+01 -1.4690e-01 -1.0268e-01  5.3818e+01  4.9909e-01  1.8187e-01 -5.3365e+01 -4.9782e-01 -1.7336e-01
-3.8333e-01     1.9189e+01  1.0319e-01  6.3360e-02 -2.6044e+01 -1.8121e-01 -1.3044e-01  5.3974e+01  4.9994e-01  1.8239e-01 -5.3562e+01 -4.9919e-01 -1.7433e-01
-3.7500e-01     1.8207e+01  9.7001e-02  6.3093e-02 -2.6997e+01 -1.8552e-01 -1.3661e-01  5.4130e+01  5.0077e-01  1.8292e-01 -5.3783e+01 -5.0071e-01 -1.7544e-01
-3.6667e-01     1.6305e+01  8.7257e-02  5.9083e-02 -2.6129e+01 -1.8009e-01 -1.2961e-01  5.4274e+01  5.0154e-01  1.8343e-01 -5.4004e+01 -5.0223e-01 -1.7655e-01
-3.5833e-01     1.5888e+01  8.7749e-02  5.7580e-02 -2.4774e+01 -1.7786e-01 -1.1863e-01  5.4407e+01  5.0227e-01  1.8391e-01 -5.4216e+01 -5.0372e-01 -1.7758e-01
-3.5000e-01     1.9216e+01  1.0848e-01  6.6189e-02 -2.2627e+01 -1.7256e-01 -1.1194e-01  5.4553e+01  5.0308e-01  1.8443e-01 -5.4413e+01 -5.0518e-01 -1.7854e-01
-3.4167e-01     2.2529e+01  1.2124e-01  7.5659e-02 -1.9691e+01 -1.5772e-01 -1.0619e-01  5.4727e+01  5.0404e-01  1.8502e-01 -5.4589e+01 -5.0655e-01 -1.7945e-01
-3.3333e-01     2.2773e+01  1.1762e-01  7.9207e-02 -2.0141e+01 -1.7414e-01 -1.2167e-01  5.4916e+01  5.0503e-01  1.8566e-01 -5.4755e+01 -5.0793e-01 -1.8039e-01
-3.2500e-01     2.0683e+01  1.0723e-01  8.1281e-02 -2.0727e+01 -1.8789e-01 -1.3468e-01  5.5096e+01  5.0597e-01  1.8633e-01 -5.4925e+01 -5.0944e-01 -1.8146e-01
-3.1667e-01     2.1188e+01  1.1381e-01  8.8256e-02 -2.2644e+01 -1.9391e-01 -1.4810e-01  5.5271e+01  5.0689e-01  1.8703e-01 -5.5105e+01 -5.1103e-01 -1.8264e-01
-3.0833e-01     2.4798e+01  1.4378e-01  1.0034e-01 -2.2794e+01 -1.9017e-01 -1.4880e-01  5.5462e+01  5.0796e-01  1.8782e-01 -5.5294e+01 -5.1262e-01 -1.8387e-01
-3.0000e-01     2.1754e+01  1.2889e-01  8.8260e-02 -2.1207e+01 -1.7697e-01 -1.3850e-01  5.5655e+01  5.0909e-01  1.8860e-01 -5.5477e+01 -5.1415e-01 -1.8507e-01
-2.9167e-01     1.7062e+01  9.8590e-02  7.5741e-02 -1.8152e+01 -1.5553e-01 -1.1895e-01  5.5817e+01  5.1004e-01  1.8929e-01 -5.5641e+01 -5.1553e-01 -1.8614e-01
-2.8333e-01     1.5732e+01  8.9800e-02  7.5278e-02 -1.7207e+01 -1.3910e-01 -1.1082e-01  5.5953e+01  5.1082e-01  1.8991e-01 -5.5788e+01 -5.1676e-01 -1.8709e-01
-2.7500e-01     1.6720e+01  9.5964e-02  8.0826e-02 -1.8587e+01 -1.4429e-01 -1.1288e-01  5.6088e+01  5.1160e-01  1.9056e-01 -5.5937e+01 -5.1794e-01 -1.8802e-01
-2.6667e-01     2.0229e+01  1.1393e-01  9.9898e-02 -2.4624e+01 -1.8924e-01 -1.4317e-01  5.6242e+01  5.1247e-01  1.9131e-01 -5.6116e+01 -5.1933e-01 -1.8909e-01
-2.5833e-01     2.2059e+01  1.2237e-01  1.0818e-01 -2.7308e+01 -2.0486e-01 -1.7057e-01  5.6418e+01  5.1345e-01  1.9218e-01 -5.6332e+01 -5.2097e-01 -1.9039e-01
-2.5000e-01     2.0821e+01  1.1653e-01  1.0035e-01 -2.2852e+01 -1.7562e-01 -1.4477e-01  5.6596e+01  5.1445e-01  1.9305e-01 -5.6541e+01 -5.2255e-01 -1.9170e-01
-2.4167e-01     2.1308e+01  1.2355e-01  9.8720e-02 -2.1790e+01 -1.5043e-01 -1.4137e-01  5.6772e+01  5.1545e-01  1.9388e-01 -5.6727e+01 -5.2390e-01 -1.9290e-01
-2.3333e-01     2.0666e+01  1.1638e-01  9.9751e-02 -2.3599e+01 -1.4859e-01 -1.5006e-01  5.6946e+01  5.1644e-01  1.9470e-01 -5.6916e+01 -5.2515e-01 -1.9411e-01
-2.2500e-01     2.0922e+01  1.1472e-01  1.0320e-01 -2.7830e+01 -1.6264e-01 -1.7063e-01  5.7119e+01  5.1741e-01  1.9555e-01 -5.7130e+01 -5.2644e-01 -1.9544e-01
-2.1667e-01     2.4430e+01  1.3357e-01  1.2317e-01 -2.4012e+01 -1.3632e-01 -1.5200e-01  5.7308e+01  5.1844e-01  1.9649e-01 -5.7345e+01 -5.2769e-01 -1.9678e-01
-2.0833e-01     2.5099e+01  1.2526e-01  1.2119e-01 -2.0280e+01 -1.0538e-01 -1.2830e-01  5.7514e+01  5.1951e-01  1.9750e-01 -5.7529e+01 -5.2869e-01 -1.9795e-01
-2.0000e-01     2.3206e+01  1.0950e-01  1.1773e-01 -2.1152e+01 -1.0420e-01 -1.2518e-01  5.7715e+01  5.2049e-01  1.9850e-01 -5.7702e+01 -5.2956e-01 -1.9900e-01
-1.9167e-01     2.2737e+01  1.0322e-01  1.2980e-01 -2.2381e+01 -1.0678e-01 -1.3077e-01  5.7906e+01  5.2138e-01  1.9953e-01 -5.7883e+01 -5.3044e-01 -2.0007e-01
-1.8333e-01     2.4853e+01  1.1843e-01  1.5466e-01 -2.8293e+01 -1.2499e-01 -1.7544e-01  5.8104e+01  5.2230e-01  2.0071e-01 -5.8094e+01 -5.3141e-01 -2.0134e-01
-1.7500e-01     2.8453e+01  1.4155e-01  1.8349e-01 -2.0798e+01 -9.9064e-02 -1.2940e-01  5.8326e+01  5.2338e-01  2.0212e-01 -5.8298e+01 -5.3234e-01 -2.0261e-01
-1.6667e-01     2.0006e+01  9.8701e-02  1.3026e-01 -1.8003e+01 -8.7062e-02 -1.0889e-01  5.8527e+01  5.2438e-01  2.0342e-01 -5.8459e+01 -5.3311e-01 -2.0360e-01
-1.5833e-01     1.6407e+01  7.8809e-02  9.6494e-02 -1.7624e+01 -8.5213e-02 -1.0509e-01  5.8679e+01  5.2512e-01  2.0437e-01 -5.8607e+01 -5.3383e-01 -2.0449e-01
-1.5000e-01     1.6978e+01  8.2146e-02  9.4085e-02 -2.3549e+01 -1.1712e-01 -1.3056e-01  5.8817e+01  5.2579e-01  2.0516e-01 -5.8779e+01 -5.3467e-01 -2.0547e-01
-1.4167e-01     1.8726e+01  9.2601e-02  9.8482e-02 -2.7369e+01 -1.2362e-01 -1.5207e-01  5.8966e+01  5.2651e-01  2.0596e-01 -5.8991e+01 -5.3567e-01 -2.0665e-01
-1.3333e-01     2.5871e+01  1.3267e-01  1.1443e-01 -2.5151e+01 -1.1292e-01 -1.4008e-01  5.9152e+01  5.2745e-01  2.0684e-01 -5.9209e+01 -5.3666e-01 -2.0786e-01
-1.2500e-01     2.8141e+01  1.5499e-01  1.2009e-01 -2.5567e+01 -1.1827e-01 -1.4260e-01  5.9376e+01  5.2865e-01  2.0782e-01 -5.9420e+01 -5.3762e-01 -2.0904e-01
-1.1667e-01     2.1741e+01  1.2473e-01  9.9531e-02 -3.2750e+01 -1.5416e-01 -1.9489e-01  5.9584e+01  5.2981e-01  2.0873e-01 -5.9663e+01 -5.3875e-01 -2.1044e-01
-1.0833e-01     2.1133e+01  1.2010e-01  1.0056e-01 -3.1231e+01 -1.5577e-01 -1.5687e-01  5.9762e+01  5.3083e-01  2.0957e-01 -5.9929e+01 -5.4004e-01 -2.1191e-01
-1.0000e-01     3.8246e+01  1.9069e-01  2.1176e-01 -2.6506e+01 -1.2713e-01 -1.3063e-01  6.0009e+01  5.3212e-01  2.1087e-01 -6.0169e+01 -5.4122e-01 -2.1310e-01
-9.1667e-02     3.0802e+01  1.6353e-01  1.6877e-01 -2.7133e+01 -1.2351e-01 -1.2049e-01  6.0296e+01  5.3360e-01  2.1245e-01 -6.0392e+01 -5.4226e-01 -2.1415e-01
-8.3333e-02     2.6490e+01  1.1726e-01  1.3330e-01 -2.7066e+01 -1.2361e-01 -1.2171e-01  6.0535e+01  5.3476e-01  2.1370e-01 -6.0617e+01 -5.4329e-01 -2.1515e-01
-7.5000e-02     2.8270e+01  1.1864e-01  1.3587e-01 -2.8658e+01 -1.3580e-01 -1.4228e-01  6.0762e+01  5.3574e-01  2.1482e-01 -6.0849e+01 -5.4437e-01 -2.1625e-01
-6.6667e-02     3.0423e+01  1.2901e-01  1.4168e-01 -2.7632e+01 -1.4061e-01 -1.4070e-01  6.1007e+01  5.3677e-01  2.1598e-01 -6.1083e+01 -5.4552e-01 -2.1743e-01
-5.8333e-02     3.4127e+01  1.6296e-01  1.4824e-01 -2.6545e+01 -1.3859e-01 -1.1948e-01  6.1275e+01  5.3799e-01  2.1718e-01 -6.1309e+01 -5.4668e-01 -2.1851e-01
-5.0000e-02     2.6419e+01  1.3304e-01  1.1021e-01 -3.0939e+01 -1.5548e-01 -1.3875e-01  6.1527e+01  5.3922e-01  2.1826e-01 -6.1548e+01 -5.4790e-01 -2.1959e-01
-4.1667e-02     2.3222e+01  1.1914e-01  1.0129e-01 -2.9836e+01 -1.4958e-01 -1.3733e-01  6.1733e+01  5.4027e-01  2.1914e-01 -6.1801e+01 -5.4917e-01 -2.2073e-01
-3.3333e-02     3.0800e+01  1.4333e-01  1.4026e-01 -2.4955e+01 -1.3039e-01 -1.2373e-01  6.1958e+01  5.4136e-01  2.2014e-01 -6.2029e+01 -5.5033e-01 -2.2182e-01
-2.5000e-02     2.8004e+01  1.2643e-01  1.3027e-01 -2.4045e+01 -1.2532e-01 -1.2636e-01  6.2203e+01  5.4248e-01  2.2127e-01 -6.2232e+01 -5.5140e-01 -2.2286e-01
-1.6667e-02     2.5545e+01  1.2398e-01  1.2746e-01 -2.6504e+01 -1.4171e-01 -1.4536e-01  6.2425e+01  5.4353e-01  2.2234e-01 -6.2443e+01 -5.5251e-01 -2.2399e-01
-8.3333e-03     2.5423e+01  1.2777e-01  1.4060e-01 -3.1665e+01 -1.7212e-01 -1.7507e-01  6.2637e+01  5.4457e-01  2.2346e-01 -6.2685e+01 -5.5381e-01 -2.2532e-01
