-5.0000e+00     1.7646e+01  2.9335e-03  6.9193e-03 -1.2673e+01 -7.5812e-04 -1.8482e-03  0.0000e+00  0.0000e+00  0.0000e+00 -0.0000e+00 -0.0000e+00 -0.0000e+00
-4.9917e+00     1.3898e+01  2.3216e-03  5.7716e-03 -1.0990e+01 -6.6590e-04 -1.5886e-03  1.3121e-01  2.1860e-05  5.2791e-05 -9.8432e-02 -5.9235e-06 -1.4296e-05
-4.9833e+00     1.3249e+01  2.0811e-03  5.3400e-03 -1.3661e+01 -7.8637e-04 -1.9491e-03  2.4414e-01  4.0174e-05  9.9012e-05 -2.0097e-01 -1.1965e-05 -2.9012e-05
-4.9750e+00     1.2273e+01  2.1575e-03  4.7674e-03 -2.0892e+01 -1.3573e-03 -2.4138e-03  3.5030e-01  5.7805e-05  1.4106e-04 -3.4470e-01 -2.0881e-05 -4.7160e-05
-4.9667e+00     1.8587e+01  3.4287e-03  5.6811e-03 -2.1785e+01 -1.3368e-03 -2.4496e-03  4.7867e-01  8.1042e-05  1.8452e-04 -5.2222e-01 -3.2088e-05 -6.7391e-05
-4.9583e+00     2.1820e+01  3.9816e-03  6.1083e-03 -2.7294e+01 -1.8652e-03 -3.0582e-03  6.4676e-01  1.1187e-04  2.3356e-04 -7.2638e-01 -4.5408e-05 -9.0302e-05
-4.9500e+00     2.2155e+01  3.9589e-03  6.3075e-03 -1.7881e+01 -1.5106e-03 -2.1165e-03  8.2968e-01  1.4490e-04  2.8521e-04 -9.1430e-01 -5.9450e-05 -1.1183e-04
-4.9417e+00     1.6225e+01  3.3879e-03  4.2712e-03 -2.1747e+01 -1.7909e-03 -2.2633e-03  9.8933e-01  1.7546e-04  3.2921e-04 -1.0791e+00 -7.3184e-05 -1.3005e-04
-4.9333e+00     1.8575e+01  4.0134e-03  5.1426e-03 -2.6485e+01 -3.7987e-03 -2.7591e-03  1.1341e+00  2.0625e-04  3.6837e-04 -1.2798e+00 -9.6435e-05 -1.5094e-04
-4.9250e+00     2.1487e+01  4.5146e-03  5.4334e-03 -1.8698e+01 -2.9455e-03 -1.9892e-03  1.3007e+00  2.4172e-04  4.1236e-04 -1.4677e+00 -1.2449e-04 -1.7069e-04
-4.9167e+00     1.8885e+01  5.3753e-03  4.8916e-03 -3.4453e+01 -5.8141e-03 -2.9597e-03  1.4687e+00  2.8286e-04  4.5531e-04 -1.6888e+00 -1.6093e-04 -1.9128e-04
-4.9083e+00     2.1183e+01  7.2175e-03  4.8843e-03 -1.9685e+01 -3.3729e-03 -2.3425e-03  1.6353e+00  3.3524e-04  4.9598e-04 -1.9140e+00 -1.9914e-04 -2.1333e-04
-4.9000e+00     4.0811e+01  1.4627e-02  8.1572e-03 -1.3042e+01 -1.6742e-03 -1.8841e-03  1.8932e+00  4.2611e-04  5.5023e-04 -2.0502e+00 -2.2014e-04 -2.3091e-04
-4.8917e+00     1.3719e+01  5.3903e-03  4.1589e-03 -1.6050e+01 -2.0127e-03 -2.6839e-03  2.1201e+00  5.0938e-04  6.0146e-04 -2.1712e+00 -2.3547e-04 -2.4992e-04
-4.8833e+00     1.5112e+01  5.9616e-03  5.5141e-03 -1.4643e+01 -1.6765e-03 -2.2546e-03  2.2400e+00  5.5660e-04  6.4170e-04 -2.2988e+00 -2.5082e-04 -2.7046e-04
-4.8750e+00     1.4791e+01  4.9459e-03  5.2734e-03 -1.7270e+01 -2.6500e-03 -3.0911e-03  2.3644e+00  6.0197e-04  6.8657e-04 -2.4316e+00 -2.6882e-04 -2.9270e-04
-4.8667e+00     1.7391e+01  7.0532e-03  5.9523e-03 -1.5025e+01 -2.0245e-03 -2.7318e-03  2.4982e+00  6.5188e-04  7.3326e-04 -2.5659e+00 -2.8826e-04 -3.1692e-04
-4.8583e+00     1.9007e+01  7.0331e-03  7.8558e-03 -1.4355e+01 -2.1152e-03 -1.5780e-03  2.6496e+00  7.1048e-04  7.9070e-04 -2.6881e+00 -3.0548e-04 -3.3485e-04
-4.8500e+00     7.7390e+00  3.7947e-03  2.4028e-03 -1.8889e+01 -2.6323e-03 -1.8678e-03  2.7609e+00  7.5552e-04  8.3338e-04 -2.8264e+00 -3.2523e-04 -3.4918e-04
-4.8417e+00     1.0379e+01  4.9111e-03  2.4670e-03 -2.0996e+01 -3.0541e-03 -2.1574e-03  2.8363e+00  7.9173e-04  8.5363e-04 -2.9923e+00 -3.4888e-04 -3.6592e-04
-4.8333e+00     2.4454e+01  9.8924e-03  5.2084e-03 -1.7574e+01 -3.0435e-03 -2.0585e-03  2.9812e+00  8.5331e-04  8.8556e-04 -3.1528e+00 -3.7425e-04 -3.8346e-04
-4.8250e+00     2.0652e+01  1.1734e-02  4.3334e-03 -9.4493e+00 -2.3480e-03 -1.1059e-03  3.1688e+00  9.4327e-04  9.2525e-04 -3.2652e+00 -3.9667e-04 -3.9662e-04
-4.8167e+00     1.9383e+01  1.1957e-02  4.9591e-03 -9.0695e+00 -2.3498e-03 -1.0640e-03  3.3353e+00  1.0418e-03  9.6391e-04 -3.3422e+00 -4.1621e-04 -4.0565e-04
-4.8083e+00     9.7406e+00  9.3470e-03  2.3348e-03 -9.9095e+00 -2.7014e-03 -1.1930e-03  3.4565e+00  1.1304e-03  9.9425e-04 -3.4212e+00 -4.3723e-04 -4.1504e-04
-4.8000e+00     9.7864e+00  1.0099e-02  2.3650e-03 -1.1306e+01 -3.2404e-03 -1.4083e-03  3.5377e+00  1.2113e-03  1.0138e-03 -3.5094e+00 -4.6194e-04 -4.2586e-04
-4.7917e+00     1.1345e+01  1.2995e-02  2.8455e-03 -2.3992e+01 -8.5380e-03 -2.9689e-03  3.6256e+00  1.3074e-03  1.0355e-03 -3.6563e+00 -5.1094e-04 -4.4407e-04
-4.7833e+00     2.2341e+01  3.3291e-02  5.1935e-03 -3.1391e+01 -1.7561e-02 -5.0398e-03  3.7657e+00  1.4999e-03  1.0689e-03 -3.8866e+00 -6.1950e-04 -4.7738e-04
-4.7750e+00     2.9381e+01  6.3845e-02  9.6745e-03 -2.2029e+01 -9.8967e-03 -3.7304e-03  3.9809e+00  1.9040e-03  1.1308e-03 -4.1088e+00 -7.3372e-04 -5.1386e-04
-4.7667e+00     2.3686e+01  4.3934e-02  8.6171e-03 -2.1346e+01 -9.4712e-03 -3.6197e-03  4.2016e+00  2.3523e-03  1.2068e-03 -4.2893e+00 -8.1428e-04 -5.4444e-04
-4.7583e+00     2.1044e+01  3.9865e-02  7.6038e-03 -2.1569e+01 -9.3516e-03 -3.7159e-03  4.3877e+00  2.7009e-03  1.2743e-03 -4.4678e+00 -8.9258e-04 -5.7495e-04
-4.7500e+00     2.1612e+01  3.4999e-02  8.1918e-03 -1.8053e+01 -7.6764e-03 -2.9910e-03  4.5651e+00  3.0123e-03  1.3400e-03 -4.6326e+00 -9.6341e-04 -6.0285e-04
-4.7417e+00     1.9297e+01  3.0409e-02  6.8207e-03 -2.3109e+01 -7.6789e-03 -2.8267e-03  4.7353e+00  3.2844e-03  1.4025e-03 -4.8038e+00 -1.0273e-03 -6.2705e-04
-4.7333e+00     1.5000e+01  2.2214e-02  4.7454e-03 -2.0943e+01 -9.0429e-03 -3.1622e-03  4.8780e+00  3.5033e-03  1.4506e-03 -4.9871e+00 -1.0968e-03 -6.5196e-04
-4.7250e+00     2.7730e+01  5.2967e-02  9.6782e-03 -2.0245e+01 -1.1242e-02 -3.5462e-03  5.0557e+00  3.8160e-03  1.5106e-03 -5.1584e+00 -1.1812e-03 -6.7987e-04
-4.7167e+00     2.9977e+01  8.2351e-02  1.1678e-02 -1.7770e+01 -1.8285e-02 -4.1796e-03  5.2958e+00  4.3789e-03  1.5994e-03 -5.3165e+00 -1.3040e-03 -7.1201e-04
-4.7083e+00     1.5019e+01  5.7708e-02  6.4250e-03 -1.4315e+01 -1.3510e-02 -2.6612e-03  5.4829e+00  4.9615e-03  1.6747e-03 -5.4500e+00 -1.4363e-03 -7.4046e-04
-4.7000e+00     1.2905e+01  4.6987e-02  5.2317e-03 -2.0048e+01 -2.1241e-02 -4.0130e-03  5.5991e+00  5.3970e-03  1.7232e-03 -5.5929e+00 -1.5809e-03 -7.6822e-04
-4.6917e+00     2.2818e+01  7.5200e-02  8.4260e-03 -2.5340e+01 -3.0201e-02 -4.5427e-03  5.7477e+00  5.9053e-03  1.7800e-03 -5.7818e+00 -1.7948e-03 -8.0381e-04
-4.6833e+00     3.7179e+01  1.2404e-01  1.1573e-02 -3.1682e+01 -3.7870e-02 -5.4745e-03  5.9973e+00  6.7341e-03  1.8632e-03 -6.0189e+00 -2.0780e-03 -8.4548e-04
-4.6750e+00     3.3515e+01  1.2256e-01  1.0955e-02 -2.7818e+01 -3.6728e-02 -6.1062e-03  6.2913e+00  7.7598e-03  1.9569e-03 -6.2665e+00 -2.3883e-03 -8.9366e-04
-4.6667e+00     1.9035e+01  6.9187e-02  7.6500e-03 -1.5059e+01 -1.9163e-02 -3.7804e-03  6.5099e+00  8.5574e-03  2.0343e-03 -6.4448e+00 -2.6208e-03 -9.3478e-04
-4.6583e+00     1.5266e+01  6.2043e-02  7.5095e-03 -1.4026e+01 -1.9273e-02 -4.2108e-03  6.6526e+00  9.1033e-03  2.0974e-03 -6.5658e+00 -2.7807e-03 -9.6802e-04
-4.6500e+00     1.5747e+01  4.9392e-02  5.9666e-03 -1.7471e+01 -2.7725e-02 -5.4930e-03  6.7816e+00  9.5669e-03  2.1534e-03 -6.6968e+00 -2.9762e-03 -1.0084e-03
-4.6417e+00     1.9720e+01  5.7595e-02  7.0695e-03 -3.3084e+01 -6.2731e-02 -9.9472e-03  6.9291e+00  1.0012e-02  2.2077e-03 -6.9071e+00 -3.3525e-03 -1.0726e-03
-4.6333e+00     2.8939e+01  7.5880e-02  1.0201e-02 -3.1783e+01 -4.6724e-02 -7.7301e-03  7.1315e+00  1.0567e-02  2.2795e-03 -7.1769e+00 -3.8078e-03 -1.1461e-03
-4.6250e+00     2.4335e+01  5.1116e-02  7.7335e-03 -1.5098e+01 -1.9932e-02 -3.8406e-03  7.3532e+00  1.1095e-02  2.3541e-03 -7.3719e+00 -4.0850e-03 -1.1943e-03
-4.6167e+00     1.3188e+01  2.2777e-02  4.1868e-03 -1.7124e+01 -1.8125e-02 -3.6708e-03  7.5092e+00  1.1403e-02  2.4037e-03 -7.5060e+00 -4.2433e-03 -1.2255e-03
-4.6083e+00     1.4331e+01  1.8892e-02  3.8540e-03 -2.3261e+01 -2.0228e-02 -4.0161e-03  7.6237e+00  1.1576e-02  2.4371e-03 -7.6740e+00 -4.4029e-03 -1.2575e-03
-4.6000e+00     2.1764e+01  2.5387e-02  4.6711e-03 -2.6112e+01 -1.9459e-02 -3.7600e-03  7.7739e+00  1.1760e-02  2.4726e-03 -7.8794e+00 -4.5680e-03 -1.2898e-03
-4.5917e+00     2.3886e+01  2.4698e-02  4.2535e-03 -3.6081e+01 -1.9112e-02 -3.8431e-03  7.9637e+00  1.1969e-02  2.5097e-03 -8.1381e+00 -4.7284e-03 -1.3215e-03
-4.5833e+00     3.7090e+01  2.5484e-02  4.7802e-03 -1.8466e+01 -1.0517e-02 -2.2098e-03  8.2174e+00  1.2177e-02  2.5473e-03 -8.3650e+00 -4.8516e-03 -1.3467e-03
-4.5750e+00     1.8398e+01  1.6289e-02  2.7402e-03 -1.7201e+01 -9.0532e-03 -2.0726e-03  8.4482e+00  1.2351e-02  2.5786e-03 -8.5133e+00 -4.9331e-03 -1.3645e-03
-4.5667e+00     1.6310e+01  1.2514e-02  2.8126e-03 -1.7173e+01 -8.2898e-03 -2.0323e-03  8.5926e+00  1.2471e-02  2.6017e-03 -8.6563e+00 -5.0052e-03 -1.3815e-03
-4.5583e+00     1.4355e+01  1.0466e-02  2.6577e-03 -2.8068e+01 -1.0576e-02 -3.0414e-03  8.7201e+00  1.2567e-02  2.6244e-03 -8.8445e+00 -5.0837e-03 -1.4026e-03
-4.5500e+00     2.1117e+01  1.2108e-02  4.0498e-03 -2.6361e+01 -1.0576e-02 -2.7014e-03  8.8677e+00  1.2660e-02  2.6523e-03 -9.0709e+00 -5.1717e-03 -1.4265e-03
-4.5417e+00     3.0450e+01  1.5034e-02  6.0703e-03 -1.6802e+01 -6.7164e-03 -1.7646e-03  9.0822e+00  1.2773e-02  2.6944e-03 -9.2505e+00 -5.2436e-03 -1.4451e-03
-4.5333e+00     2.0056e+01  1.1688e-02  3.6958e-03 -1.4173e+01 -5.2210e-03 -1.5792e-03  9.2923e+00  1.2885e-02  2.7351e-03 -9.3793e+00 -5.2932e-03 -1.4590e-03
-4.5250e+00     1.4946e+01  8.2298e-03  2.8963e-03 -1.5354e+01 -4.7260e-03 -1.7332e-03  9.4379e+00  1.2967e-02  2.7625e-03 -9.5021e+00 -5.3346e-03 -1.4728e-03
-4.5167e+00     1.3397e+01  6.8913e-03  2.9044e-03 -2.0093e+01 -5.1268e-03 -2.0680e-03  9.5558e+00  1.3030e-02  2.7866e-03 -9.6496e+00 -5.3756e-03 -1.4886e-03
-4.5083e+00     1.6320e+01  7.1190e-03  3.6503e-03 -2.5201e+01 -5.2666e-03 -2.5358e-03  9.6794e+00  1.3089e-02  2.8139e-03 -9.8380e+00 -5.4188e-03 -1.5078e-03
-4.5000e+00     1.9088e+01  7.5270e-03  4.0391e-03 -1.6657e+01 -3.3989e-03 -1.8978e-03  9.8267e+00  1.3149e-02  2.8459e-03 -1.0012e+01 -5.4549e-03 -1.5262e-03
-4.4917e+00     2.3382e+01  7.4836e-03  5.1016e-03 -1.4345e+01 -2.6504e-03 -1.5628e-03  1.0003e+01  1.3212e-02  2.8839e-03 -1.0141e+01 -5.4800e-03 -1.5406e-03
-4.4833e+00     1.5607e+01  4.2515e-03  3.8205e-03 -1.2978e+01 -2.2473e-03 -1.2347e-03  1.0166e+01  1.3261e-02  2.9210e-03 -1.0255e+01 -5.5004e-03 -1.5522e-03
-4.4750e+00     1.4147e+01  3.6896e-03  3.2824e-03 -1.3342e+01 -2.2758e-03 -1.2038e-03  1.0289e+01  1.3294e-02  2.9505e-03 -1.0364e+01 -5.5192e-03 -1.5624e-03
-4.4667e+00     1.2813e+01  3.2955e-03  2.7586e-03 -2.4986e+01 -4.3071e-03 -2.2757e-03  1.0401e+01  1.3323e-02  2.9757e-03 -1.0524e+01 -5.5466e-03 -1.5769e-03
-4.4583e+00     1.3857e+01  3.7217e-03  2.8987e-03 -2.5256e+01 -4.7232e-03 -2.1804e-03  1.0512e+01  1.3352e-02  2.9992e-03 -1.0733e+01 -5.5842e-03 -1.5954e-03
-4.4500e+00     2.5508e+01  7.3127e-03  4.7404e-03 -2.1343e+01 -3.8148e-03 -1.7450e-03  1.0676e+01  1.3398e-02  3.0310e-03 -1.0926e+01 -5.6197e-03 -1.6117e-03
-4.4417e+00     2.5461e+01  8.2926e-03  4.9404e-03 -1.8328e+01 -3.0239e-03 -1.4148e-03  1.0888e+01  1.3463e-02  3.0713e-03 -1.1092e+01 -5.6481e-03 -1.6249e-03
-4.4333e+00     2.1341e+01  6.8438e-03  4.0433e-03 -1.8187e+01 -2.7282e-03 -1.2528e-03  1.1083e+01  1.3526e-02  3.1086e-03 -1.1243e+01 -5.6721e-03 -1.6360e-03
-4.4250e+00     1.7124e+01  4.9133e-03  3.3263e-03 -2.3245e+01 -2.7584e-03 -1.4144e-03  1.1243e+01  1.3575e-02  3.1393e-03 -1.1416e+01 -5.6949e-03 -1.6471e-03
-4.4167e+00     1.7635e+01  4.7661e-03  3.1049e-03 -1.7797e+01 -2.0578e-03 -9.7042e-04  1.1387e+01  1.3615e-02  3.1660e-03 -1.1586e+01 -5.7149e-03 -1.6570e-03
-4.4083e+00     2.0539e+01  4.3380e-03  2.9346e-03 -1.3829e+01 -1.4909e-03 -8.8613e-04  1.1546e+01  1.3653e-02  3.1912e-03 -1.1718e+01 -5.7297e-03 -1.6647e-03
-4.4000e+00     1.7653e+01  4.1661e-03  2.1860e-03 -1.9287e+01 -2.2052e-03 -1.5481e-03  1.1705e+01  1.3688e-02  3.2125e-03 -1.1856e+01 -5.7451e-03 -1.6748e-03
-4.3917e+00     1.4040e+01  2.8932e-03  1.7353e-03 -1.9708e+01 -2.0501e-03 -1.5954e-03  1.1837e+01  1.3718e-02  3.2288e-03 -1.2018e+01 -5.7628e-03 -1.6879e-03
-4.3833e+00     1.6433e+01  3.4192e-03  2.7210e-03 -1.4673e+01 -1.0563e-03 -1.0688e-03  1.1964e+01  1.3744e-02  3.2473e-03 -1.2161e+01 -5.7757e-03 -1.6990e-03
-4.3750e+00     2.6716e+01  5.1057e-03  5.1946e-03 -1.5224e+01 -1.0666e-03 -1.1202e-03  1.2143e+01  1.3779e-02  3.2802e-03 -1.2285e+01 -5.7845e-03 -1.7081e-03
-4.3667e+00     1.5715e+01  2.2914e-03  2.5951e-03 -1.4873e+01 -1.0583e-03 -1.0816e-03  1.2320e+01  1.3810e-02  3.3126e-03 -1.2411e+01 -5.7934e-03 -1.7172e-03
-4.3583e+00     1.6039e+01  2.1129e-03  2.6577e-03 -1.4322e+01 -1.0386e-03 -1.0112e-03  1.2452e+01  1.3828e-02  3.3345e-03 -1.2532e+01 -5.8021e-03 -1.7259e-03
-4.3500e+00     1.5833e+01  2.0546e-03  2.5924e-03 -1.3059e+01 -8.6483e-04 -9.3767e-04  1.2584e+01  1.3846e-02  3.3563e-03 -1.2646e+01 -5.8100e-03 -1.7341e-03
-4.3417e+00     1.4187e+01  1.8445e-03  2.2228e-03 -1.4606e+01 -8.4377e-04 -1.0875e-03  1.2709e+01  1.3862e-02  3.3764e-03 -1.2761e+01 -5.8171e-03 -1.7425e-03
-4.3333e+00     1.3575e+01  1.5275e-03  2.1356e-03 -1.5415e+01 -9.2869e-04 -1.1686e-03  1.2825e+01  1.3876e-02  3.3945e-03 -1.2886e+01 -5.8245e-03 -1.7519e-03
-4.3250e+00     1.6600e+01  1.5310e-03  2.5803e-03 -1.4928e+01 -9.2465e-04 -1.1702e-03  1.2950e+01  1.3889e-02  3.4141e-03 -1.3012e+01 -5.8322e-03 -1.7616e-03
-4.3167e+00     1.4936e+01  1.4782e-03  2.2840e-03 -1.3590e+01 -8.2805e-04 -1.1046e-03  1.3081e+01  1.3901e-02  3.4343e-03 -1.3131e+01 -5.8395e-03 -1.7711e-03
-4.3083e+00     1.4288e+01  1.4473e-03  2.2290e-03 -1.2112e+01 -7.0522e-04 -1.0174e-03  1.3203e+01  1.3913e-02  3.4531e-03 -1.3238e+01 -5.8459e-03 -1.7799e-03
-4.3000e+00     1.2391e+01  1.2301e-03  1.9695e-03 -1.1462e+01 -6.6746e-04 -9.8026e-04  1.3314e+01  1.3924e-02  3.4706e-03 -1.3336e+01 -5.8516e-03 -1.7882e-03
-4.2917e+00     1.1336e+01  1.0867e-03  1.8588e-03 -1.8245e+01 -1.0437e-03 -1.4231e-03  1.3413e+01  1.3934e-02  3.4865e-03 -1.3459e+01 -5.8587e-03 -1.7982e-03
-4.2833e+00     1.0826e+01  1.0237e-03  1.8401e-03 -1.4910e+01 -8.9101e-04 -1.2255e-03  1.3505e+01  1.3943e-02  3.5019e-03 -1.3597e+01 -5.8667e-03 -1.8092e-03
-4.2750e+00     1.1134e+01  1.1090e-03  1.8835e-03 -2.1660e+01 -1.2779e-03 -1.7465e-03  1.3596e+01  1.3952e-02  3.5174e-03 -1.3749e+01 -5.8758e-03 -1.8216e-03
-4.2667e+00     1.1436e+01  1.2145e-03  1.9819e-03 -1.7512e+01 -1.1268e-03 -1.4935e-03  1.3690e+01  1.3961e-02  3.5334e-03 -1.3912e+01 -5.8858e-03 -1.8350e-03
-4.2583e+00     1.3724e+01  1.5671e-03  2.4268e-03 -1.2024e+01 -8.6269e-04 -9.7965e-04  1.3795e+01  1.3973e-02  3.5518e-03 -1.4035e+01 -5.8940e-03 -1.8453e-03
-4.2500e+00     2.6077e+01  2.6089e-03  3.8819e-03 -1.2385e+01 -8.8352e-04 -9.8299e-04  1.3960e+01  1.3990e-02  3.5780e-03 -1.4137e+01 -5.9013e-03 -1.8535e-03
-4.2417e+00     1.2354e+01  1.6546e-03  2.0170e-03 -1.4923e+01 -1.0215e-03 -1.1606e-03  1.4120e+01  1.4008e-02  3.6026e-03 -1.4250e+01 -5.9092e-03 -1.8624e-03
-4.2333e+00     1.1935e+01  1.6655e-03  1.9251e-03 -1.8275e+01 -1.1832e-03 -1.4778e-03  1.4221e+01  1.4022e-02  3.6190e-03 -1.4388e+01 -5.9184e-03 -1.8734e-03
-4.2250e+00     1.2323e+01  1.7065e-03  1.9563e-03 -1.6502e+01 -1.0601e-03 -1.3356e-03  1.4322e+01  1.4036e-02  3.6351e-03 -1.4533e+01 -5.9277e-03 -1.8851e-03
-4.2167e+00     1.2469e+01  1.7084e-03  1.9473e-03 -1.4570e+01 -9.4582e-04 -1.1979e-03  1.4425e+01  1.4050e-02  3.6514e-03 -1.4662e+01 -5.9361e-03 -1.8956e-03
-4.2083e+00     1.7640e+01  2.1646e-03  3.1697e-03 -1.7274e+01 -1.0391e-03 -1.4817e-03  1.4550e+01  1.4066e-02  3.6726e-03 -1.4795e+01 -5.9443e-03 -1.9068e-03
-4.2000e+00     1.7331e+01  1.9732e-03  2.9862e-03 -1.7573e+01 -1.1066e-03 -1.6004e-03  1.4696e+01  1.4083e-02  3.6982e-03 -1.4940e+01 -5.9533e-03 -1.9196e-03
-4.1917e+00     1.3632e+01  1.6705e-03  2.4219e-03 -1.3084e+01 -6.9782e-04 -1.2599e-03  1.4825e+01  1.4099e-02  3.7207e-03 -1.5067e+01 -5.9608e-03 -1.9315e-03
-4.1833e+00     1.6325e+01  1.9194e-03  2.9700e-03 -1.6802e+01 -8.9667e-04 -1.4968e-03  1.4949e+01  1.4114e-02  3.7432e-03 -1.5192e+01 -5.9674e-03 -1.9430e-03
-4.1750e+00     1.7839e+01  2.0841e-03  3.3431e-03 -1.4042e+01 -6.6205e-04 -1.2018e-03  1.5091e+01  1.4130e-02  3.7694e-03 -1.5320e+01 -5.9739e-03 -1.9542e-03
-4.1667e+00     1.4865e+01  1.6893e-03  2.9474e-03 -1.4173e+01 -6.3934e-04 -1.2973e-03  1.5228e+01  1.4146e-02  3.7956e-03 -1.5437e+01 -5.9793e-03 -1.9646e-03
-4.1583e+00     1.8959e+01  2.0003e-03  3.2016e-03 -1.5416e+01 -6.9533e-04 -1.5675e-03  1.5368e+01  1.4161e-02  3.8212e-03 -1.5560e+01 -5.9848e-03 -1.9765e-03
-4.1500e+00     1.4215e+01  1.4066e-03  2.3580e-03 -1.4191e+01 -6.3887e-04 -1.4278e-03  1.5506e+01  1.4175e-02  3.8443e-03 -1.5683e+01 -5.9904e-03 -1.9890e-03
-4.1417e+00     1.4581e+01  1.4326e-03  2.8606e-03 -1.2220e+01 -5.5521e-04 -1.1425e-03  1.5626e+01  1.4187e-02  3.8660e-03 -1.5793e+01 -5.9954e-03 -1.9997e-03
-4.1333e+00     1.4961e+01  1.4436e-03  3.0651e-03 -9.1543e+00 -4.2665e-04 -5.5066e-04  1.5749e+01  1.4199e-02  3.8907e-03 -1.5882e+01 -5.9994e-03 -2.0067e-03
-4.1250e+00     1.3438e+01  1.3503e-03  2.6806e-03 -8.9057e+00 -4.1137e-04 -5.9068e-04  1.5867e+01  1.4211e-02  3.9146e-03 -1.5957e+01 -6.0029e-03 -2.0114e-03
-4.1167e+00     1.1996e+01  1.2076e-03  2.1392e-03 -1.1256e+01 -4.9980e-04 -8.1975e-04  1.5973e+01  1.4221e-02  3.9346e-03 -1.6041e+01 -6.0067e-03 -2.0173e-03
-4.1083e+00     9.1649e+00  9.3832e-04  1.2113e-03 -1.2167e+01 -5.2602e-04 -8.7420e-04  1.6061e+01  1.4230e-02  3.9485e-03 -1.6139e+01 -6.0110e-03 -2.0244e-03
-4.1000e+00     1.1843e+01  1.1273e-03  1.4117e-03 -1.0948e+01 -4.9312e-04 -8.9466e-04  1.6148e+01  1.4239e-02  3.9595e-03 -1.6235e+01 -6.0152e-03 -2.0317e-03
-4.0917e+00     1.0963e+01  1.1188e-03  1.6981e-03 -1.1076e+01 -5.0745e-04 -9.4434e-04  1.6243e+01  1.4248e-02  3.9724e-03 -1.6326e+01 -6.0194e-03 -2.0394e-03
-4.0833e+00     1.1347e+01  1.1857e-03  1.8306e-03 -1.1044e+01 -5.1451e-04 -9.7462e-04  1.6336e+01  1.4258e-02  3.9871e-03 -1.6418e+01 -6.0236e-03 -2.0474e-03
-4.0750e+00     1.1648e+01  1.2473e-03  1.9595e-03 -1.0997e+01 -5.2228e-04 -1.0104e-03  1.6432e+01  1.4268e-02  4.0028e-03 -1.6510e+01 -6.0279e-03 -2.0556e-03
-4.0667e+00     1.1723e+01  1.2745e-03  2.0448e-03 -1.1247e+01 -5.3345e-04 -1.0982e-03  1.6529e+01  1.4279e-02  4.0195e-03 -1.6603e+01 -6.0323e-03 -2.0644e-03
-4.0583e+00     1.1607e+01  1.2683e-03  2.1059e-03 -1.1274e+01 -5.3147e-04 -1.1727e-03  1.6626e+01  1.4289e-02  4.0368e-03 -1.6696e+01 -6.0368e-03 -2.0738e-03
-4.0500e+00     1.1283e+01  1.2542e-03  2.1067e-03 -1.1777e+01 -5.6137e-04 -1.2935e-03  1.6721e+01  1.4300e-02  4.0543e-03 -1.6792e+01 -6.0413e-03 -2.0841e-03
-4.0417e+00     1.2001e+01  1.2862e-03  2.4689e-03 -1.2371e+01 -5.9606e-04 -1.4257e-03  1.6818e+01  1.4310e-02  4.0733e-03 -1.6893e+01 -6.0461e-03 -2.0954e-03
-4.0333e+00     1.2520e+01  1.3452e-03  2.7583e-03 -1.5822e+01 -7.5587e-04 -2.5321e-03  1.6920e+01  1.4321e-02  4.0951e-03 -1.7010e+01 -6.0518e-03 -2.1119e-03
-4.0250e+00     1.3789e+01  1.4981e-03  3.5266e-03 -1.4299e+01 -6.7948e-04 -2.2305e-03  1.7029e+01  1.4333e-02  4.1212e-03 -1.7135e+01 -6.0577e-03 -2.1317e-03
-4.0167e+00     1.7257e+01  1.8462e-03  5.6184e-03 -1.1462e+01 -5.6177e-04 -1.3274e-03  1.7158e+01  1.4347e-02  4.1592e-03 -1.7242e+01 -6.0629e-03 -2.1465e-03
-4.0083e+00     1.1589e+01  1.3485e-03  2.7326e-03 -1.2082e+01 -5.9071e-04 -1.3845e-03  1.7278e+01  1.4360e-02  4.1940e-03 -1.7340e+01 -6.0677e-03 -2.1578e-03
-4.0000e+00     1.2112e+01  1.4386e-03  2.8164e-03 -1.2925e+01 -6.3131e-04 -1.4484e-03  1.7377e+01  1.4372e-02  4.2171e-03 -1.7444e+01 -6.0728e-03 -2.1695e-03
-3.9917e+00     1.2796e+01  1.5415e-03  2.9274e-03 -1.2573e+01 -6.5256e-04 -1.3346e-03  1.7481e+01  1.4384e-02  4.2410e-03 -1.7550e+01 -6.0781e-03 -2.1811e-03
-3.9833e+00     1.4274e+01  1.7499e-03  3.0972e-03 -1.2622e+01 -7.2569e-04 -1.3395e-03  1.7593e+01  1.4398e-02  4.2660e-03 -1.7655e+01 -6.0838e-03 -2.1922e-03
-3.9750e+00     1.3612e+01  1.8396e-03  2.8573e-03 -1.3304e+01 -8.0817e-04 -1.4837e-03  1.7709e+01  1.4413e-02  4.2908e-03 -1.7763e+01 -6.0902e-03 -2.2040e-03
-3.9667e+00     1.3477e+01  1.9773e-03  2.8831e-03 -1.4191e+01 -9.0012e-04 -1.6587e-03  1.7822e+01  1.4429e-02  4.3147e-03 -1.7877e+01 -6.0973e-03 -2.2171e-03
-3.9583e+00     1.3864e+01  2.1557e-03  3.0733e-03 -1.4008e+01 -9.6042e-04 -1.6315e-03  1.7936e+01  1.4446e-02  4.3394e-03 -1.7995e+01 -6.1051e-03 -2.2307e-03
-3.9500e+00     1.4648e+01  2.4127e-03  3.3594e-03 -1.3177e+01 -1.0040e-03 -1.4771e-03  1.8054e+01  1.4465e-02  4.3662e-03 -1.8108e+01 -6.1132e-03 -2.2437e-03
-3.9417e+00     1.4226e+01  2.5539e-03  3.1869e-03 -1.4379e+01 -1.2261e-03 -1.4722e-03  1.8174e+01  1.4485e-02  4.3934e-03 -1.8222e+01 -6.1225e-03 -2.2559e-03
-3.9333e+00     1.4217e+01  2.7860e-03  2.9216e-03 -1.5833e+01 -1.5303e-03 -1.4960e-03  1.8293e+01  1.4508e-02  4.4188e-03 -1.8348e+01 -6.1340e-03 -2.2683e-03
-3.9250e+00     1.7114e+01  3.6175e-03  3.1771e-03 -1.4151e+01 -1.7223e-03 -1.2731e-03  1.8423e+01  1.4534e-02  4.4442e-03 -1.8473e+01 -6.1475e-03 -2.2798e-03
-3.9167e+00     1.5289e+01  4.0403e-03  2.6239e-03 -1.3698e+01 -1.8614e-03 -1.1434e-03  1.8558e+01  1.4566e-02  4.4683e-03 -1.8589e+01 -6.1624e-03 -2.2899e-03
-3.9083e+00     1.5148e+01  4.5589e-03  2.3229e-03 -1.3113e+01 -1.9565e-03 -1.0187e-03  1.8684e+01  1.4602e-02  4.4889e-03 -1.8700e+01 -6.1783e-03 -2.2988e-03
-3.9000e+00     1.4340e+01  4.5790e-03  2.0252e-03 -1.6003e+01 -2.7436e-03 -1.4339e-03  1.8807e+01  1.4640e-02  4.5070e-03 -1.8821e+01 -6.1978e-03 -2.3091e-03
-3.8917e+00     1.8851e+01  6.8982e-03  3.2003e-03 -1.8735e+01 -3.5500e-03 -1.8767e-03  1.8945e+01  1.4688e-02  4.5287e-03 -1.8966e+01 -6.2240e-03 -2.3228e-03
-3.8833e+00     2.0890e+01  8.1391e-03  3.6649e-03 -1.7912e+01 -3.6220e-03 -1.7532e-03  1.9110e+01  1.4750e-02  4.5573e-03 -1.9118e+01 -6.2539e-03 -2.3379e-03
-3.8750e+00     1.8903e+01  7.6399e-03  3.1270e-03 -2.1951e+01 -4.6933e-03 -1.8092e-03  1.9276e+01  1.4816e-02  4.5856e-03 -1.9284e+01 -6.2885e-03 -2.3527e-03
-3.8667e+00     1.7795e+01  7.3356e-03  2.5700e-03 -1.5882e+01 -3.2981e-03 -1.1039e-03  1.9429e+01  1.4878e-02  4.6093e-03 -1.9441e+01 -6.3217e-03 -2.3649e-03
-3.8583e+00     2.1590e+01  9.0575e-03  2.0684e-03 -2.0806e+01 -4.5896e-03 -1.3163e-03  1.9592e+01  1.4946e-02  4.6285e-03 -1.9594e+01 -6.3545e-03 -2.3749e-03
-3.8500e+00     1.9594e+01  8.8106e-03  2.1245e-03 -2.3181e+01 -5.5085e-03 -1.4315e-03  1.9764e+01  1.5021e-02  4.6460e-03 -1.9777e+01 -6.3965e-03 -2.3864e-03
-3.8417e+00     1.6171e+01  6.6561e-03  1.7005e-03 -1.4022e+01 -2.8124e-03 -8.3449e-04  1.9913e+01  1.5085e-02  4.6619e-03 -1.9932e+01 -6.4311e-03 -2.3958e-03
-3.8333e+00     1.3285e+01  4.8329e-03  1.3910e-03 -1.0871e+01 -1.9022e-03 -6.4353e-04  2.0035e+01  1.5133e-02  4.6748e-03 -2.0035e+01 -6.4507e-03 -2.4019e-03
-3.8250e+00     9.8706e+00  3.2510e-03  1.0307e-03 -9.5115e+00 -1.5232e-03 -5.6791e-04  2.0131e+01  1.5166e-02  4.6848e-03 -2.0120e+01 -6.4650e-03 -2.4070e-03
-3.8167e+00     8.8376e+00  2.7045e-03  9.3858e-04 -9.3806e+00 -1.3887e-03 -5.9820e-04  2.0209e+01  1.5191e-02  4.6930e-03 -2.0199e+01 -6.4771e-03 -2.4118e-03
-3.8083e+00     8.6980e+00  2.5002e-03  9.9648e-04 -8.9907e+00 -1.2338e-03 -5.9563e-04  2.0282e+01  1.5213e-02  4.7011e-03 -2.0275e+01 -6.4880e-03 -2.4168e-03
-3.8000e+00     8.5552e+00  2.3181e-03  1.0430e-03 -8.6533e+00 -1.1176e-03 -5.5899e-04  2.0354e+01  1.5233e-02  4.7096e-03 -2.0349e+01 -6.4978e-03 -2.4216e-03
-3.7917e+00     8.3885e+00  2.1987e-03  1.0234e-03 -8.2951e+00 -9.9286e-04 -5.2113e-04  2.0424e+01  1.5252e-02  4.7182e-03 -2.0419e+01 -6.5066e-03 -2.4261e-03
-3.7833e+00     8.1029e+00  2.0488e-03  9.8483e-04 -7.9158e+00 -8.5958e-04 -4.8203e-04  2.0493e+01  1.5269e-02  4.7265e-03 -2.0486e+01 -6.5143e-03 -2.4303e-03
-3.7750e+00     7.7973e+00  1.8854e-03  9.4066e-04 -7.5080e+00 -7.0795e-04 -4.4360e-04  2.0559e+01  1.5286e-02  4.7345e-03 -2.0551e+01 -6.5208e-03 -2.4341e-03
-3.7667e+00     7.4717e+00  1.7087e-03  8.9090e-04 -7.4123e+00 -5.9643e-04 -4.1920e-04  2.0623e+01  1.5301e-02  4.7421e-03 -2.0613e+01 -6.5262e-03 -2.4377e-03
-3.7583e+00     7.2906e+00  1.5560e-03  8.5935e-04 -8.2879e+00 -5.3355e-04 -4.5924e-04  2.0684e+01  1.5314e-02  4.7494e-03 -2.0678e+01 -6.5309e-03 -2.4413e-03
-3.7500e+00     7.6045e+00  1.4180e-03  9.1252e-04 -8.9773e+00 -4.9209e-04 -4.9078e-04  2.0746e+01  1.5327e-02  4.7568e-03 -2.0750e+01 -6.5352e-03 -2.4453e-03
-3.7417e+00     8.6353e+00  1.4433e-03  1.0382e-03 -9.3800e+00 -4.4920e-04 -5.3078e-04  2.0814e+01  1.5339e-02  4.7649e-03 -2.0826e+01 -6.5391e-03 -2.4495e-03
-3.7333e+00     9.2250e+00  1.4120e-03  1.1297e-03 -9.9454e+00 -4.3271e-04 -5.8573e-04  2.0888e+01  1.5350e-02  4.7739e-03 -2.0907e+01 -6.5428e-03 -2.4542e-03
-3.7250e+00     9.7821e+00  1.4293e-03  1.2483e-03 -1.0876e+01 -4.3036e-04 -6.6040e-04  2.0967e+01  1.5362e-02  4.7838e-03 -2.0993e+01 -6.5464e-03 -2.4594e-03
-3.7167e+00     1.0536e+01  1.5294e-03  1.3946e-03 -1.1385e+01 -3.9600e-04 -7.3372e-04  2.1051e+01  1.5375e-02  4.7948e-03 -2.1086e+01 -6.5498e-03 -2.4652e-03
-3.7083e+00     1.1446e+01  1.6247e-03  1.5791e-03 -1.2489e+01 -3.3075e-04 -9.8583e-04  2.1143e+01  1.5388e-02  4.8072e-03 -2.1185e+01 -6.5528e-03 -2.4723e-03
-3.7000e+00     1.2982e+01  1.5035e-03  2.2831e-03 -1.0209e+01 -2.4089e-04 -9.2133e-04  2.1245e+01  1.5401e-02  4.8232e-03 -2.1280e+01 -6.5552e-03 -2.4803e-03
-3.6917e+00     1.0585e+01  1.1145e-03  2.0979e-03 -7.4372e+00 -1.6494e-04 -5.6884e-04  2.1343e+01  1.5412e-02  4.8415e-03 -2.1353e+01 -6.5569e-03 -2.4865e-03
-3.6833e+00     7.4545e+00  7.4599e-04  1.1906e-03 -3.8032e+00 -9.0318e-05 -2.0854e-04  2.1418e+01  1.5419e-02  4.8551e-03 -2.1400e+01 -6.5579e-03 -2.4897e-03
-3.6750e+00     4.2689e+00  4.3119e-04  4.0563e-04 -3.5195e+00 -7.0653e-05 -1.8235e-04  2.1466e+01  1.5424e-02  4.8618e-03 -2.1430e+01 -6.5586e-03 -2.4913e-03
-3.6667e+00     3.5481e+00  2.9718e-04  3.1578e-04 -3.3769e+00 -5.7646e-05 -1.6818e-04  2.1499e+01  1.5427e-02  4.8648e-03 -2.1459e+01 -6.5591e-03 -2.4928e-03
-3.6583e+00     3.2896e+00  2.2366e-04  2.7152e-04 -3.4634e+00 -5.4986e-05 -1.6735e-04  2.1527e+01  1.5429e-02  4.8672e-03 -2.1487e+01 -6.5596e-03 -2.4942e-03
-3.6500e+00     3.3006e+00  2.0587e-04  2.6094e-04 -3.5639e+00 -5.2348e-05 -1.6864e-04  2.1555e+01  1.5431e-02  4.8694e-03 -2.1516e+01 -6.5601e-03 -2.4956e-03
-3.6417e+00     3.3514e+00  1.9590e-04  2.5709e-04 -3.4687e+00 -4.8000e-05 -1.6087e-04  2.1582e+01  1.5433e-02  4.8716e-03 -2.1546e+01 -6.5605e-03 -2.4969e-03
-3.6333e+00     3.3446e+00  1.8392e-04  2.5435e-04 -3.0658e+00 -4.1208e-05 -1.3714e-04  2.1610e+01  1.5434e-02  4.8737e-03 -2.1573e+01 -6.5609e-03 -2.4982e-03
-3.6250e+00     3.1764e+00  1.6651e-04  2.5016e-04 -2.6767e+00 -3.4742e-05 -1.1386e-04  2.1637e+01  1.5436e-02  4.8758e-03 -2.1597e+01 -6.5612e-03 -2.4992e-03
-3.6167e+00     2.9030e+00  1.4607e-04  2.2396e-04 -2.3014e+00 -2.8603e-05 -9.1022e-05  2.1663e+01  1.5437e-02  4.8778e-03 -2.1618e+01 -6.5614e-03 -2.5001e-03
-3.6083e+00     2.5613e+00  1.2417e-04  1.8535e-04 -2.1379e+00 -2.4753e-05 -8.1903e-05  2.1685e+01  1.5438e-02  4.8795e-03 -2.1636e+01 -6.5617e-03 -2.5008e-03
-3.6000e+00     2.2175e+00  1.0308e-04  1.4629e-04 -4.0355e+00 -6.1906e-05 -1.6098e-04  2.1705e+01  1.5439e-02  4.8809e-03 -2.1662e+01 -6.5620e-03 -2.5018e-03
-3.5917e+00     3.0290e+00  1.9365e-04  2.2201e-04 -1.0527e+01 -1.8582e-04 -4.3861e-04  2.1727e+01  1.5441e-02  4.8824e-03 -2.1722e+01 -6.5630e-03 -2.5043e-03
-3.5833e+00     9.2860e+00  7.9312e-04  7.7876e-04 -2.0930e+01 -3.6513e-04 -9.3755e-04  2.1778e+01  1.5445e-02  4.8866e-03 -2.1853e+01 -6.5653e-03 -2.5100e-03
-3.5750e+00     1.8192e+01  1.5578e-03  1.5606e-03 -2.3618e+01 -3.8831e-04 -1.2856e-03  2.1893e+01  1.5454e-02  4.8963e-03 -2.2038e+01 -6.5685e-03 -2.5193e-03
-3.5667e+00     2.6918e+01  2.3745e-03  2.8786e-03 -1.5152e+01 -2.4612e-04 -8.3483e-04  2.2080e+01  1.5471e-02  4.9148e-03 -2.2200e+01 -6.5711e-03 -2.5281e-03
-3.5583e+00     2.0788e+01  1.3005e-03  2.5762e-03 -1.0898e+01 -1.6513e-04 -5.6559e-04  2.2279e+01  1.5486e-02  4.9375e-03 -2.2308e+01 -6.5728e-03 -2.5339e-03
-3.5500e+00     1.2115e+01  8.7475e-04  1.5323e-03 -8.3808e+00 -1.0632e-04 -4.1052e-04  2.2416e+01  1.5495e-02  4.9545e-03 -2.2388e+01 -6.5739e-03 -2.5380e-03
-3.5417e+00     9.1361e+00  5.9103e-04  1.0594e-03 -6.7768e+00 -7.5188e-05 -3.1881e-04  2.2504e+01  1.5501e-02  4.9653e-03 -2.2451e+01 -6.5747e-03 -2.5410e-03
-3.5333e+00     7.3848e+00  3.8285e-04  7.8710e-04 -6.2291e+00 -6.7719e-05 -2.8467e-04  2.2573e+01  1.5505e-02  4.9730e-03 -2.2505e+01 -6.5753e-03 -2.5435e-03
-3.5250e+00     6.4754e+00  2.9247e-04  6.3702e-04 -5.6068e+00 -5.9904e-05 -2.4778e-04  2.2630e+01  1.5508e-02  4.9789e-03 -2.2555e+01 -6.5758e-03 -2.5457e-03
-3.5167e+00     5.9230e+00  2.5777e-04  5.4661e-04 -4.8984e+00 -5.1690e-05 -2.0811e-04  2.2682e+01  1.5510e-02  4.9839e-03 -2.2598e+01 -6.5763e-03 -2.5476e-03
-3.5083e+00     5.2917e+00  2.2307e-04  4.5455e-04 -3.9567e+00 -4.1758e-05 -1.6672e-04  2.2729e+01  1.5512e-02  4.9880e-03 -2.2635e+01 -6.5767e-03 -2.5492e-03
-3.5000e+00     4.5816e+00  1.8839e-04  3.6085e-04 -2.6631e+00 -2.5165e-05 -8.4556e-05  2.2770e+01  1.5514e-02  4.9914e-03 -2.2663e+01 -6.5770e-03 -2.5502e-03
-3.4917e+00     3.4224e+00  1.2966e-04  2.4578e-04 -2.1053e+00 -2.0529e-05 -6.8469e-05  2.2803e+01  1.5515e-02  4.9939e-03 -2.2683e+01 -6.5772e-03 -2.5509e-03
-3.4833e+00     2.5993e+00  9.3566e-05  1.5799e-04 -1.5752e+00 -1.6076e-05 -5.3431e-05  2.2828e+01  1.5516e-02  4.9956e-03 -2.2698e+01 -6.5773e-03 -2.5514e-03
-3.4750e+00     2.0563e+00  7.7930e-05  1.2899e-04 -1.2909e+00 -1.3356e-05 -4.3733e-05  2.2847e+01  1.5517e-02  4.9968e-03 -2.2710e+01 -6.5774e-03 -2.5518e-03
-3.4667e+00     1.5407e+00  6.2774e-05  1.0186e-04 -1.0278e+00 -1.0773e-05 -3.4709e-05  2.2862e+01  1.5518e-02  4.9978e-03 -2.2719e+01 -6.5775e-03 -2.5521e-03
-3.4583e+00     1.1909e+00  5.1096e-05  8.0528e-05 -7.7908e-01 -8.2785e-06 -2.6219e-05  2.2874e+01  1.5518e-02  4.9985e-03 -2.2727e+01 -6.5776e-03 -2.5524e-03
-3.4500e+00     9.3959e-01  4.1374e-05  6.2864e-05 -5.4468e-01 -5.8719e-06 -1.8263e-05  2.2883e+01  1.5518e-02  4.9991e-03 -2.2732e+01 -6.5777e-03 -2.5526e-03
-3.4417e+00     7.0201e-01  3.1757e-05  4.6435e-05 -3.2462e-01 -3.5533e-06 -1.0842e-05  2.2889e+01  1.5519e-02  4.9996e-03 -2.2736e+01 -6.5777e-03 -2.5527e-03
-3.4333e+00     4.7819e-01  2.2247e-05  3.1242e-05 -1.1891e-01 -1.3227e-06 -3.9545e-06  2.2894e+01  1.5519e-02  4.9999e-03 -2.2738e+01 -6.5777e-03 -2.5527e-03
-3.4250e+00     2.6813e-01  1.2842e-05  1.7284e-05 -0.0000e+00 -0.0000e+00 -0.0000e+00  2.2897e+01  1.5519e-02  5.0001e-03 -2.2738e+01 -6.5777e-03 -2.5528e-03
-3.4167e+00     7.1814e-02  3.5436e-06  4.5624e-06 -0.0000e+00 -0.0000e+00 -0.0000e+00  2.2899e+01  1.5519e-02  5.0002e-03 -2.2738e+01 -6.5777e-03 -2.5528e-03
-3.4083e+00     0.0000e+00  0.0000e+00  0.0000e+00 -0.0000e+00 -0.0000e+00 -0.0000e+00  2.2899e+01  1.5519e-02  5.0002e-03 -2.2738e+01 -6.5777e-03 -2.5528e-03
-3.4000e+00     0.0000e+00  0.0000e+00  0.0000e+00 -0.0000e+00 -0.0000e+00 -0.0000e+00  2.2899e+01  1.5519e-02  5.0002e-03 -2.2738e+01 -6.5777e-03 -2.5528e-03
-3.3917e+00     0.0000e+00  0.0000e+00  0.0000e+00 -0.0000e+00 -0.0000e+00 -0.0000e+00  2.2899e+01  1.5519e-02  5.0002e-03 -2.2738e+01 -6.5777e-03 -2.5528e-03
-3.3833e+00     0.0000e+00  0.0000e+00  0.0000e+00 -0.0000e+00 -0.0000e+00 -0.0000e+00  2.2899e+01  1.5519e-02  5.0002e-03 -2.2738e+01 -6.5777e-03 -2.5528e-03
-3.3750e+00     0.0000e+00  0.0000e+00  0.0000e+00 -0.0000e+00 -0.0000e+00 -0.0000e+00  2.2899e+01  1.5519e-02  5.0002e-03 -2.2738e+01 -6.5777e-03 -2.5528e-03
-3.3667e+00     0.0000e+00  0.0000e+00  0.0000e+00 -0.0000e+00 -0.0000e+00 -0.0000e+00  2.2899e+01  1.5519e-02  5.0002e-03 -2.2738e+01 -6.5777e-03 -2.5528e-03
-3.3583e+00     0.0000e+00  0.0000e+00  0.0000e+00 -0.0000e+00 -0.0000e+00 -0.0000e+00  2.2899e+01  1.5519e-02  5.0002e-03 -2.2738e+01 -6.5777e-03 -2.5528e-03
-3.3500e+00     0.0000e+00  0.0000e+00  0.0000e+00 -0.0000e+00 -0.0000e+00 -0.0000e+00  2.2899e+01  1.5519e-02  5.0002e-03 -2.2738e+01 -6.5777e-03 -2.5528e-03
-3.3417e+00     0.0000e+00  0.0000e+00  0.0000e+00 -0.0000e+00 -0.0000e+00 -0.0000e+00  2.2899e+01  1.5519e-02  5.0002e-03 -2.2738e+01 -6.5777e-03 -2.5528e-03
-3.3333e+00     0.0000e+00  0.0000e+00  0.0000e+00 -0.0000e+00 -0.0000e+00 -0.0000e+00  2.2899e+01  1.5519e-02  5.0002e-03 -2.2738e+01 -6.5777e-03 -2.5528e-03
-3.3250e+00     0.0000e+00  0.0000e+00  0.0000e+00 -0.0000e+00 -0.0000e+00 -0.0000e+00  2.2899e+01  1.5519e-02  5.0002e-03 -2.2738e+01 -6.5777e-03 -2.5528e-03
-3.3167e+00     0.0000e+00  0.0000e+00  0.0000e+00 -1.9666e+01 -2.8559e-04 -6.2744e-04  2.2899e+01  1.5519e-02  5.0002e-03 -2.2820e+01 -6.5789e-03 -2.5554e-03
-3.3083e+00     2.7496e+00  5.2568e-05  1.9149e-04 -3.2306e+01 -4.0632e-04 -1.1503e-03  2.2911e+01  1.5519e-02  5.0010e-03 -2.3036e+01 -6.5818e-03 -2.5628e-03
-3.3000e+00     8.7371e+00  1.7928e-04  6.0502e-04 -3.0696e+01 -3.4057e-04 -1.0599e-03  2.2958e+01  1.5520e-02  5.0043e-03 -2.3298e+01 -6.5849e-03 -2.5720e-03
-3.2917e+00     3.0341e+01  2.3748e-03  3.2419e-03 -1.9168e+01 -1.9011e-04 -6.8984e-04  2.3121e+01  1.5531e-02  5.0203e-03 -2.3506e+01 -6.5871e-03 -2.5792e-03
-3.2833e+00     3.5459e+01  2.9077e-03  3.9959e-03 -6.3966e+00 -7.4542e-05 -1.3862e-04  2.3395e+01  1.5553e-02  5.0504e-03 -2.3612e+01 -6.5882e-03 -2.5827e-03
-3.2750e+00     1.7373e+01  9.9250e-04  1.9284e-03 -5.2545e+00 -6.4958e-05 -1.6315e-04  2.3614e+01  1.5569e-02  5.0751e-03 -2.3661e+01 -6.5888e-03 -2.5839e-03
-3.2667e+00     7.4999e+00  4.2409e-04  5.0087e-04 -4.1874e+00 -4.9755e-05 -1.4566e-04  2.3718e+01  1.5575e-02  5.0852e-03 -2.3700e+01 -6.5893e-03 -2.5852e-03
-3.2583e+00     6.4999e+00  2.9145e-04  5.3311e-04 -2.7833e+00 -3.2286e-05 -1.0175e-04  2.3776e+01  1.5578e-02  5.0895e-03 -2.3729e+01 -6.5896e-03 -2.5862e-03
-3.2500e+00     5.0879e+00  2.0692e-04  4.4437e-04 -1.0266e+00 -1.1937e-05 -3.8411e-05  2.3824e+01  1.5580e-02  5.0936e-03 -2.3745e+01 -6.5898e-03 -2.5868e-03
-3.2417e+00     3.8041e+00  1.2823e-04  3.5151e-04 -0.0000e+00 -0.0000e+00 -0.0000e+00  2.3861e+01  1.5582e-02  5.0969e-03 -2.3749e+01 -6.5898e-03 -2.5870e-03
-3.2333e+00     2.0341e+00  5.9156e-05  1.9434e-04 -0.0000e+00 -0.0000e+00 -0.0000e+00  2.3886e+01  1.5582e-02  5.0991e-03 -2.3749e+01 -6.5898e-03 -2.5870e-03
-3.2250e+00     7.2624e-03  2.1797e-07  5.9312e-07 -0.0000e+00 -0.0000e+00 -0.0000e+00  2.3894e+01  1.5583e-02  5.0999e-03 -2.3749e+01 -6.5898e-03 -2.5870e-03
-3.2167e+00     9.7135e-02  5.9900e-05  1.6854e-05 -1.0630e+00 -4.8552e-05 -6.2538e-05  2.3894e+01  1.5583e-02  5.1000e-03 -2.3753e+01 -6.5900e-03 -2.5872e-03
-3.2083e+00     1.1374e+00  6.5545e-04  1.9336e-04 -2.6956e+00 -1.2196e-04 -1.6068e-04  2.3900e+01  1.5586e-02  5.1009e-03 -2.3769e+01 -6.5908e-03 -2.5882e-03
-3.2000e+00     2.1875e+00  1.2400e-03  3.8377e-04 -5.2379e+00 -2.0677e-04 -3.0843e-04  2.3913e+01  1.5594e-02  5.1033e-03 -2.3802e+01 -6.5921e-03 -2.5901e-03
-3.1917e+00     2.8899e+00  1.5674e-03  5.6692e-04 -7.5660e+00 -2.6172e-04 -4.5620e-04  2.3935e+01  1.5605e-02  5.1072e-03 -2.3855e+01 -6.5941e-03 -2.5933e-03
-3.1833e+00     3.6387e+00  1.9199e-03  7.7884e-04 -8.2632e+00 -2.5700e-04 -5.5926e-04  2.3962e+01  1.5620e-02  5.1128e-03 -2.3921e+01 -6.5962e-03 -2.5975e-03
-3.1750e+00     4.4338e+00  2.2975e-03  1.0195e-03 -1.1159e+01 -2.6120e-04 -9.6119e-04  2.3995e+01  1.5637e-02  5.1203e-03 -2.4002e+01 -6.5984e-03 -2.6039e-03
-3.1667e+00     5.7393e+00  2.8666e-03  1.4106e-03 -1.0657e+01 -2.7448e-04 -1.1716e-03  2.4038e+01  1.5659e-02  5.1304e-03 -2.4093e+01 -6.6006e-03 -2.6127e-03
-3.1583e+00     7.5814e+00  3.5594e-03  2.2638e-03 -1.0279e+01 -2.8490e-04 -1.2320e-03  2.4093e+01  1.5686e-02  5.1457e-03 -2.4180e+01 -6.6029e-03 -2.6227e-03
-3.1500e+00     9.6904e+00  4.2904e-03  3.6886e-03 -1.7368e+01 -5.6657e-04 -3.0734e-03  2.4165e+01  1.5718e-02  5.1705e-03 -2.4295e+01 -6.6065e-03 -2.6406e-03
-3.1417e+00     1.3027e+01  5.6156e-03  5.9702e-03 -4.0191e+01 -1.5505e-03 -1.0159e-02  2.4259e+01  1.5760e-02  5.2107e-03 -2.4534e+01 -6.6153e-03 -2.6957e-03
-3.1333e+00     1.8752e+01  9.2296e-03  1.3583e-02 -1.5740e+01 -6.5215e-04 -4.2915e-03  2.4392e+01  1.5821e-02  5.2920e-03 -2.4767e+01 -6.6244e-03 -2.7558e-03
-3.1250e+00     2.2893e+01  1.2568e-02  2.0342e-02 -2.0177e+00 -8.4404e-05 -4.2628e-04  2.4565e+01  1.5912e-02  5.4331e-03 -2.4841e+01 -6.6275e-03 -2.7754e-03
-3.1167e+00     3.3995e+01  2.0628e-02  1.4611e-02 -6.2120e+00 -2.6163e-04 -1.3572e-03  2.4801e+01  1.6050e-02  5.5785e-03 -2.4875e+01 -6.6290e-03 -2.7828e-03
-3.1083e+00     5.6125e+00  2.1138e-03  3.6329e-03 -8.8624e+00 -3.5971e-04 -1.7041e-03  2.4966e+01  1.6145e-02  5.6544e-03 -2.4938e+01 -6.6315e-03 -2.7956e-03
-3.1000e+00     7.8171e+00  2.8060e-03  5.2244e-03 -7.9756e+00 -3.4688e-04 -1.8539e-03  2.5022e+01  1.6165e-02  5.6912e-03 -2.5008e+01 -6.6345e-03 -2.8104e-03
-3.0917e+00     6.7055e+00  3.0394e-03  5.0471e-03 -9.8828e+00 -4.2764e-04 -2.3380e-03  2.5082e+01  1.6189e-02  5.7340e-03 -2.5082e+01 -6.6377e-03 -2.8278e-03
-3.0833e+00     8.1181e+00  3.7457e-03  6.3140e-03 -1.2588e+01 -5.2019e-04 -2.8767e-03  2.5144e+01  1.6218e-02  5.7812e-03 -2.5176e+01 -6.6416e-03 -2.8495e-03
-3.0750e+00     8.7131e+00  4.1667e-03  6.8761e-03 -1.8178e+01 -7.0299e-04 -3.4496e-03  2.5214e+01  1.6251e-02  5.8361e-03 -2.5304e+01 -6.6467e-03 -2.8758e-03
-3.0667e+00     1.4897e+01  6.7884e-03  1.1434e-02 -1.5818e+01 -6.8118e-04 -3.1015e-03  2.5312e+01  1.6296e-02  5.9123e-03 -2.5445e+01 -6.6525e-03 -2.9031e-03
-3.0583e+00     1.6583e+01  7.5260e-03  1.1183e-02 -9.9650e+00 -5.5545e-04 -2.6025e-03  2.5443e+01  1.6356e-02  6.0063e-03 -2.5552e+01 -6.6576e-03 -2.9268e-03
-3.0500e+00     1.1048e+01  6.9150e-03  6.7280e-03 -1.0051e+01 -5.6523e-04 -2.8044e-03  2.5558e+01  1.6416e-02  6.0808e-03 -2.5635e+01 -6.6623e-03 -2.9493e-03
-3.0417e+00     9.7182e+00  8.0587e-03  6.3006e-03 -7.9057e+00 -4.4243e-04 -2.4234e-03  2.5645e+01  1.6478e-02  6.1350e-03 -2.5710e+01 -6.6665e-03 -2.9710e-03
-3.0333e+00     1.0661e+01  1.0038e-02  7.6142e-03 -5.8342e+00 -3.2089e-04 -2.0225e-03  2.5729e+01  1.6553e-02  6.1929e-03 -2.5767e+01 -6.6697e-03 -2.9895e-03
-3.0250e+00     8.9227e+00  8.6348e-03  7.1337e-03 -3.8955e+00 -2.0781e-04 -1.3221e-03  2.5811e+01  1.6631e-02  6.2543e-03 -2.5808e+01 -6.6719e-03 -3.0034e-03
-3.0167e+00     6.5714e+00  6.7395e-03  6.2786e-03 -0.0000e+00 -0.0000e+00 -0.0000e+00  2.5875e+01  1.6695e-02  6.3101e-03 -2.5824e+01 -6.6727e-03 -3.0089e-03
-3.0083e+00     4.2816e+00  4.6525e-03  4.3429e-03 -0.0000e+00 -0.0000e+00 -0.0000e+00  2.5920e+01  1.6742e-02  6.3542e-03 -2.5824e+01 -6.6727e-03 -3.0089e-03
-3.0000e+00     0.0000e+00  0.0000e+00  0.0000e+00 -0.0000e+00 -0.0000e+00 -0.0000e+00  2.5938e+01  1.6762e-02  6.3723e-03 -2.5824e+01 -6.6727e-03 -3.0089e-03
-2.9917e+00     0.0000e+00  0.0000e+00  0.0000e+00 -0.0000e+00 -0.0000e+00 -0.0000e+00  2.5938e+01  1.6762e-02  6.3723e-03 -2.5824e+01 -6.6727e-03 -3.0089e-03
-2.9833e+00     0.0000e+00  0.0000e+00  0.0000e+00 -0.0000e+00 -0.0000e+00 -0.0000e+00  2.5938e+01  1.6762e-02  6.3723e-03 -2.5824e+01 -6.6727e-03 -3.0089e-03
-2.9750e+00     0.0000e+00  0.0000e+00  0.0000e+00 -3.8184e+00 -2.6629e-04 -9.5040e-04  2.5938e+01  1.6762e-02  6.3723e-03 -2.5840e+01 -6.6738e-03 -3.0129e-03
-2.9667e+00     0.0000e+00  0.0000e+00  0.0000e+00 -5.9244e+00 -4.0120e-04 -1.4196e-03  2.5938e+01  1.6762e-02  6.3723e-03 -2.5880e+01 -6.6766e-03 -3.0227e-03
-2.9583e+00     0.0000e+00  0.0000e+00  0.0000e+00 -9.1622e+00 -5.8099e-04 -1.9722e-03  2.5938e+01  1.6762e-02  6.3723e-03 -2.5943e+01 -6.6807e-03 -3.0369e-03
-2.9500e+00     0.0000e+00  0.0000e+00  0.0000e+00 -1.5208e+01 -8.8970e-04 -2.6738e-03  2.5938e+01  1.6762e-02  6.3723e-03 -2.6045e+01 -6.6868e-03 -3.0562e-03
-2.9417e+00     0.0000e+00  0.0000e+00  0.0000e+00 -2.0292e+01 -2.1270e-03 -5.8461e-03  2.5938e+01  1.6762e-02  6.3723e-03 -2.6192e+01 -6.6994e-03 -3.0916e-03
-2.9333e+00     6.7155e-01  1.3095e-03  3.8594e-04 -3.9813e+01 -4.4519e-03 -1.8032e-02  2.5941e+01  1.6767e-02  6.3739e-03 -2.6442e+01 -6.7267e-03 -3.1910e-03
-2.9250e+00     3.1761e+00  6.5462e-03  1.8642e-03 -1.2504e+01 -1.3302e-03 -5.4176e-03  2.5957e+01  1.6800e-02  6.3833e-03 -2.6660e+01 -6.7508e-03 -3.2885e-03
-2.9167e+00     5.3191e+00  1.0003e-02  2.9637e-03 -0.0000e+00 -0.0000e+00 -0.0000e+00  2.5992e+01  1.6869e-02  6.4034e-03 -2.6712e+01 -6.7563e-03 -3.3110e-03
-2.9083e+00     1.1156e+01  2.0890e-02  6.9388e-03 -0.0000e+00 -0.0000e+00 -0.0000e+00  2.6061e+01  1.6997e-02  6.4446e-03 -2.6712e+01 -6.7563e-03 -3.3110e-03
-2.9000e+00     2.9528e+01  7.8381e-02  2.5207e-02 -1.9664e+01 -2.2943e-03 -7.2885e-03  2.6230e+01  1.7410e-02  6.5783e-03 -2.6794e+01 -6.7659e-03 -3.3413e-03
-2.8917e+00     3.3263e+01  1.2143e-01  3.4245e-02 -1.7443e+01 -1.5767e-03 -8.0480e-03  2.6491e+01  1.8241e-02  6.8256e-03 -2.6948e+01 -6.7820e-03 -3.4051e-03
-2.8833e+00     1.6060e+01  1.2894e-01  3.2038e-02 -1.5527e+01 -1.1751e-03 -9.0992e-03  2.6697e+01  1.9283e-02  7.1013e-03 -2.7085e+01 -6.7934e-03 -3.4765e-03
-2.8750e+00     1.7639e+01  1.9402e-01  4.7806e-02 -2.1747e+01 -1.6225e-03 -1.5694e-02  2.6837e+01  2.0626e-02  7.4334e-03 -2.7240e+01 -6.8050e-03 -3.5796e-03
-2.8667e+00     4.1518e+00  1.8413e-02  5.2775e-03 -2.5212e+01 -1.7555e-03 -1.6094e-02  2.6927e+01  2.1510e-02  7.6542e-03 -2.7436e+01 -6.8191e-03 -3.7118e-03
-2.8583e+00     1.9136e+01  1.0561e-01  2.6554e-02 -1.8613e+01 -8.8141e-04 -1.0944e-02  2.7024e+01  2.2026e-02  7.7866e-03 -2.7618e+01 -6.8301e-03 -3.8243e-03
-2.8500e+00     4.0927e+01  3.1020e-01  7.7146e-02 -9.0480e-01 -3.1685e-05 -5.1363e-04  2.7274e+01  2.3755e-02  8.2180e-03 -2.7699e+01 -6.8339e-03 -3.8720e-03
-2.8417e+00     6.4258e+01  8.7108e-01  2.3008e-01 -0.0000e+00 -0.0000e+00 -0.0000e+00  2.7712e+01  2.8669e-02  9.4960e-03 -2.7703e+01 -6.8340e-03 -3.8741e-03
-2.8333e+00     0.0000e+00  0.0000e+00  0.0000e+00 -0.0000e+00 -0.0000e+00 -0.0000e+00  2.7979e+01  3.2293e-02  1.0453e-02 -2.7703e+01 -6.8340e-03 -3.8741e-03
-2.8250e+00     0.0000e+00  0.0000e+00  0.0000e+00 -0.0000e+00 -0.0000e+00 -0.0000e+00  2.7979e+01  3.2293e-02  1.0453e-02 -2.7703e+01 -6.8340e-03 -3.8741e-03
-2.8167e+00     0.0000e+00  0.0000e+00  0.0000e+00 -0.0000e+00 -0.0000e+00 -0.0000e+00  2.7979e+01  3.2293e-02  1.0453e-02 -2.7703e+01 -6.8340e-03 -3.8741e-03
-2.8083e+00     0.0000e+00  0.0000e+00  0.0000e+00 -0.0000e+00 -0.0000e+00 -0.0000e+00  2.7979e+01  3.2293e-02  1.0453e-02 -2.7703e+01 -6.8340e-03 -3.8741e-03
-2.8000e+00     0.0000e+00  0.0000e+00  0.0000e+00 -0.0000e+00 -0.0000e+00 -0.0000e+00  2.7979e+01  3.2293e-02  1.0453e-02 -2.7703e+01 -6.8340e-03 -3.8741e-03
-2.7917e+00     0.0000e+00  0.0000e+00  0.0000e+00 -0.0000e+00 -0.0000e+00 -0.0000e+00  2.7979e+01  3.2293e-02  1.0453e-02 -2.7703e+01 -6.8340e-03 -3.8741e-03
-2.7833e+00     0.0000e+00  0.0000e+00  0.0000e+00 -0.0000e+00 -0.0000e+00 -0.0000e+00  2.7979e+01  3.2293e-02  1.0453e-02 -2.7703e+01 -6.8340e-03 -3.8741e-03
-2.7750e+00     0.0000e+00  0.0000e+00  0.0000e+00 -7.9976e-01 -1.9765e-04 -6.3564e-03  2.7979e+01  3.2293e-02  1.0453e-02 -2.7706e+01 -6.8348e-03 -3.9005e-03
-2.7667e+00     0.0000e+00  0.0000e+00  0.0000e+00 -4.1831e+01 -1.1742e-02 -3.3052e-01  2.7979e+01  3.2293e-02  1.0453e-02 -2.7883e+01 -6.8845e-03 -5.3019e-03
-2.7583e+00     0.0000e+00  0.0000e+00  0.0000e+00 -2.9772e+01 -8.8622e-03 -2.2651e-01  2.7979e+01  3.2293e-02  1.0453e-02 -2.8181e+01 -6.9702e-03 -7.6190e-03
-2.7500e+00     0.0000e+00  0.0000e+00  0.0000e+00 -2.3100e+01 -7.5446e-03 -1.7506e-01  2.7979e+01  3.2293e-02  1.0453e-02 -2.8401e+01 -7.0384e-03 -9.2894e-03
-2.7417e+00     0.0000e+00  0.0000e+00  0.0000e+00 -0.0000e+00 -0.0000e+00 -0.0000e+00  2.7979e+01  3.2293e-02  1.0453e-02 -2.8497e+01 -7.0698e-03 -1.0018e-02
-2.7333e+00     0.0000e+00  0.0000e+00  0.0000e+00 -0.0000e+00 -0.0000e+00 -0.0000e+00  2.7979e+01  3.2293e-02  1.0453e-02 -2.8497e+01 -7.0698e-03 -1.0018e-02
-2.7250e+00     0.0000e+00  0.0000e+00  0.0000e+00 -0.0000e+00 -0.0000e+00 -0.0000e+00  2.7979e+01  3.2293e-02  1.0453e-02 -2.8497e+01 -7.0698e-03 -1.0018e-02
-2.7167e+00     0.0000e+00  0.0000e+00  0.0000e+00 -0.0000e+00 -0.0000e+00 -0.0000e+00  2.7979e+01  3.2293e-02  1.0453e-02 -2.8497e+01 -7.0698e-03 -1.0018e-02
-2.7083e+00     0.0000e+00  0.0000e+00  0.0000e+00 -0.0000e+00 -0.0000e+00 -0.0000e+00  2.7979e+01  3.2293e-02  1.0453e-02 -2.8497e+01 -7.0698e-03 -1.0018e-02
-2.7000e+00     0.0000e+00  0.0000e+00  0.0000e+00 -0.0000e+00 -0.0000e+00 -0.0000e+00  2.7979e+01  3.2293e-02  1.0453e-02 -2.8497e+01 -7.0698e-03 -1.0018e-02
-2.6917e+00     0.0000e+00  0.0000e+00  0.0000e+00 -0.0000e+00 -0.0000e+00 -0.0000e+00  2.7979e+01  3.2293e-02  1.0453e-02 -2.8497e+01 -7.0698e-03 -1.0018e-02
-2.6833e+00     0.0000e+00  0.0000e+00  0.0000e+00 -0.0000e+00 -0.0000e+00 -0.0000e+00  2.7979e+01  3.2293e-02  1.0453e-02 -2.8497e+01 -7.0698e-03 -1.0018e-02
-2.6750e+00     1.6206e-02  8.6487e-03  1.2804e-03 -0.0000e+00 -0.0000e+00 -0.0000e+00  2.7979e+01  3.2329e-02  1.0458e-02 -2.8497e+01 -7.0698e-03 -1.0018e-02
-2.6667e+00     1.5982e+01  8.6678e+00  1.2217e+00 -0.0000e+00 -0.0000e+00 -0.0000e+00  2.8046e+01  6.8420e-02  1.5546e-02 -2.8497e+01 -7.0698e-03 -1.0018e-02
-2.6583e+00     1.5231e+01  8.7216e+00  9.3340e-01 -0.0000e+00 -0.0000e+00 -0.0000e+00  2.8175e+01  1.4076e-01  2.4510e-02 -2.8497e+01 -7.0698e-03 -1.0018e-02
-2.6500e+00     2.1028e+01  1.2337e+01  1.1147e+00 -0.0000e+00 -0.0000e+00 -0.0000e+00  2.8326e+01  2.2835e-01  3.3030e-02 -2.8497e+01 -7.0698e-03 -1.0018e-02
-2.6417e+00     4.3684e+01  2.6708e+01  1.6808e+00 -0.0000e+00 -0.0000e+00 -0.0000e+00  2.8595e+01  3.9077e-01  4.4658e-02 -2.8497e+01 -7.0698e-03 -1.0018e-02
-2.6333e+00     2.6190e+01  1.6873e+01  6.4160e-01 -0.0000e+00 -0.0000e+00 -0.0000e+00  2.8886e+01  5.7205e-01  5.4319e-02 -2.8497e+01 -7.0698e-03 -1.0018e-02
-2.6250e+00     0.0000e+00  0.0000e+00  0.0000e+00 -0.0000e+00 -0.0000e+00 -0.0000e+00  2.8995e+01  6.4224e-01  5.6987e-02 -2.8497e+01 -7.0698e-03 -1.0018e-02
-2.6167e+00     0.0000e+00  0.0000e+00  0.0000e+00 -0.0000e+00 -0.0000e+00 -0.0000e+00  2.8995e+01  6.4224e-01  5.6987e-02 -2.8497e+01 -7.0698e-03 -1.0018e-02
-2.6083e+00     0.0000e+00  0.0000e+00  0.0000e+00 -3.0735e+01 -4.9330e-03 -2.4127e-02  2.8995e+01  6.4224e-01  5.6987e-02 -2.8625e+01 -7.0903e-03 -1.0118e-02
-2.6000e+00     0.0000e+00  0.0000e+00  0.0000e+00 -4.3597e+01 -5.5297e-03 -1.7678e-02  2.8995e+01  6.4224e-01  5.6987e-02 -2.8934e+01 -7.1339e-03 -1.0292e-02
-2.5917e+00     0.0000e+00  0.0000e+00  0.0000e+00 -2.8745e+01 -2.9139e-03 -8.4047e-03  2.8995e+01  6.4224e-01  5.6987e-02 -2.9235e+01 -7.1690e-03 -1.0400e-02
-2.5833e+00     0.0000e+00  0.0000e+00  0.0000e+00 -1.6862e+01 -1.4047e-03 -3.3161e-03  2.8995e+01  6.4224e-01  5.6987e-02 -2.9425e+01 -7.1869e-03 -1.0449e-02
-2.5750e+00     0.0000e+00  0.0000e+00  0.0000e+00 -1.2460e+01 -9.3388e-04 -2.0294e-03  2.8995e+01  6.4224e-01  5.6987e-02 -2.9547e+01 -7.1967e-03 -1.0471e-02
-2.5667e+00     0.0000e+00  0.0000e+00  0.0000e+00 -2.8232e+00 -1.8071e-04 -3.4802e-04  2.8995e+01  6.4224e-01  5.6987e-02 -2.9611e+01 -7.2013e-03 -1.0481e-02
-2.5583e+00     1.5431e+00  6.0060e-02  3.6484e-02 -0.0000e+00 -0.0000e+00 -0.0000e+00  2.9001e+01  6.4249e-01  5.7139e-02 -2.9622e+01 -7.2021e-03 -1.0483e-02
-2.5500e+00     1.3518e+01  3.5440e-01  1.9941e-01 -0.0000e+00 -0.0000e+00 -0.0000e+00  2.9064e+01  6.4422e-01  5.8120e-02 -2.9622e+01 -7.2021e-03 -1.0483e-02
-2.5417e+00     1.4341e+01  2.8296e-01  1.6165e-01 -0.0000e+00 -0.0000e+00 -0.0000e+00  2.9180e+01  6.4687e-01  5.9622e-02 -2.9622e+01 -7.2021e-03 -1.0483e-02
-2.5333e+00     1.8630e+01  2.9370e-01  1.6538e-01 -0.0000e+00 -0.0000e+00 -0.0000e+00  2.9317e+01  6.4927e-01  6.0983e-02 -2.9622e+01 -7.2021e-03 -1.0483e-02
-2.5250e+00     1.7246e+01  2.5208e-01  1.6758e-01 -0.0000e+00 -0.0000e+00 -0.0000e+00  2.9466e+01  6.5154e-01  6.2368e-02 -2.9622e+01 -7.2021e-03 -1.0483e-02
-2.5167e+00     1.7224e+01  2.5234e-01  1.9268e-01 -0.0000e+00 -0.0000e+00 -0.0000e+00  2.9610e+01  6.5363e-01  6.3866e-02 -2.9622e+01 -7.2021e-03 -1.0483e-02
-2.5083e+00     1.3786e+01  1.6653e-01  1.2627e-01 -0.0000e+00 -0.0000e+00 -0.0000e+00  2.9739e+01  6.5538e-01  6.5193e-02 -2.9622e+01 -7.2021e-03 -1.0483e-02
-2.5000e+00     1.0225e+01  9.4533e-02  7.5479e-02 -0.0000e+00 -0.0000e+00 -0.0000e+00  2.9839e+01  6.5646e-01  6.6032e-02 -2.9622e+01 -7.2021e-03 -1.0483e-02
-2.4917e+00     8.6183e+00  6.1073e-02  5.0669e-02 -0.0000e+00 -0.0000e+00 -0.0000e+00  2.9917e+01  6.5711e-01  6.6557e-02 -2.9622e+01 -7.2021e-03 -1.0483e-02
-2.4833e+00     5.4515e-01  3.5153e-03  3.0775e-03 -0.0000e+00 -0.0000e+00 -0.0000e+00  2.9955e+01  6.5738e-01  6.6781e-02 -2.9622e+01 -7.2021e-03 -1.0483e-02
-2.4750e+00     0.0000e+00  0.0000e+00  0.0000e+00 -0.0000e+00 -0.0000e+00 -0.0000e+00  2.9957e+01  6.5739e-01  6.6793e-02 -2.9622e+01 -7.2021e-03 -1.0483e-02
-2.4667e+00     2.7207e+00  1.8290e-01  1.3249e+00 -0.0000e+00 -0.0000e+00 -0.0000e+00  2.9969e+01  6.5815e-01  7.2305e-02 -2.9622e+01 -7.2021e-03 -1.0483e-02
-2.4583e+00     7.4875e+00  4.9628e-01  3.6550e+00 -0.0000e+00 -0.0000e+00 -0.0000e+00  3.0011e+01  6.6098e-01  9.3019e-02 -2.9622e+01 -7.2021e-03 -1.0483e-02
-2.4500e+00     8.7895e+00  6.2683e-01  4.2880e+00 -0.0000e+00 -0.0000e+00 -0.0000e+00  3.0079e+01  6.6565e-01  1.2606e-01 -2.9622e+01 -7.2021e-03 -1.0483e-02
-2.4417e+00     1.0831e+01  8.2144e-01  5.2850e+00 -0.0000e+00 -0.0000e+00 -0.0000e+00  3.0160e+01  6.7168e-01  1.6588e-01 -2.9622e+01 -7.2021e-03 -1.0483e-02
-2.4333e+00     1.3286e+01  9.8530e-01  6.5199e+00 -0.0000e+00 -0.0000e+00 -0.0000e+00  3.0261e+01  6.7919e-01  2.1499e-01 -2.9622e+01 -7.2021e-03 -1.0483e-02
-2.4250e+00     2.1086e+01  1.4389e+00  1.0471e+01 -0.0000e+00 -0.0000e+00 -0.0000e+00  3.0404e+01  6.8927e-01  2.8567e-01 -2.9622e+01 -7.2021e-03 -1.0483e-02
-2.4167e+00     2.3559e+01  2.3961e+00  1.1303e+01 -8.4773e+00 -1.2088e-03 -1.7515e-03  3.0589e+01  7.0523e-01  3.7624e-01 -2.9658e+01 -7.2071e-03 -1.0490e-02
-2.4083e+00     1.9054e+01  1.7028e+00  9.3237e+00 -1.1984e+01 -1.6333e-03 -2.3102e-03  3.0767e+01  7.2228e-01  4.6204e-01 -2.9743e+01 -7.2189e-03 -1.0507e-02
-2.4000e+00     1.6207e+01  1.3248e+00  8.0589e+00 -1.4481e+01 -2.3528e-03 -2.9199e-03  3.0913e+01  7.3487e-01  5.3435e-01 -2.9853e+01 -7.2355e-03 -1.0529e-02
-2.3917e+00     0.0000e+00  0.0000e+00  0.0000e+00 -1.5270e+01 -2.4170e-03 -3.2358e-03  3.0981e+01  7.4038e-01  5.6787e-01 -2.9977e+01 -7.2553e-03 -1.0554e-02
-2.3833e+00     0.0000e+00  0.0000e+00  0.0000e+00 -1.1168e+01 -1.4695e-03 -2.3037e-03  3.0981e+01  7.4038e-01  5.6787e-01 -3.0087e+01 -7.2715e-03 -1.0577e-02
-2.3750e+00     0.0000e+00  0.0000e+00  0.0000e+00 -1.1241e+01 -1.3045e-03 -2.3021e-03  3.0981e+01  7.4038e-01  5.6787e-01 -3.0180e+01 -7.2830e-03 -1.0596e-02
-2.3667e+00     0.0000e+00  0.0000e+00  0.0000e+00 -1.4250e+01 -1.4300e-03 -2.7761e-03  3.0981e+01  7.4038e-01  5.6787e-01 -3.0286e+01 -7.2944e-03 -1.0618e-02
-2.3583e+00     0.0000e+00  0.0000e+00  0.0000e+00 -2.3044e+01 -2.1514e-03 -4.8101e-03  3.0981e+01  7.4038e-01  5.6787e-01 -3.0441e+01 -7.3093e-03 -1.0649e-02
-2.3500e+00     0.0000e+00  0.0000e+00  0.0000e+00 -1.3438e+01 -8.2495e-04 -2.8029e-03  3.0981e+01  7.4038e-01  5.6787e-01 -3.0593e+01 -7.3217e-03 -1.0681e-02
-2.3417e+00     0.0000e+00  0.0000e+00  0.0000e+00 -0.0000e+00 -0.0000e+00 -0.0000e+00  3.0981e+01  7.4038e-01  5.6787e-01 -3.0649e+01 -7.3251e-03 -1.0692e-02
-2.3333e+00     0.0000e+00  0.0000e+00  0.0000e+00 -0.0000e+00 -0.0000e+00 -0.0000e+00  3.0981e+01  7.4038e-01  5.6787e-01 -3.0649e+01 -7.3251e-03 -1.0692e-02
-2.3250e+00     0.0000e+00  0.0000e+00  0.0000e+00 -0.0000e+00 -0.0000e+00 -0.0000e+00  3.0981e+01  7.4038e-01  5.6787e-01 -3.0649e+01 -7.3251e-03 -1.0692e-02
-2.3167e+00     0.0000e+00  0.0000e+00  0.0000e+00 -0.0000e+00 -0.0000e+00 -0.0000e+00  3.0981e+01  7.4038e-01  5.6787e-01 -3.0649e+01 -7.3251e-03 -1.0692e-02
-2.3083e+00     0.0000e+00  0.0000e+00  0.0000e+00 -0.0000e+00 -0.0000e+00 -0.0000e+00  3.0981e+01  7.4038e-01  5.6787e-01 -3.0649e+01 -7.3251e-03 -1.0692e-02
-2.3000e+00     0.0000e+00  0.0000e+00  0.0000e+00 -0.0000e+00 -0.0000e+00 -0.0000e+00  3.0981e+01  7.4038e-01  5.6787e-01 -3.0649e+01 -7.3251e-03 -1.0692e-02
-2.2917e+00     0.0000e+00  0.0000e+00  0.0000e+00 -0.0000e+00 -0.0000e+00 -0.0000e+00  3.0981e+01  7.4038e-01  5.6787e-01 -3.0649e+01 -7.3251e-03 -1.0692e-02
-2.2833e+00     0.0000e+00  0.0000e+00  0.0000e+00 -0.0000e+00 -0.0000e+00 -0.0000e+00  3.0981e+01  7.4038e-01  5.6787e-01 -3.0649e+01 -7.3251e-03 -1.0692e-02
-2.2750e+00     0.0000e+00  0.0000e+00  0.0000e+00 -0.0000e+00 -0.0000e+00 -0.0000e+00  3.0981e+01  7.4038e-01  5.6787e-01 -3.0649e+01 -7.3251e-03 -1.0692e-02
-2.2667e+00     0.0000e+00  0.0000e+00  0.0000e+00 -0.0000e+00 -0.0000e+00 -0.0000e+00  3.0981e+01  7.4038e-01  5.6787e-01 -3.0649e+01 -7.3251e-03 -1.0692e-02
-2.2583e+00     0.0000e+00  0.0000e+00  0.0000e+00 -0.0000e+00 -0.0000e+00 -0.0000e+00  3.0981e+01  7.4038e-01  5.6787e-01 -3.0649e+01 -7.3251e-03 -1.0692e-02
-2.2500e+00     0.0000e+00  0.0000e+00  0.0000e+00 -0.0000e+00 -0.0000e+00 -0.0000e+00  3.0981e+01  7.4038e-01  5.6787e-01 -3.0649e+01 -7.3251e-03 -1.0692e-02
-2.2417e+00     0.0000e+00  0.0000e+00  0.0000e+00 -0.0000e+00 -0.0000e+00 -0.0000e+00  3.0981e+01  7.4038e-01  5.6787e-01 -3.0649e+01 -7.3251e-03 -1.0692e-02
-2.2333e+00     0.0000e+00  0.0000e+00  0.0000e+00 -0.0000e+00 -0.0000e+00 -0.0000e+00  3.0981e+01  7.4038e-01  5.6787e-01 -3.0649e+01 -7.3251e-03 -1.0692e-02
-2.2250e+00     0.0000e+00  0.0000e+00  0.0000e+00 -0.0000e+00 -0.0000e+00 -0.0000e+00  3.0981e+01  7.4038e-01  5.6787e-01 -3.0649e+01 -7.3251e-03 -1.0692e-02
-2.2167e+00     0.0000e+00  0.0000e+00  0.0000e+00 -0.0000e+00 -0.0000e+00 -0.0000e+00  3.0981e+01  7.4038e-01  5.6787e-01 -3.0649e+01 -7.3251e-03 -1.0692e-02
-2.2083e+00     0.0000e+00  0.0000e+00  0.0000e+00 -0.0000e+00 -0.0000e+00 -0.0000e+00  3.0981e+01  7.4038e-01  5.6787e-01 -3.0649e+01 -7.3251e-03 -1.0692e-02
-2.2000e+00     0.0000e+00  0.0000e+00  0.0000e+00 -0.0000e+00 -0.0000e+00 -0.0000e+00  3.0981e+01  7.4038e-01  5.6787e-01 -3.0649e+01 -7.3251e-03 -1.0692e-02
-2.1917e+00     0.0000e+00  0.0000e+00  0.0000e+00 -0.0000e+00 -0.0000e+00 -0.0000e+00  3.0981e+01  7.4038e-01  5.6787e-01 -3.0649e+01 -7.3251e-03 -1.0692e-02
-2.1833e+00     0.0000e+00  0.0000e+00  0.0000e+00 -0.0000e+00 -0.0000e+00 -0.0000e+00  3.0981e+01  7.4038e-01  5.6787e-01 -3.0649e+01 -7.3251e-03 -1.0692e-02
-2.1750e+00     0.0000e+00  0.0000e+00  0.0000e+00 -0.0000e+00 -0.0000e+00 -0.0000e+00  3.0981e+01  7.4038e-01  5.6787e-01 -3.0649e+01 -7.3251e-03 -1.0692e-02
-2.1667e+00     0.0000e+00  0.0000e+00  0.0000e+00 -0.0000e+00 -0.0000e+00 -0.0000e+00  3.0981e+01  7.4038e-01  5.6787e-01 -3.0649e+01 -7.3251e-03 -1.0692e-02
-2.1583e+00     0.0000e+00  0.0000e+00  0.0000e+00 -0.0000e+00 -0.0000e+00 -0.0000e+00  3.0981e+01  7.4038e-01  5.6787e-01 -3.0649e+01 -7.3251e-03 -1.0692e-02
-2.1500e+00     0.0000e+00  0.0000e+00  0.0000e+00 -0.0000e+00 -0.0000e+00 -0.0000e+00  3.0981e+01  7.4038e-01  5.6787e-01 -3.0649e+01 -7.3251e-03 -1.0692e-02
-2.1417e+00     0.0000e+00  0.0000e+00  0.0000e+00 -0.0000e+00 -0.0000e+00 -0.0000e+00  3.0981e+01  7.4038e-01  5.6787e-01 -3.0649e+01 -7.3251e-03 -1.0692e-02
-2.1333e+00     0.0000e+00  0.0000e+00  0.0000e+00 -0.0000e+00 -0.0000e+00 -0.0000e+00  3.0981e+01  7.4038e-01  5.6787e-01 -3.0649e+01 -7.3251e-03 -1.0692e-02
-2.1250e+00     0.0000e+00  0.0000e+00  0.0000e+00 -0.0000e+00 -0.0000e+00 -0.0000e+00  3.0981e+01  7.4038e-01  5.6787e-01 -3.0649e+01 -7.3251e-03 -1.0692e-02
-2.1167e+00     0.0000e+00  0.0000e+00  0.0000e+00 -0.0000e+00 -0.0000e+00 -0.0000e+00  3.0981e+01  7.4038e-01  5.6787e-01 -3.0649e+01 -7.3251e-03 -1.0692e-02
-2.1083e+00     0.0000e+00  0.0000e+00  0.0000e+00 -0.0000e+00 -0.0000e+00 -0.0000e+00  3.0981e+01  7.4038e-01  5.6787e-01 -3.0649e+01 -7.3251e-03 -1.0692e-02
-2.1000e+00     0.0000e+00  0.0000e+00  0.0000e+00 -0.0000e+00 -0.0000e+00 -0.0000e+00  3.0981e+01  7.4038e-01  5.6787e-01 -3.0649e+01 -7.3251e-03 -1.0692e-02
-2.0917e+00     0.0000e+00  0.0000e+00  0.0000e+00 -0.0000e+00 -0.0000e+00 -0.0000e+00  3.0981e+01  7.4038e-01  5.6787e-01 -3.0649e+01 -7.3251e-03 -1.0692e-02
-2.0833e+00     0.0000e+00  0.0000e+00  0.0000e+00 -0.0000e+00 -0.0000e+00 -0.0000e+00  3.0981e+01  7.4038e-01  5.6787e-01 -3.0649e+01 -7.3251e-03 -1.0692e-02
-2.0750e+00     0.0000e+00  0.0000e+00  0.0000e+00 -0.0000e+00 -0.0000e+00 -0.0000e+00  3.0981e+01  7.4038e-01  5.6787e-01 -3.0649e+01 -7.3251e-03 -1.0692e-02
-2.0667e+00     0.0000e+00  0.0000e+00  0.0000e+00 -0.0000e+00 -0.0000e+00 -0.0000e+00  3.0981e+01  7.4038e-01  5.6787e-01 -3.0649e+01 -7.3251e-03 -1.0692e-02
-2.0583e+00     0.0000e+00  0.0000e+00  0.0000e+00 -0.0000e+00 -0.0000e+00 -0.0000e+00  3.0981e+01  7.4038e-01  5.6787e-01 -3.0649e+01 -7.3251e-03 -1.0692e-02
-2.0500e+00     0.0000e+00  0.0000e+00  0.0000e+00 -0.0000e+00 -0.0000e+00 -0.0000e+00  3.0981e+01  7.4038e-01  5.6787e-01 -3.0649e+01 -7.3251e-03 -1.0692e-02
-2.0417e+00     0.0000e+00  0.0000e+00  0.0000e+00 -0.0000e+00 -0.0000e+00 -0.0000e+00  3.0981e+01  7.4038e-01  5.6787e-01 -3.0649e+01 -7.3251e-03 -1.0692e-02
-2.0333e+00     4.3229e+01  3.7894e-02  1.6989e-01 -0.0000e+00 -0.0000e+00 -0.0000e+00  3.1161e+01  7.4054e-01  5.6858e-01 -3.0649e+01 -7.3251e-03 -1.0692e-02
-2.0250e+00     2.6865e+01  2.3017e-02  9.3694e-02 -2.6364e+00 -1.6341e-03 -3.3148e-03  3.1452e+01  7.4079e-01  5.6967e-01 -3.0660e+01 -7.3319e-03 -1.0706e-02
-2.0167e+00     2.2516e+01  2.0461e-02  9.3692e-02 -1.2766e+01 -8.6806e-03 -2.3960e-02  3.1658e+01  7.4097e-01  5.7045e-01 -3.0724e+01 -7.3748e-03 -1.0820e-02
-2.0083e+00     1.4363e+01  1.2998e-02  5.3384e-02 -2.4136e+01 -1.9481e-02 -5.5121e-02  3.1811e+01  7.4111e-01  5.7107e-01 -3.0877e+01 -7.4920e-03 -1.1149e-02
-2.0000e+00     9.9663e+00  9.2729e-03  3.2649e-02 -2.4118e+01 -2.4619e-02 -9.5315e-02  3.1912e+01  7.4121e-01  5.7142e-01 -3.1078e+01 -7.6754e-03 -1.1774e-02
-1.9917e+00     0.0000e+00  0.0000e+00  0.0000e+00 -4.1374e+01 -5.1010e-02 -2.0071e-01  3.1954e+01  7.4124e-01  5.7156e-01 -3.1350e+01 -7.9900e-03 -1.3006e-02
-1.9833e+00     0.0000e+00  0.0000e+00  0.0000e+00 -1.6760e+01 -2.4104e-02 -1.1049e-01  3.1954e+01  7.4124e-01  5.7156e-01 -3.1592e+01 -8.3025e-03 -1.4300e-02
-1.9750e+00     0.0000e+00  0.0000e+00  0.0000e+00 -0.0000e+00 -0.0000e+00 -0.0000e+00  3.1954e+01  7.4124e-01  5.7156e-01 -3.1662e+01 -8.4027e-03 -1.4760e-02
-1.9667e+00     9.1131e+00  1.2378e-02  1.3958e-02 -2.5598e-01 -1.2601e-04 -9.9838e-04  3.1992e+01  7.4130e-01  5.7162e-01 -3.1663e+01 -8.4033e-03 -1.4764e-02
-1.9583e+00     1.3892e+01  1.8358e-02  2.6817e-02 -1.2100e+01 -7.8494e-03 -3.7829e-02  3.2087e+01  7.4142e-01  5.7179e-01 -3.1714e+01 -8.4364e-03 -1.4926e-02
-1.9500e+00     2.0921e+01  2.5655e-02  6.2940e-02 -2.9951e+01 -2.2613e-02 -9.8246e-02  3.2232e+01  7.4161e-01  5.7216e-01 -3.1889e+01 -8.5631e-03 -1.5492e-02
-1.9417e+00     4.9566e+01  4.5328e-02  1.8241e-01 -3.0116e+01 -2.0585e-02 -1.5134e-01  3.2525e+01  7.4190e-01  5.7318e-01 -3.2139e+01 -8.7428e-03 -1.6530e-02
-1.9333e+00     1.1385e+01  9.7887e-03  2.9675e-02 -1.7031e+01 -1.2186e-02 -7.0939e-02  3.2779e+01  7.4213e-01  5.7406e-01 -3.2335e+01 -8.8791e-03 -1.7454e-02
-1.9250e+00     1.0222e+01  1.2776e-02  2.1193e-02 -1.3603e+01 -9.8553e-03 -4.9039e-02  3.2869e+01  7.4222e-01  5.7428e-01 -3.2463e+01 -8.9708e-03 -1.7954e-02
-1.9167e+00     2.8472e+00  3.1497e-03  4.9509e-03 -1.1246e+01 -7.6771e-03 -3.4678e-02  3.2923e+01  7.4229e-01  5.7438e-01 -3.2566e+01 -9.0438e-03 -1.8302e-02
-1.9083e+00     2.6236e+00  2.1811e-03  3.2817e-03 -3.7676e+00 -2.3053e-03 -9.9607e-03  3.2946e+01  7.4231e-01  5.7442e-01 -3.2628e+01 -9.0853e-03 -1.8487e-02
-1.9000e+00     4.4907e+00  3.9379e-03  6.1556e-03 -1.4735e+00 -8.9889e-04 -3.8941e-03  3.2975e+01  7.4234e-01  5.7446e-01 -3.2650e+01 -9.0986e-03 -1.8545e-02
-1.8917e+00     6.6069e+00  6.7984e-03  1.1585e-02 -0.0000e+00 -0.0000e+00 -0.0000e+00  3.3022e+01  7.4238e-01  5.7453e-01 -3.2656e+01 -9.1024e-03 -1.8561e-02
-1.8833e+00     2.5785e+01  2.8360e-02  3.2929e-02 -0.0000e+00 -0.0000e+00 -0.0000e+00  3.3156e+01  7.4253e-01  5.7472e-01 -3.2656e+01 -9.1024e-03 -1.8561e-02
-1.8750e+00     2.3848e+01  2.2464e-02  3.2717e-02 -0.0000e+00 -0.0000e+00 -0.0000e+00  3.3363e+01  7.4274e-01  5.7499e-01 -3.2656e+01 -9.1024e-03 -1.8561e-02
-1.8667e+00     2.1173e+01  1.7626e-02  3.4575e-02 -0.0000e+00 -0.0000e+00 -0.0000e+00  3.3550e+01  7.4291e-01  5.7527e-01 -3.2656e+01 -9.1024e-03 -1.8561e-02
-1.8583e+00     1.9156e+01  1.7059e-02  4.7135e-02 -0.0000e+00 -0.0000e+00 -0.0000e+00  3.3718e+01  7.4305e-01  5.7561e-01 -3.2656e+01 -9.1024e-03 -1.8561e-02
-1.8500e+00     1.6275e+01  1.4994e-02  5.2844e-02 -1.1090e+00 -2.0654e-03 -1.0212e-02  3.3865e+01  7.4319e-01  5.7603e-01 -3.2661e+01 -9.1109e-03 -1.8604e-02
-1.8417e+00     0.0000e+00  0.0000e+00  0.0000e+00 -1.1268e+01 -2.2773e-02 -9.8074e-02  3.3933e+01  7.4325e-01  5.7624e-01 -3.2712e+01 -9.2143e-03 -1.9054e-02
-1.8333e+00     0.0000e+00  0.0000e+00  0.0000e+00 -3.0510e+01 -4.1749e-02 -1.7718e-01  3.3933e+01  7.4325e-01  5.7624e-01 -3.2886e+01 -9.4827e-03 -2.0199e-02
-1.8250e+00     0.0000e+00  0.0000e+00  0.0000e+00 -2.6934e+01 -3.4964e-02 -1.3479e-01  3.3933e+01  7.4325e-01  5.7624e-01 -3.3125e+01 -9.8018e-03 -2.1497e-02
-1.8167e+00     2.9279e+00  2.5060e-03  1.9868e-02 -2.0630e+01 -3.0017e-02 -1.2467e-01  3.3945e+01  7.4326e-01  5.7633e-01 -3.3323e+01 -1.0072e-02 -2.2576e-02
-1.8083e+00     9.3074e+00  8.1624e-03  6.3840e-02 -2.4571e+01 -3.6111e-02 -1.5956e-01  3.3996e+01  7.4330e-01  5.7668e-01 -3.3511e+01 -1.0347e-02 -2.3758e-02
-1.8000e+00     1.2089e+01  1.0586e-02  8.3047e-02 -1.6633e+00 -1.8934e-03 -8.6232e-03  3.4085e+01  7.4338e-01  5.7729e-01 -3.3620e+01 -1.0505e-02 -2.4458e-02
-1.7917e+00     1.4884e+01  1.2264e-02  1.1762e-01 -0.0000e+00 -0.0000e+00 -0.0000e+00  3.4197e+01  7.4348e-01  5.7812e-01 -3.3627e+01 -1.0513e-02 -2.4494e-02
-1.7833e+00     1.5852e+01  1.1850e-02  1.5207e-01 -1.4632e+00 -9.0380e-04 -2.7892e-03  3.4325e+01  7.4358e-01  5.7924e-01 -3.3633e+01 -1.0517e-02 -2.4506e-02
-1.7750e+00     1.9943e+01  1.3414e-02  2.2729e-01 -3.6414e+00 -2.2353e-03 -7.1935e-03  3.4474e+01  7.4368e-01  5.8082e-01 -3.3654e+01 -1.0530e-02 -2.4547e-02
-1.7667e+00     1.8977e+01  1.1799e-02  2.4113e-01 -9.9176e+00 -7.0649e-03 -2.4869e-02  3.4636e+01  7.4379e-01  5.8277e-01 -3.3711e+01 -1.0569e-02 -2.4680e-02
-1.7583e+00     1.2582e+01  7.6810e-03  1.2421e-01 -1.3997e+01 -2.0858e-02 -8.6232e-02  3.4767e+01  7.4387e-01  5.8429e-01 -3.3810e+01 -1.0685e-02 -2.5143e-02
-1.7500e+00     1.0580e+01  5.8428e-03  9.2399e-02 -1.6248e+01 -2.2906e-02 -9.9435e-02  3.4863e+01  7.4392e-01  5.8519e-01 -3.3936e+01 -1.0867e-02 -2.5915e-02
-1.7417e+00     2.1848e+00  1.2684e-03  2.0105e-02 -1.4464e+01 -1.9253e-02 -8.8342e-02  3.4917e+01  7.4395e-01  5.8566e-01 -3.4064e+01 -1.1042e-02 -2.6696e-02
-1.7333e+00     0.0000e+00  0.0000e+00  0.0000e+00 -1.4222e+01 -1.8226e-02 -8.4990e-02  3.4926e+01  7.4396e-01  5.8574e-01 -3.4183e+01 -1.1198e-02 -2.7417e-02
-1.7250e+00     0.0000e+00  0.0000e+00  0.0000e+00 -1.2264e+01 -1.5313e-02 -7.3248e-02  3.4926e+01  7.4396e-01  5.8574e-01 -3.4293e+01 -1.1338e-02 -2.8075e-02
-1.7167e+00     0.0000e+00  0.0000e+00  0.0000e+00 -1.3291e+01 -1.7955e-02 -8.4870e-02  3.4926e+01  7.4396e-01  5.8574e-01 -3.4400e+01 -1.1476e-02 -2.8733e-02
-1.7083e+00     5.0575e+01  3.6206e-02  1.1447e+00 -7.4308e+00 -8.5067e-03 -4.6292e-02  3.5136e+01  7.4411e-01  5.9050e-01 -3.4486e+01 -1.1586e-02 -2.9279e-02
-1.7000e+00     6.3505e+01  4.6267e-02  1.4490e+00 -5.7227e+00 -5.0917e-03 -3.7067e-02  3.5611e+01  7.4445e-01  6.0129e-01 -3.4541e+01 -1.1643e-02 -2.9625e-02
-1.6917e+00     1.0931e-01  6.9459e-05  3.0471e-03 -3.2013e+00 -2.6305e-03 -2.1246e-02  3.5875e+01  7.4464e-01  6.0733e-01 -3.4578e+01 -1.1675e-02 -2.9868e-02
-1.6833e+00     0.0000e+00  0.0000e+00  0.0000e+00 -1.3602e+00 -8.6878e-04 -8.9349e-03  3.5876e+01  7.4464e-01  6.0735e-01 -3.4597e+01 -1.1689e-02 -2.9993e-02
-1.6750e+00     0.0000e+00  0.0000e+00  0.0000e+00 -3.2407e-01 -1.9134e-04 -1.9277e-03  3.5876e+01  7.4464e-01  6.0735e-01 -3.4604e+01 -1.1694e-02 -3.0039e-02
-1.6667e+00     0.0000e+00  0.0000e+00  0.0000e+00 -0.0000e+00 -0.0000e+00 -0.0000e+00  3.5876e+01  7.4464e-01  6.0735e-01 -3.4605e+01 -1.1694e-02 -3.0047e-02
-1.6583e+00     0.0000e+00  0.0000e+00  0.0000e+00 -0.0000e+00 -0.0000e+00 -0.0000e+00  3.5876e+01  7.4464e-01  6.0735e-01 -3.4605e+01 -1.1694e-02 -3.0047e-02
-1.6500e+00     0.0000e+00  0.0000e+00  0.0000e+00 -0.0000e+00 -0.0000e+00 -0.0000e+00  3.5876e+01  7.4464e-01  6.0735e-01 -3.4605e+01 -1.1694e-02 -3.0047e-02
-1.6417e+00     0.0000e+00  0.0000e+00  0.0000e+00 -0.0000e+00 -0.0000e+00 -0.0000e+00  3.5876e+01  7.4464e-01  6.0735e-01 -3.4605e+01 -1.1694e-02 -3.0047e-02
-1.6333e+00     0.0000e+00  0.0000e+00  0.0000e+00 -0.0000e+00 -0.0000e+00 -0.0000e+00  3.5876e+01  7.4464e-01  6.0735e-01 -3.4605e+01 -1.1694e-02 -3.0047e-02
-1.6250e+00     0.0000e+00  0.0000e+00  0.0000e+00 -0.0000e+00 -0.0000e+00 -0.0000e+00  3.5876e+01  7.4464e-01  6.0735e-01 -3.4605e+01 -1.1694e-02 -3.0047e-02
-1.6167e+00     0.0000e+00  0.0000e+00  0.0000e+00 -0.0000e+00 -0.0000e+00 -0.0000e+00  3.5876e+01  7.4464e-01  6.0735e-01 -3.4605e+01 -1.1694e-02 -3.0047e-02
-1.6083e+00     0.0000e+00  0.0000e+00  0.0000e+00 -8.0224e-01 -1.9478e-02 -2.2103e-01  3.5876e+01  7.4464e-01  6.0735e-01 -3.4608e+01 -1.1776e-02 -3.0966e-02
-1.6000e+00     0.0000e+00  0.0000e+00  0.0000e+00 -5.1635e+00 -8.7899e-02 -1.2432e+00  3.5876e+01  7.4464e-01  6.0735e-01 -3.4633e+01 -1.2222e-02 -3.7057e-02
-1.5917e+00     1.2084e+01  1.0434e-03  1.5204e-03 -7.6082e+00 -1.2311e-01 -1.8509e+00  3.5926e+01  7.4465e-01  6.0735e-01 -3.4686e+01 -1.3100e-02 -4.9928e-02
-1.5833e+00     1.2226e+01  2.1132e-03  4.9393e-03 -9.1782e+00 -1.4404e-01 -2.2457e+00  3.6027e+01  7.4466e-01  6.0738e-01 -3.4756e+01 -1.4211e-02 -6.6969e-02
-1.5750e+00     1.4338e+01  2.9604e-03  9.0690e-03 -1.1072e+01 -1.8396e-01 -2.7510e+00  3.6138e+01  7.4468e-01  6.0744e-01 -3.4840e+01 -1.5576e-02 -8.7754e-02
-1.5667e+00     1.6320e+01  3.6482e-03  1.6312e-02 -1.2971e+01 -2.2680e-01 -3.3298e+00  3.6265e+01  7.4471e-01  6.0754e-01 -3.4940e+01 -1.7284e-02 -1.1305e-01
-1.5583e+00     1.8961e+01  4.4458e-03  2.5571e-02 -1.2492e+01 -2.0857e-01 -3.2599e+00  3.6412e+01  7.4474e-01  6.0772e-01 -3.5046e+01 -1.9095e-02 -1.4046e-01
-1.5500e+00     2.4790e+01  5.9089e-03  3.8128e-02 -1.2638e+01 -2.0077e-01 -3.3261e+00  3.6594e+01  7.4479e-01  6.0798e-01 -3.5151e+01 -2.0798e-02 -1.6786e-01
-1.5417e+00     2.1186e+01  6.2103e-03  3.2869e-02 -1.5005e+01 -2.1199e-01 -3.9200e+00  3.6785e+01  7.4484e-01  6.0828e-01 -3.5266e+01 -2.2515e-02 -1.9800e-01
-1.5333e+00     4.3861e+00  1.7482e-03  4.9052e-03 -1.4355e+01 -1.6336e-01 -3.9346e+00  3.6891e+01  7.4487e-01  6.0843e-01 -3.5388e+01 -2.4076e-02 -2.3067e-01
-1.5250e+00     2.1316e+00  5.0289e-04  6.0670e-03 -1.6697e+01 -1.5819e-01 -4.1501e+00  3.6919e+01  7.4488e-01  6.0848e-01 -3.5517e+01 -2.5414e-02 -2.6430e-01
-1.5167e+00     4.0204e+00  8.7186e-04  1.1061e-02 -1.7214e+01 -1.4121e-01 -3.9100e+00  3.6944e+01  7.4489e-01  6.0855e-01 -3.5658e+01 -2.6659e-02 -2.9783e-01
-1.5083e+00     5.0654e+00  1.0313e-03  1.3210e-02 -1.8649e+01 -1.4342e-01 -4.5841e+00  3.6982e+01  7.4489e-01  6.0865e-01 -3.5807e+01 -2.7843e-02 -3.3316e-01
-1.5000e+00     5.8091e+00  1.1223e-03  1.4453e-02 -1.8330e+01 -1.3775e-01 -3.7814e+00  3.7027e+01  7.4490e-01  6.0877e-01 -3.5961e+01 -2.9013e-02 -3.6796e-01
-1.4917e+00     6.4567e+00  1.1096e-03  1.4349e-02 -1.7248e+01 -1.5528e-01 -2.7591e+00  3.7078e+01  7.4491e-01  6.0889e-01 -3.6109e+01 -3.0232e-02 -3.9517e-01
-1.4833e+00     1.1599e+01  2.1083e-03  1.5764e-02 -1.1752e+01 -8.3158e-02 -1.6142e+00  3.7153e+01  7.4493e-01  6.0901e-01 -3.6230e+01 -3.1224e-02 -4.1336e-01
-1.4750e+00     2.1279e+01  3.7315e-03  2.4173e-02 -8.5963e+00 -3.8188e-02 -8.3747e-01  3.7290e+01  7.4495e-01  6.0918e-01 -3.6314e+01 -3.1729e-02 -4.2356e-01
-1.4667e+00     1.5370e+01  2.4098e-03  1.9071e-02 -8.3703e+00 -2.9234e-02 -6.6425e-01  3.7443e+01  7.4498e-01  6.0936e-01 -3.6385e+01 -3.2009e-02 -4.2980e-01
-1.4583e+00     1.2987e+01  1.8620e-03  1.7283e-02 -8.5828e+00 -2.6544e-02 -5.9651e-01  3.7560e+01  7.4499e-01  6.0951e-01 -3.6456e+01 -3.2241e-02 -4.3505e-01
-1.4500e+00     5.6950e+00  8.5961e-04  7.3657e-03 -7.9442e+00 -2.1701e-02 -4.9679e-01  3.7638e+01  7.4500e-01  6.0961e-01 -3.6524e+01 -3.2442e-02 -4.3960e-01
-1.4417e+00     4.8763e+00  7.3568e-04  6.2636e-03 -8.2243e+00 -1.2508e-02 -2.7520e-01  3.7682e+01  7.4501e-01  6.0967e-01 -3.6592e+01 -3.2584e-02 -4.4281e-01
-1.4333e+00     4.1102e+00  6.2905e-04  5.2121e-03 -6.5231e+00 -5.8592e-03 -1.1401e-01  3.7720e+01  7.4502e-01  6.0972e-01 -3.6653e+01 -3.2660e-02 -4.4443e-01
-1.4250e+00     4.2103e+00  6.2941e-04  5.5042e-03 -6.2348e+00 -5.7487e-03 -1.1179e-01  3.7754e+01  7.4502e-01  6.0976e-01 -3.6706e+01 -3.2709e-02 -4.4537e-01
-1.4167e+00     5.2870e+00  9.0509e-04  8.9019e-03 -6.0370e+00 -5.7679e-03 -1.1280e-01  3.7794e+01  7.4503e-01  6.0982e-01 -3.6757e+01 -3.2757e-02 -4.4630e-01
-1.4083e+00     6.1861e+00  1.1847e-03  1.2298e-02 -5.9019e+00 -5.8272e-03 -1.1502e-01  3.7841e+01  7.4504e-01  6.0991e-01 -3.6807e+01 -3.2805e-02 -4.4725e-01
-1.4000e+00     7.8525e+00  1.5789e-03  1.5468e-02 -6.1054e+00 -5.5310e-03 -1.2567e-01  3.7900e+01  7.4505e-01  6.1002e-01 -3.6857e+01 -3.2852e-02 -4.4825e-01
-1.3917e+00     7.7282e+00  1.6314e-03  1.1482e-02 -6.8208e+00 -5.4145e-03 -1.5009e-01  3.7965e+01  7.4506e-01  6.1014e-01 -3.6910e+01 -3.2898e-02 -4.4940e-01
-1.3833e+00     7.7000e+00  1.7085e-03  1.0463e-02 -7.8135e+00 -6.1168e-03 -1.8084e-01  3.8029e+01  7.4508e-01  6.1023e-01 -3.6971e+01 -3.2946e-02 -4.5077e-01
-1.3750e+00     8.1984e+00  1.8746e-03  1.1378e-02 -9.5483e+00 -7.6150e-03 -2.2930e-01  3.8095e+01  7.4509e-01  6.1032e-01 -3.7043e+01 -3.3003e-02 -4.5248e-01
-1.3667e+00     8.3444e+00  1.9424e-03  1.1448e-02 -1.0503e+01 -9.4435e-03 -2.7510e-01  3.8164e+01  7.4511e-01  6.1041e-01 -3.7127e+01 -3.3074e-02 -4.5458e-01
-1.3583e+00     8.8791e+00  2.5568e-03  1.2438e-02 -9.6092e+00 -9.5556e-03 -2.7096e-01  3.8235e+01  7.4513e-01  6.1051e-01 -3.7211e+01 -3.3153e-02 -4.5685e-01
-1.3500e+00     1.2098e+01  3.9999e-03  1.6750e-02 -1.0031e+01 -1.0632e-02 -2.8018e-01  3.8323e+01  7.4515e-01  6.1063e-01 -3.7292e+01 -3.3237e-02 -4.5914e-01
-1.3417e+00     1.1343e+01  3.9292e-03  1.6488e-02 -1.3671e+01 -1.5071e-02 -3.1498e-01  3.8420e+01  7.4519e-01  6.1077e-01 -3.7391e+01 -3.3344e-02 -4.6162e-01
-1.3333e+00     1.0852e+01  3.7944e-03  1.6588e-02 -1.4850e+01 -2.1754e-02 -2.4907e-01  3.8512e+01  7.4522e-01  6.1091e-01 -3.7509e+01 -3.3497e-02 -4.6396e-01
-1.3250e+00     1.6051e+01  6.1489e-03  2.3787e-02 -1.3821e+01 -2.6793e-02 -1.4003e-01  3.8624e+01  7.4526e-01  6.1108e-01 -3.7629e+01 -3.3699e-02 -4.6558e-01
-1.3167e+00     1.0963e+01  4.5886e-03  1.2827e-02 -1.1504e+01 -1.7621e-02 -8.8511e-02  3.8737e+01  7.4530e-01  6.1123e-01 -3.7734e+01 -3.3883e-02 -4.6653e-01
-1.3083e+00     1.0565e+01  4.0981e-03  1.0279e-02 -1.1850e+01 -1.6002e-02 -8.1016e-02  3.8826e+01  7.4534e-01  6.1133e-01 -3.7831e+01 -3.4023e-02 -4.6724e-01
-1.3000e+00     1.2661e+01  5.9084e-03  1.2135e-02 -1.2417e+01 -2.0541e-02 -9.0190e-02  3.8923e+01  7.4538e-01  6.1142e-01 -3.7932e+01 -3.4175e-02 -4.6795e-01
-1.2917e+00     1.4355e+01  6.6570e-03  1.0655e-02 -1.8884e+01 -3.4689e-02 -1.3340e-01  3.9035e+01  7.4543e-01  6.1151e-01 -3.8062e+01 -3.4405e-02 -4.6888e-01
-1.2833e+00     1.4853e+01  6.2289e-03  9.7919e-03 -1.7411e+01 -3.3633e-02 -1.0582e-01  3.9157e+01  7.4549e-01  6.1160e-01 -3.8213e+01 -3.4689e-02 -4.6988e-01
-1.2750e+00     1.4203e+01  5.4586e-03  9.1634e-03 -2.9844e+01 -5.6551e-02 -1.8693e-01  3.9278e+01  7.4554e-01  6.1168e-01 -3.8410e+01 -3.5064e-02 -4.7109e-01
-1.2667e+00     2.2922e+01  8.8303e-03  1.5567e-02 -1.3123e+01 -2.4510e-02 -7.2483e-02  3.9432e+01  7.4560e-01  6.1178e-01 -3.8589e+01 -3.5402e-02 -4.7217e-01
-1.2583e+00     1.9791e+01  8.1994e-03  1.3023e-02 -1.5400e+01 -2.6120e-02 -8.0487e-02  3.9610e+01  7.4567e-01  6.1190e-01 -3.8707e+01 -3.5612e-02 -4.7281e-01
-1.2500e+00     2.3334e+01  9.6132e-03  1.4715e-02 -1.1246e+01 -1.7465e-02 -4.4199e-02  3.9789e+01  7.4574e-01  6.1202e-01 -3.8818e+01 -3.5794e-02 -4.7333e-01
-1.2417e+00     1.8589e+01  7.7673e-03  1.2793e-02 -7.0928e+00 -1.6043e-02 -2.8568e-02  3.9964e+01  7.4581e-01  6.1213e-01 -3.8894e+01 -3.5933e-02 -4.7363e-01
-1.2333e+00     1.2642e+01  4.7602e-03  7.7492e-03 -7.6041e+00 -2.1419e-02 -3.3785e-02  4.0093e+01  7.4587e-01  6.1222e-01 -3.8956e+01 -3.6089e-02 -4.7389e-01
-1.2250e+00     8.8501e+00  3.0490e-03  4.9382e-03 -9.0030e+00 -3.0286e-02 -4.3708e-02  4.0183e+01  7.4590e-01  6.1227e-01 -3.9025e+01 -3.6304e-02 -4.7421e-01
-1.2167e+00     8.1380e+00  2.9649e-03  5.5619e-03 -1.0371e+01 -3.9782e-02 -5.2423e-02  4.0254e+01  7.4592e-01  6.1231e-01 -3.9105e+01 -3.6595e-02 -4.7461e-01
-1.2083e+00     9.3381e+00  3.6368e-03  6.8110e-03 -1.0233e+01 -4.0151e-02 -4.7966e-02  4.0326e+01  7.4595e-01  6.1236e-01 -3.9191e+01 -3.6928e-02 -4.7503e-01
-1.2000e+00     9.3192e+00  3.6885e-03  6.5833e-03 -8.9036e+00 -3.6356e-02 -3.3262e-02  4.0404e+01  7.4598e-01  6.1242e-01 -3.9271e+01 -3.7246e-02 -4.7537e-01
-1.1917e+00     9.2839e+00  3.5828e-03  6.1924e-03 -1.0543e+01 -4.3699e-02 -3.6273e-02  4.0481e+01  7.4601e-01  6.1247e-01 -3.9351e+01 -3.7579e-02 -4.7566e-01
-1.1833e+00     9.0093e+00  3.2300e-03  5.6459e-03 -1.0933e+01 -4.6212e-02 -3.4375e-02  4.0557e+01  7.4604e-01  6.1252e-01 -3.9441e+01 -3.7953e-02 -4.7595e-01
-1.1750e+00     9.6052e+00  3.2838e-03  5.6700e-03 -9.7464e+00 -4.8727e-02 -3.2562e-02  4.0635e+01  7.4607e-01  6.1257e-01 -3.9527e+01 -3.8348e-02 -4.7623e-01
-1.1667e+00     1.1910e+01  3.9480e-03  6.3399e-03 -1.0336e+01 -4.9091e-02 -3.5632e-02  4.0724e+01  7.4610e-01  6.1262e-01 -3.9610e+01 -3.8755e-02 -4.7651e-01
-1.1583e+00     1.1020e+01  3.9781e-03  6.0137e-03 -8.7838e+00 -5.0330e-02 -4.0029e-02  4.0820e+01  7.4613e-01  6.1267e-01 -3.9690e+01 -3.9168e-02 -4.7683e-01
-1.1500e+00     1.0038e+01  3.8319e-03  5.6348e-03 -1.2332e+01 -9.5604e-02 -5.6283e-02  4.0907e+01  7.4616e-01  6.1272e-01 -3.9778e+01 -3.9775e-02 -4.7723e-01
-1.1417e+00     6.0489e+00  1.3987e-03  4.2497e-03 -1.5245e+01 -1.7336e-01 -7.0334e-02  4.0974e+01  7.4618e-01  6.1276e-01 -3.9892e+01 -4.0894e-02 -4.7775e-01
-1.1333e+00     7.2066e+00  2.1995e-03  5.1582e-03 -1.5900e+01 -2.1361e-01 -6.6883e-02  4.1029e+01  7.4620e-01  6.1280e-01 -4.0022e+01 -4.2504e-02 -4.7832e-01
-1.1250e+00     1.0297e+01  3.3403e-03  7.0146e-03 -1.4393e+01 -2.2127e-01 -6.6649e-02  4.1102e+01  7.4622e-01  6.1285e-01 -4.0148e+01 -4.4313e-02 -4.7888e-01
-1.1167e+00     1.0859e+01  3.9522e-03  7.2880e-03 -1.3166e+01 -2.4600e-01 -7.1477e-02  4.1190e+01  7.4625e-01  6.1291e-01 -4.0263e+01 -4.6257e-02 -4.7945e-01
-1.1083e+00     1.1904e+01  4.5056e-03  7.8862e-03 -1.3393e+01 -3.4853e-01 -9.8417e-02  4.1285e+01  7.4629e-01  6.1297e-01 -4.0373e+01 -4.8730e-02 -4.8016e-01
-1.1000e+00     1.4075e+01  5.5296e-03  9.4011e-03 -1.4343e+01 -4.7541e-01 -1.1338e-01  4.1393e+01  7.4633e-01  6.1304e-01 -4.0488e+01 -5.2157e-02 -4.8104e-01
-1.0917e+00     1.5784e+01  6.4919e-03  1.0939e-02 -1.5574e+01 -5.4259e-01 -1.3014e-01  4.1517e+01  7.4638e-01  6.1313e-01 -4.0613e+01 -5.6392e-02 -4.8206e-01
-1.0833e+00     1.6203e+01  7.4575e-03  1.1289e-02 -1.2656e+01 -5.8864e-01 -1.1188e-01  4.1650e+01  7.4644e-01  6.1322e-01 -4.0730e+01 -6.1097e-02 -4.8306e-01
-1.0750e+00     1.2099e+01  6.6158e-03  1.1577e-02 -9.9825e+00 -5.8485e-01 -8.0207e-02  4.1768e+01  7.4650e-01  6.1332e-01 -4.0825e+01 -6.5979e-02 -4.8386e-01
-1.0667e+00     1.2970e+01  7.6960e-03  1.5003e-02 -1.1794e+01 -7.1557e-01 -8.6027e-02  4.1872e+01  7.4655e-01  6.1343e-01 -4.0915e+01 -7.1388e-02 -4.8455e-01
-1.0583e+00     1.4795e+01  8.8913e-03  1.7849e-02 -2.0184e+01 -1.5762e+00 -1.3510e-01  4.1988e+01  7.4662e-01  6.1356e-01 -4.1048e+01 -8.0921e-02 -4.8547e-01
-1.0500e+00     1.1175e+01  6.0932e-03  1.1825e-02 -2.1500e+01 -2.1516e+00 -1.6299e-01  4.2096e+01  7.4669e-01  6.1369e-01 -4.1222e+01 -9.6428e-02 -4.8671e-01
-1.0417e+00     8.9116e+00  4.1086e-03  6.6476e-03 -1.7947e+01 -2.1562e+00 -1.4399e-01  4.2179e+01  7.4673e-01  6.1376e-01 -4.1386e+01 -1.1435e-01 -4.8799e-01
-1.0333e+00     1.1184e+01  4.9050e-03  8.1292e-03 -1.2505e+01 -1.9692e+00 -1.2626e-01  4.2263e+01  7.4677e-01  6.1383e-01 -4.1512e+01 -1.3151e-01 -4.8911e-01
-1.0250e+00     1.2962e+01  5.9069e-03  1.0332e-02 -1.2721e+01 -2.4844e+00 -1.4603e-01  4.2363e+01  7.4681e-01  6.1390e-01 -4.1617e+01 -1.5003e-01 -4.9025e-01
-1.0167e+00     1.1745e+01  5.6881e-03  1.0271e-02 -1.1558e+01 -2.1608e+00 -1.2979e-01  4.2466e+01  7.4686e-01  6.1399e-01 -4.1718e+01 -1.6936e-01 -4.9139e-01
-1.0083e+00     1.2593e+01  6.2824e-03  1.1689e-02 -8.5871e+00 -1.2805e+00 -1.1086e-01  4.2567e+01  7.4691e-01  6.1408e-01 -4.1802e+01 -1.8367e-01 -4.9239e-01
-1.0000e+00     1.5665e+01  7.4864e-03  1.4238e-02 -1.4715e+01 -2.1700e+00 -2.2669e-01  4.2685e+01  7.4697e-01  6.1419e-01 -4.1899e+01 -1.9802e-01 -4.9380e-01
-9.9167e-01     1.5595e+01  7.5242e-03  1.5110e-02 -3.1063e+01 -5.0566e+00 -6.2792e-01  4.2815e+01  7.4703e-01  6.1431e-01 -4.2089e+01 -2.2809e-01 -4.9735e-01
-9.8333e-01     1.1829e+01  5.2998e-03  1.2789e-02 -3.7219e+01 -4.7464e+00 -4.6269e-01  4.2929e+01  7.4708e-01  6.1443e-01 -4.2373e+01 -2.6886e-01 -5.0189e-01
-9.7500e-01     1.4199e+01  5.2274e-03  1.4878e-02 -1.9167e+01 -2.8570e+00 -2.4614e-01  4.3037e+01  7.4713e-01  6.1454e-01 -4.2608e+01 -3.0049e-01 -5.0484e-01
-9.6667e-01     1.3698e+01  5.3453e-03  1.5383e-02 -2.1971e+01 -3.8605e+00 -2.4503e-01  4.3153e+01  7.4717e-01  6.1467e-01 -4.2779e+01 -3.2843e-01 -5.0688e-01
-9.5833e-01     1.5580e+01  7.5295e-03  2.4133e-02 -1.9666e+01 -2.6805e+00 -1.7693e-01  4.3275e+01  7.4722e-01  6.1483e-01 -4.2952e+01 -3.5564e-01 -5.0864e-01
-9.5000e-01     1.6898e+01  9.0425e-03  2.5815e-02 -2.1959e+01 -2.1629e+00 -1.7886e-01  4.3410e+01  7.4729e-01  6.1504e-01 -4.3125e+01 -3.7579e-01 -5.1012e-01
-9.4167e-01     1.5046e+01  8.7748e-03  2.4224e-02 -1.5583e+01 -1.5751e+00 -1.3401e-01  4.3543e+01  7.4737e-01  6.1525e-01 -4.3282e+01 -3.9134e-01 -5.1142e-01
-9.3333e-01     1.1124e+01  6.4978e-03  1.9349e-02 -1.3553e+01 -1.1153e+00 -9.6289e-02  4.3652e+01  7.4743e-01  6.1543e-01 -4.3403e+01 -4.0253e-01 -5.1238e-01
-9.2500e-01     1.1510e+01  6.5780e-03  2.0868e-02 -1.2956e+01 -8.8254e-01 -8.2934e-02  4.3746e+01  7.4748e-01  6.1559e-01 -4.3513e+01 -4.1084e-01 -5.1312e-01
-9.1667e-01     1.1715e+01  6.9463e-03  2.1406e-02 -1.2704e+01 -7.5345e-01 -7.9476e-02  4.3843e+01  7.4754e-01  6.1577e-01 -4.3620e+01 -4.1765e-01 -5.1380e-01
-9.0833e-01     1.1940e+01  7.3910e-03  2.1876e-02 -1.1782e+01 -6.5907e-01 -8.2206e-02  4.3941e+01  7.4760e-01  6.1595e-01 -4.3722e+01 -4.2352e-01 -5.1447e-01
-9.0000e-01     1.5076e+01  9.5088e-03  2.8458e-02 -1.3810e+01 -6.6777e-01 -9.5907e-02  4.4053e+01  7.4767e-01  6.1616e-01 -4.3828e+01 -4.2904e-01 -5.1521e-01
-8.9167e-01     1.2819e+01  8.2052e-03  2.3103e-02 -1.7963e+01 -6.6770e-01 -8.8154e-02  4.4169e+01  7.4774e-01  6.1637e-01 -4.3960e+01 -4.3460e-01 -5.1598e-01
-8.8333e-01     1.5746e+01  9.3740e-03  2.9039e-02 -2.3121e+01 -8.7599e-01 -8.7571e-02  4.4288e+01  7.4782e-01  6.1659e-01 -4.4131e+01 -4.4102e-01 -5.1671e-01
-8.7500e-01     2.5592e+01  1.5558e-02  4.7627e-02 -3.1104e+01 -1.2742e+00 -1.0597e-01  4.4460e+01  7.4792e-01  6.1691e-01 -4.4357e+01 -4.4996e-01 -5.1751e-01
-8.6667e-01     3.3431e+01  2.2595e-02  6.2487e-02 -2.0637e+01 -7.1068e-01 -7.4792e-02  4.4706e+01  7.4808e-01  6.1737e-01 -4.4572e+01 -4.5822e-01 -5.1826e-01
-8.5833e-01     1.7222e+01  1.1840e-02  3.1911e-02 -1.7180e+01 -5.3909e-01 -7.0468e-02  4.4916e+01  7.4822e-01  6.1776e-01 -4.4729e+01 -4.6342e-01 -5.1887e-01
-8.5000e-01     1.3197e+01  8.2383e-03  2.6189e-02 -1.8428e+01 -4.9378e-01 -7.2887e-02  4.5043e+01  7.4831e-01  6.1800e-01 -4.4877e+01 -4.6771e-01 -5.1947e-01
-8.4167e-01     1.4188e+01  8.3418e-03  2.8109e-02 -1.5478e+01 -5.3656e-01 -9.0618e-02  4.5157e+01  7.4838e-01  6.1823e-01 -4.5018e+01 -4.7200e-01 -5.2015e-01
-8.3333e-01     1.4736e+01  1.2837e-02  2.9735e-02 -2.2536e+01 -7.9575e-01 -1.3254e-01  4.5277e+01  7.4846e-01  6.1847e-01 -4.5177e+01 -4.7754e-01 -5.2107e-01
-8.2500e-01     2.1537e+01  1.9833e-02  4.4777e-02 -2.7783e+01 -1.0192e+00 -1.4203e-01  4.5428e+01  7.4860e-01  6.1878e-01 -4.5386e+01 -4.8509e-01 -5.2222e-01
-8.1667e-01     2.1193e+01  1.8661e-02  4.3785e-02 -2.2548e+01 -8.5894e-01 -1.2816e-01  4.5606e+01  7.4876e-01  6.1915e-01 -4.5595e+01 -4.9290e-01 -5.2334e-01
-8.0833e-01     2.2571e+01  1.9145e-02  3.9038e-02 -1.3347e+01 -6.4980e-01 -9.7528e-02  4.5788e+01  7.4892e-01  6.1949e-01 -4.5745e+01 -4.9918e-01 -5.2428e-01
-8.0000e-01     1.6051e+01  1.5789e-02  2.8266e-02 -1.1360e+01 -6.4686e-01 -9.1037e-02  4.5948e+01  7.4906e-01  6.1977e-01 -4.5847e+01 -5.0457e-01 -5.2506e-01
-7.9167e-01     1.1518e+01  1.4196e-02  2.4681e-02 -1.4761e+01 -7.5480e-01 -1.0058e-01  4.6063e+01  7.4919e-01  6.1999e-01 -4.5956e+01 -5.1040e-01 -5.2586e-01
-7.8333e-01     1.6578e+01  2.0920e-02  3.5520e-02 -2.5271e+01 -9.1188e-01 -1.0868e-01  4.6180e+01  7.4933e-01  6.2024e-01 -4.6122e+01 -5.1734e-01 -5.2673e-01
-7.7500e-01     1.7212e+01  1.9088e-02  3.4652e-02 -2.5488e+01 -7.5638e-01 -9.6362e-02  4.6321e+01  7.4950e-01  6.2053e-01 -4.6334e+01 -5.2428e-01 -5.2758e-01
-7.6667e-01     1.8900e+01  1.7437e-02  3.5353e-02 -2.2213e+01 -6.6186e-01 -9.0674e-02  4.6471e+01  7.4965e-01  6.2083e-01 -4.6532e+01 -5.3018e-01 -5.2836e-01
-7.5833e-01     1.8223e+01  1.6442e-02  3.4945e-02 -1.7353e+01 -6.1724e-01 -8.3465e-02  4.6625e+01  7.4979e-01  6.2112e-01 -4.6697e+01 -5.3550e-01 -5.2909e-01
-7.5000e-01     1.6498e+01  1.5325e-02  3.3109e-02 -1.4137e+01 -5.5519e-01 -7.6976e-02  4.6770e+01  7.4992e-01  6.2140e-01 -4.6828e+01 -5.4037e-01 -5.2975e-01
-7.4167e-01     1.7385e+01  1.6994e-02  4.1248e-02 -1.3468e+01 -4.8640e-01 -7.5099e-02  4.6911e+01  7.5006e-01  6.2171e-01 -4.6942e+01 -5.4471e-01 -5.3039e-01
-7.3333e-01     1.2962e+01  1.4313e-02  3.7560e-02 -1.8320e+01 -5.6645e-01 -9.3650e-02  4.7037e+01  7.5019e-01  6.2204e-01 -4.7075e+01 -5.4909e-01 -5.3109e-01
-7.2500e-01     1.2997e+01  1.4804e-02  4.3861e-02 -2.5694e+01 -7.4445e-01 -1.1870e-01  4.7145e+01  7.5031e-01  6.2238e-01 -4.7258e+01 -5.5454e-01 -5.3197e-01
-7.1667e-01     1.2785e+01  1.4143e-02  4.5927e-02 -2.0850e+01 -5.2868e-01 -9.6527e-02  4.7252e+01  7.5043e-01  6.2275e-01 -4.7451e+01 -5.5984e-01 -5.3287e-01
-7.0833e-01     2.2719e+01  2.0941e-02  7.3452e-02 -1.5081e+01 -3.1150e-01 -7.1591e-02  4.7400e+01  7.5058e-01  6.2325e-01 -4.7601e+01 -5.6333e-01 -5.3357e-01
-7.0000e-01     1.7742e+01  1.8655e-02  7.3396e-02 -9.0273e+00 -1.7723e-01 -3.9378e-02  4.7568e+01  7.5074e-01  6.2386e-01 -4.7701e+01 -5.6536e-01 -5.3403e-01
-6.9167e-01     1.7388e+01  2.2182e-02  9.2383e-02 -1.2430e+01 -2.5380e-01 -6.1107e-02  4.7714e+01  7.5091e-01  6.2455e-01 -4.7790e+01 -5.6716e-01 -5.3445e-01
-6.8333e-01     1.6371e+01  2.3282e-02  1.0163e-01 -1.2799e+01 -2.5084e-01 -5.5948e-02  4.7855e+01  7.5110e-01  6.2535e-01 -4.7895e+01 -5.6926e-01 -5.3493e-01
-6.7500e-01     1.3259e+01  2.1650e-02  9.3119e-02 -1.5518e+01 -2.6250e-01 -5.8253e-02  4.7978e+01  7.5129e-01  6.2616e-01 -4.8013e+01 -5.7139e-01 -5.3541e-01
-6.6667e-01     1.6042e+01  2.9965e-02  1.2541e-01 -2.1496e+01 -3.2028e-01 -6.8202e-02  4.8100e+01  7.5150e-01  6.2707e-01 -4.8167e+01 -5.7382e-01 -5.3593e-01
-6.5833e-01     1.5136e+01  3.1033e-02  1.3032e-01 -2.8828e+01 -4.2461e-01 -8.4001e-02  4.8229e+01  7.5176e-01  6.2814e-01 -4.8376e+01 -5.7691e-01 -5.3657e-01
-6.5000e-01     9.3752e+00  1.6907e-02  7.4214e-02 -2.3875e+01 -3.2686e-01 -6.6123e-02  4.8331e+01  7.5196e-01  6.2899e-01 -4.8596e+01 -5.8004e-01 -5.3719e-01
-6.4167e-01     1.6292e+01  2.9904e-02  1.2626e-01 -1.7759e+01 -2.3392e-01 -4.9314e-02  4.8438e+01  7.5215e-01  6.2982e-01 -4.8769e+01 -5.8237e-01 -5.3767e-01
-6.3333e-01     2.7941e+01  5.3245e-02  2.2716e-01 -1.5389e+01 -1.9390e-01 -4.0560e-02  4.8622e+01  7.5250e-01  6.3129e-01 -4.8907e+01 -5.8415e-01 -5.3804e-01
-6.2500e-01     2.0242e+01  3.9367e-02  1.7387e-01 -1.5907e+01 -1.8411e-01 -4.0201e-02  4.8823e+01  7.5288e-01  6.3296e-01 -4.9037e+01 -5.8572e-01 -5.3838e-01
-6.1667e-01     1.8164e+01  4.1021e-02  1.8910e-01 -1.7398e+01 -1.7111e-01 -4.3981e-02  4.8982e+01  7.5322e-01  6.3447e-01 -4.9175e+01 -5.8720e-01 -5.3873e-01
-6.0833e-01     1.9820e+01  5.1929e-02  2.5117e-01 -2.0126e+01 -1.9499e-01 -5.7793e-02  4.9140e+01  7.5360e-01  6.3630e-01 -4.9332e+01 -5.8873e-01 -5.3915e-01
-6.0000e-01     2.9917e+01  8.7856e-02  4.3930e-01 -2.1457e+01 -2.1441e-01 -6.3385e-02  4.9347e+01  7.5418e-01  6.3917e-01 -4.9505e+01 -5.9043e-01 -5.3966e-01
-5.9167e-01     2.9566e+01  9.1735e-02  4.9204e-01 -1.9104e+01 -1.9694e-01 -5.8333e-02  4.9595e+01  7.5493e-01  6.4305e-01 -4.9673e+01 -5.9214e-01 -5.4016e-01
-5.8333e-01     2.1932e+01  6.9351e-02  3.9534e-01 -1.4284e+01 -1.6216e-01 -4.3611e-02  4.9809e+01  7.5560e-01  6.4674e-01 -4.9812e+01 -5.9363e-01 -5.4059e-01
-5.7500e-01     1.8636e+01  6.2006e-02  3.8063e-01 -1.6269e+01 -1.9421e-01 -5.3002e-02  4.9978e+01  7.5615e-01  6.4997e-01 -4.9939e+01 -5.9512e-01 -5.4099e-01
-5.6667e-01     2.0948e+01  6.6242e-02  4.2111e-01 -2.2127e+01 -2.7242e-01 -7.8685e-02  5.0142e+01  7.5668e-01  6.5330e-01 -5.0099e+01 -5.9706e-01 -5.4154e-01
-5.5833e-01     2.4767e+01  7.4342e-02  4.6049e-01 -2.2457e+01 -2.7332e-01 -8.4116e-02  5.0333e+01  7.5727e-01  6.5697e-01 -5.0284e+01 -5.9933e-01 -5.4222e-01
-5.5000e-01     2.4736e+01  7.1047e-02  4.4109e-01 -1.5433e+01 -1.8590e-01 -5.3482e-02  5.0538e+01  7.5787e-01  6.6072e-01 -5.0442e+01 -6.0124e-01 -5.4279e-01
-5.4167e-01     1.7843e+01  4.9344e-02  3.4160e-01 -1.6443e+01 -1.7713e-01 -5.2123e-02  5.0716e+01  7.5837e-01  6.6398e-01 -5.0575e+01 -6.0275e-01 -5.4323e-01
-5.3333e-01     1.7785e+01  5.2959e-02  4.0551e-01 -2.5421e+01 -2.6021e-01 -7.8900e-02  5.0864e+01  7.5880e-01  6.6708e-01 -5.0749e+01 -6.0457e-01 -5.4377e-01
-5.2500e-01     2.0170e+01  5.8324e-02  4.3331e-01 -2.8269e+01 -3.3681e-01 -9.5167e-02  5.1022e+01  7.5926e-01  6.7057e-01 -5.0972e+01 -6.0705e-01 -5.4450e-01
-5.1667e-01     2.2904e+01  5.8677e-02  4.4342e-01 -2.3152e+01 -2.9997e-01 -8.8173e-02  5.1201e+01  7.5975e-01  6.7422e-01 -5.1186e+01 -6.0970e-01 -5.4526e-01
-5.0833e-01     2.6635e+01  6.5525e-02  4.9343e-01 -1.6295e+01 -1.9646e-01 -6.6738e-02  5.1407e+01  7.6026e-01  6.7812e-01 -5.1350e+01 -6.1176e-01 -5.4590e-01
-5.0000e-01     2.4812e+01  5.8080e-02  4.5723e-01 -1.2294e+01 -1.3053e-01 -5.2178e-02  5.1621e+01  7.6078e-01  6.8207e-01 -5.1469e+01 -6.1312e-01 -5.4640e-01
-4.9167e-01     2.0235e+01  4.8131e-02  3.9861e-01 -1.2382e+01 -1.3186e-01 -5.4711e-02  5.1808e+01  7.6122e-01  6.8563e-01 -5.1572e+01 -6.1422e-01 -5.4684e-01
-4.8333e-01     1.9679e+01  4.5302e-02  3.8168e-01 -1.4153e+01 -1.4455e-01 -6.3757e-02  5.1974e+01  7.6161e-01  6.8888e-01 -5.1682e+01 -6.1536e-01 -5.4734e-01
-4.7500e-01     2.3331e+01  5.0684e-02  3.9954e-01 -2.2394e+01 -3.0503e-01 -1.2198e-01  5.2153e+01  7.6201e-01  6.9213e-01 -5.1834e+01 -6.1724e-01 -5.4811e-01
-4.6667e-01     2.7706e+01  5.6983e-02  3.9799e-01 -1.7996e+01 -2.7473e-01 -1.2584e-01  5.2366e+01  7.6245e-01  6.9544e-01 -5.2002e+01 -6.1965e-01 -5.4914e-01
-4.5833e-01     2.0216e+01  4.0123e-02  2.6951e-01 -2.1110e+01 -3.5216e-01 -1.5150e-01  5.2565e+01  7.6286e-01  6.9822e-01 -5.2165e+01 -6.2225e-01 -5.5029e-01
-4.5000e-01     1.8482e+01  3.5525e-02  2.2840e-01 -1.8227e+01 -2.5564e-01 -1.3396e-01  5.2726e+01  7.6317e-01  7.0029e-01 -5.2328e+01 -6.2478e-01 -5.5148e-01
-4.4167e-01     1.9232e+01  3.4905e-02  2.2458e-01 -1.4909e+01 -1.9219e-01 -9.8254e-02  5.2883e+01  7.6347e-01  7.0218e-01 -5.2466e+01 -6.2665e-01 -5.5245e-01
-4.3333e-01     2.1318e+01  3.6286e-02  2.4254e-01 -1.6797e+01 -2.2155e-01 -1.1603e-01  5.3051e+01  7.6376e-01  7.0412e-01 -5.2598e+01 -6.2837e-01 -5.5334e-01
-4.2500e-01     1.9042e+01  3.1543e-02  2.1937e-01 -1.6975e+01 -1.8188e-01 -1.2347e-01  5.3219e+01  7.6404e-01  7.0604e-01 -5.2739e+01 -6.3004e-01 -5.5433e-01
-4.1667e-01     1.8408e+01  3.0098e-02  2.2108e-01 -1.8125e+01 -2.0515e-01 -1.4013e-01  5.3375e+01  7.6430e-01  7.0787e-01 -5.2885e+01 -6.3165e-01 -5.5543e-01
-4.0833e-01     1.7420e+01  2.7672e-02  2.0550e-01 -1.8678e+01 -2.2228e-01 -1.5013e-01  5.3524e+01  7.6454e-01  7.0965e-01 -5.3038e+01 -6.3343e-01 -5.5664e-01
-4.0000e-01     1.7390e+01  2.6383e-02  1.9692e-01 -1.9378e+01 -2.3231e-01 -1.5737e-01  5.3669e+01  7.6477e-01  7.1132e-01 -5.3196e+01 -6.3532e-01 -5.5792e-01
-3.9167e-01     1.8435e+01  2.6020e-02  1.9506e-01 -2.1317e+01 -2.5672e-01 -1.7171e-01  5.3818e+01  7.6498e-01  7.1295e-01 -5.3365e+01 -6.3736e-01 -5.5929e-01
-3.8333e-01     1.9189e+01  2.5205e-02  1.9180e-01 -2.6044e+01 -3.7923e-01 -2.4236e-01  5.3974e+01  7.6520e-01  7.1456e-01 -5.3562e+01 -6.4000e-01 -5.6101e-01
-3.7500e-01     1.8207e+01  2.1344e-02  1.6644e-01 -2.6997e+01 -3.9999e-01 -2.6121e-01  5.4130e+01  7.6539e-01  7.1605e-01 -5.3783e+01 -6.4324e-01 -5.6310e-01
-3.6667e-01     1.6305e+01  1.7859e-02  1.4073e-01 -2.6129e+01 -3.6840e-01 -2.4402e-01  5.4274e+01  7.6555e-01  7.1733e-01 -5.4004e+01 -6.4644e-01 -5.6520e-01
-3.5833e-01     1.5888e+01  1.7225e-02  1.3475e-01 -2.4774e+01 -3.2054e-01 -2.2612e-01  5.4407e+01  7.6570e-01  7.1847e-01 -5.4216e+01 -6.4931e-01 -5.6716e-01
-3.5000e-01     1.9216e+01  2.0532e-02  1.6455e-01 -2.2627e+01 -2.7985e-01 -2.2260e-01  5.4553e+01  7.6586e-01  7.1972e-01 -5.4413e+01 -6.5180e-01 -5.6903e-01
-3.4167e-01     2.2529e+01  2.3182e-02  1.9359e-01 -1.9691e+01 -2.5393e-01 -2.1906e-01  5.4727e+01  7.6604e-01  7.2121e-01 -5.4589e+01 -6.5402e-01 -5.7086e-01
-3.3333e-01     2.2773e+01  2.2914e-02  1.8711e-01 -2.0141e+01 -2.5935e-01 -2.5477e-01  5.4916e+01  7.6623e-01  7.2279e-01 -5.4755e+01 -6.5616e-01 -5.7283e-01
-3.2500e-01     2.0683e+01  1.9225e-02  1.6246e-01 -2.0727e+01 -2.6509e-01 -2.8404e-01  5.5096e+01  7.6641e-01  7.2425e-01 -5.4925e+01 -6.5834e-01 -5.7508e-01
-3.1667e-01     2.1188e+01  1.9288e-02  1.7017e-01 -2.2644e+01 -2.8228e-01 -3.0365e-01  5.5271e+01  7.6657e-01  7.2563e-01 -5.5105e+01 -6.6062e-01 -5.7752e-01
-3.0833e-01     2.4798e+01  2.2616e-02  1.9418e-01 -2.2794e+01 -2.7221e-01 -3.0827e-01  5.5462e+01  7.6674e-01  7.2715e-01 -5.5294e+01 -6.6292e-01 -5.8007e-01
-3.0000e-01     2.1754e+01  2.1034e-02  1.8965e-01 -2.1207e+01 -2.3834e-01 -2.9146e-01  5.5655e+01  7.6692e-01  7.2874e-01 -5.5477e+01 -6.6505e-01 -5.8256e-01
-2.9167e-01     1.7062e+01  1.7766e-02  1.6041e-01 -1.8152e+01 -1.9446e-01 -2.5057e-01  5.5817e+01  7.6708e-01  7.3020e-01 -5.5641e+01 -6.6685e-01 -5.8482e-01
-2.8333e-01     1.5732e+01  1.7173e-02  1.5105e-01 -1.7207e+01 -1.6287e-01 -2.1800e-01  5.5953e+01  7.6723e-01  7.3149e-01 -5.5788e+01 -6.6834e-01 -5.8676e-01
-2.7500e-01     1.6720e+01  1.9076e-02  1.6762e-01 -1.8587e+01 -1.6490e-01 -1.9825e-01  5.6088e+01  7.6738e-01  7.3282e-01 -5.5937e+01 -6.6970e-01 -5.8850e-01
-2.6667e-01     2.0229e+01  2.5704e-02  2.3037e-01 -2.4624e+01 -2.1082e-01 -2.3085e-01  5.6242e+01  7.6757e-01  7.3448e-01 -5.6116e+01 -6.7126e-01 -5.9028e-01
-2.5833e-01     2.2059e+01  2.8387e-02  2.5564e-01 -2.7308e+01 -2.1761e-01 -2.6840e-01  5.6418e+01  7.6779e-01  7.3650e-01 -5.6332e+01 -6.7304e-01 -5.9236e-01
-2.5000e-01     2.0821e+01  2.7191e-02  2.2573e-01 -2.2852e+01 -1.6343e-01 -2.4785e-01  5.6596e+01  7.6802e-01  7.3850e-01 -5.6541e+01 -6.7463e-01 -5.9451e-01
-2.4167e-01     2.1308e+01  2.7588e-02  2.2694e-01 -2.1790e+01 -1.2976e-01 -2.2619e-01  5.6772e+01  7.6825e-01  7.4038e-01 -5.6727e+01 -6.7585e-01 -5.9648e-01
-2.3333e-01     2.0666e+01  2.5756e-02  2.2806e-01 -2.3599e+01 -1.1850e-01 -2.3472e-01  5.6946e+01  7.6847e-01  7.4228e-01 -5.6916e+01 -6.7688e-01 -5.9839e-01
-2.2500e-01     2.0922e+01  2.5188e-02  2.3444e-01 -2.7830e+01 -1.2294e-01 -2.6671e-01  5.7119e+01  7.6868e-01  7.4420e-01 -5.7130e+01 -6.7789e-01 -6.0048e-01
-2.1667e-01     2.4430e+01  2.8552e-02  2.8644e-01 -2.4012e+01 -1.0815e-01 -2.2481e-01  5.7308e+01  7.6891e-01  7.4637e-01 -5.7345e+01 -6.7885e-01 -6.0252e-01
-2.0833e-01     2.5099e+01  2.8830e-02  2.7978e-01 -2.0280e+01 -9.4040e-02 -1.8195e-01  5.7514e+01  7.6915e-01  7.4872e-01 -5.7529e+01 -6.7969e-01 -6.0422e-01
-2.0000e-01     2.3206e+01  2.5381e-02  2.3526e-01 -2.1152e+01 -1.0808e-01 -1.8476e-01  5.7715e+01  7.6937e-01  7.5086e-01 -5.7702e+01 -6.8053e-01 -6.0574e-01
-1.9167e-01     2.2737e+01  2.5470e-02  2.2949e-01 -2.2381e+01 -1.3469e-01 -1.9601e-01  5.7906e+01  7.6958e-01  7.5280e-01 -5.7883e+01 -6.8154e-01 -6.0733e-01
-1.8333e-01     2.4853e+01  2.9544e-02  2.8216e-01 -2.8293e+01 -2.1389e-01 -2.6284e-01  5.8104e+01  7.6981e-01  7.5493e-01 -5.8094e+01 -6.8299e-01 -6.0923e-01
-1.7500e-01     2.8453e+01  3.5611e-02  3.7846e-01 -2.0798e+01 -1.5782e-01 -2.1152e-01  5.8326e+01  7.7008e-01  7.5767e-01 -5.8298e+01 -6.8453e-01 -6.1121e-01
-1.6667e-01     2.0006e+01  2.5242e-02  2.5812e-01 -1.8003e+01 -1.2017e-01 -1.8093e-01  5.8527e+01  7.7034e-01  7.6032e-01 -5.8459e+01 -6.8569e-01 -6.1284e-01
-1.5833e-01     1.6407e+01  2.0009e-02  1.9022e-01 -1.7624e+01 -1.0757e-01 -1.7346e-01  5.8679e+01  7.7052e-01  7.6219e-01 -5.8607e+01 -6.8664e-01 -6.1431e-01
-1.5000e-01     1.6978e+01  2.0277e-02  1.9186e-01 -2.3549e+01 -1.2823e-01 -2.5490e-01  5.8817e+01  7.7069e-01  7.6378e-01 -5.8779e+01 -6.8762e-01 -6.1610e-01
-1.4167e-01     1.8726e+01  2.2373e-02  2.1254e-01 -2.7369e+01 -1.4562e-01 -2.7524e-01  5.8966e+01  7.7087e-01  7.6546e-01 -5.8991e+01 -6.8876e-01 -6.1830e-01
-1.3333e-01     2.5871e+01  3.1990e-02  3.0630e-01 -2.5151e+01 -1.2630e-01 -2.4171e-01  5.9152e+01  7.7109e-01  7.6762e-01 -5.9209e+01 -6.8989e-01 -6.2045e-01
-1.2500e-01     2.8141e+01  4.0084e-02  3.9436e-01 -2.5567e+01 -1.1618e-01 -2.2838e-01  5.9376e+01  7.7139e-01  7.7053e-01 -5.9420e+01 -6.9090e-01 -6.2241e-01
-1.1667e-01     2.1741e+01  3.4987e-02  3.3601e-01 -3.2750e+01 -1.3447e-01 -3.0119e-01  5.9584e+01  7.7171e-01  7.7357e-01 -5.9663e+01 -6.9194e-01 -6.2461e-01
-1.0833e-01     2.1133e+01  3.4360e-02  3.0457e-01 -3.1231e+01 -1.3227e-01 -2.6998e-01  5.9762e+01  7.7200e-01  7.7623e-01 -5.9929e+01 -6.9305e-01 -6.2699e-01
-1.0000e-01     3.8246e+01  5.5579e-02  3.9567e-01 -2.6506e+01 -1.1179e-01 -2.2583e-01  6.0009e+01  7.7237e-01  7.7915e-01 -6.0169e+01 -6.9407e-01 -6.2905e-01
-9.1667e-02     3.0802e+01  4.7305e-02  3.5588e-01 -2.7133e+01 -1.1095e-01 -2.3433e-01  6.0296e+01  7.7280e-01  7.8227e-01 -6.0392e+01 -6.9499e-01 -6.3096e-01
-8.3333e-02     2.6490e+01  4.2613e-02  3.0065e-01 -2.7066e+01 -1.1105e-01 -2.4365e-01  6.0535e+01  7.7317e-01  7.8500e-01 -6.0617e+01 -6.9592e-01 -6.3295e-01
-7.5000e-02     2.8270e+01  4.6816e-02  3.3691e-01 -2.8658e+01 -1.0751e-01 -2.5389e-01  6.0762e+01  7.7354e-01  7.8766e-01 -6.0849e+01 -6.9682e-01 -6.3502e-01
-6.6667e-02     3.0423e+01  5.1191e-02  3.6543e-01 -2.7632e+01 -1.0879e-01 -2.4223e-01  6.1007e+01  7.7395e-01  7.9058e-01 -6.1083e+01 -6.9772e-01 -6.3708e-01
-5.8333e-02     3.4127e+01  6.0278e-02  4.3555e-01 -2.6545e+01 -1.0128e-01 -2.3293e-01  6.1275e+01  7.7442e-01  7.9391e-01 -6.1309e+01 -6.9860e-01 -6.3906e-01
-5.0000e-02     2.6419e+01  4.8307e-02  2.9580e-01 -3.0939e+01 -1.1016e-01 -2.5375e-01  6.1527e+01  7.7487e-01  7.9695e-01 -6.1548e+01 -6.9948e-01 -6.4109e-01
-4.1667e-02     2.3222e+01  4.1935e-02  2.5410e-01 -2.9836e+01 -9.3977e-02 -2.3270e-01  6.1733e+01  7.7524e-01  7.9924e-01 -6.1801e+01 -7.0033e-01 -6.4311e-01
-3.3333e-02     3.0800e+01  5.7189e-02  3.2448e-01 -2.4955e+01 -6.9058e-02 -1.9666e-01  6.1958e+01  7.7565e-01  8.0165e-01 -6.2029e+01 -7.0101e-01 -6.4490e-01
-2.5000e-02     2.8004e+01  5.4138e-02  2.9840e-01 -2.4045e+01 -6.2258e-02 -1.8737e-01  6.2203e+01  7.7612e-01  8.0424e-01 -6.2232e+01 -7.0155e-01 -6.4649e-01
-1.6667e-02     2.5545e+01  4.7950e-02  2.7000e-01 -2.6504e+01 -6.5074e-02 -2.1212e-01  6.2425e+01  7.7654e-01  8.0660e-01 -6.2443e+01 -7.0208e-01 -6.4815e-01
-8.3333e-03     2.5423e+01  4.5622e-02  2.6539e-01 -3.1665e+01 -7.6821e-02 -2.5467e-01  6.2637e+01  7.7693e-01  8.0883e-01 -6.2685e+01 -7.0267e-01 -6.5010e-01
