-5.0000e+00     1.7308e+01  1.2793e-01  2.6860e-02 -1.7308e+01 -1.2793e-01 -2.6860e-02  0.0000e+00  0.0000e+00  0.0000e+00 -0.0000e+00 -0.0000e+00 -0.0000e+00
-4.9917e+00     1.8254e+01  1.0349e-01  2.9213e-02 -1.8254e+01 -1.0349e-01 -2.9213e-02  1.4793e-01  9.6264e-04  2.3325e-04 -1.4793e-01 -9.6264e-04 -2.3325e-04
-4.9833e+00     2.1142e+01  1.2334e-01  3.4479e-02 -2.1142e+01 -1.2334e-01 -3.4479e-02  3.1180e-01  1.9062e-03  4.9819e-04 -3.1180e-01 -1.9062e-03 -4.9819e-04
-4.9750e+00     2.1450e+01  1.2125e-01  3.4661e-02 -2.1450e+01 -1.2125e-01 -3.4662e-02  4.8898e-01  2.9236e-03  7.8580e-04 -4.8898e-01 -2.9236e-03 -7.8580e-04
-4.9667e+00     2.1160e+01  1.0842e-01  3.4088e-02 -2.1160e+01 -1.0842e-01 -3.4088e-02  6.6622e-01  3.8790e-03  1.0718e-03 -6.6622e-01 -3.8790e-03 -1.0718e-03
-4.9583e+00     2.0996e+01  9.2858e-02  3.4920e-02 -2.0996e+01 -9.2858e-02 -3.4920e-02  8.4158e-01  4.7163e-03  1.3588e-03 -8.4158e-01 -4.7163e-03 -1.3588e-03
-4.9500e+00     2.1446e+01  9.5709e-02  3.5809e-02 -2.1446e+01 -9.5709e-02 -3.5809e-02  1.0181e+00  5.5006e-03  1.6530e-03 -1.0181e+00 -5.5006e-03 -1.6530e-03
-4.9417e+00     2.0725e+01  9.9730e-02  3.4339e-02 -2.0725e+01 -9.9730e-02 -3.4339e-02  1.1935e+00  6.3136e-03  1.9448e-03 -1.1935e+00 -6.3136e-03 -1.9448e-03
-4.9333e+00     1.7468e+01  9.5499e-02  2.9175e-02 -1.7468e+01 -9.5499e-02 -2.9175e-02  1.3524e+00  7.1257e-03  2.2090e-03 -1.3524e+00 -7.1257e-03 -2.2090e-03
-4.9250e+00     2.0431e+01  1.2199e-01  3.2784e-02 -2.0431e+01 -1.2199e-01 -3.2784e-02  1.5101e+00  8.0304e-03  2.4668e-03 -1.5101e+00 -8.0304e-03 -2.4668e-03
-4.9167e+00     2.5292e+01  1.3899e-01  4.2875e-02 -2.5292e+01 -1.3899e-01 -4.2875e-02  1.7003e+00  9.1160e-03  2.7815e-03 -1.7003e+00 -9.1160e-03 -2.7815e-03
-4.9083e+00     2.4885e+01  1.1430e-01  4.5099e-02 -2.4885e+01 -1.1430e-01 -4.5099e-02  1.9090e+00  1.0170e-02  3.1474e-03 -1.9090e+00 -1.0170e-02 -3.1474e-03
-4.9000e+00     2.3348e+01  1.1271e-01  3.9351e-02 -2.3348e+01 -1.1271e-01 -3.9351e-02  2.1096e+00  1.1114e-02  3.4987e-03 -2.1096e+00 -1.1114e-02 -3.4987e-03
-4.8917e+00     2.1651e+01  1.1224e-01  4.1181e-02 -2.1651e+01 -1.1224e-01 -4.1181e-02  2.2968e+00  1.2050e-02  3.8337e-03 -2.2968e+00 -1.2050e-02 -3.8337e-03
-4.8833e+00     2.2137e+01  1.1479e-01  4.5267e-02 -2.2137e+01 -1.1479e-01 -4.5267e-02  2.4790e+00  1.2994e-02  4.1933e-03 -2.4790e+00 -1.2994e-02 -4.1933e-03
-4.8750e+00     2.0701e+01  1.0404e-01  4.5498e-02 -2.0701e+01 -1.0404e-01 -4.5498e-02  2.6571e+00  1.3904e-02  4.5709e-03 -2.6571e+00 -1.3904e-02 -4.5709e-03
-4.8667e+00     1.8896e+01  9.4275e-02  4.1193e-02 -1.8896e+01 -9.4275e-02 -4.1194e-02  2.8219e+00  1.4729e-02  4.9315e-03 -2.8219e+00 -1.4729e-02 -4.9315e-03
-4.8583e+00     1.6615e+01  8.4399e-02  3.5041e-02 -1.6615e+01 -8.4399e-02 -3.5041e-02  2.9696e+00  1.5473e-02  5.2486e-03 -2.9696e+00 -1.5473e-02 -5.2486e-03
-4.8500e+00     1.5052e+01  7.9339e-02  3.1037e-02 -1.5052e+01 -7.9339e-02 -3.1037e-02  3.1013e+00  1.6154e-02  5.5235e-03 -3.1013e+00 -1.6154e-02 -5.5235e-03
-4.8417e+00     1.5553e+01  7.9702e-02  3.7967e-02 -1.5553e+01 -7.9703e-02 -3.7967e-02  3.2286e+00  1.6815e-02  5.8105e-03 -3.2286e+00 -1.6815e-02 -5.8105e-03
-4.8333e+00     1.9037e+01  1.2641e-01  6.4419e-02 -1.9037e+01 -1.2641e-01 -6.4419e-02  3.3725e+00  1.7673e-02  6.2364e-03 -3.3725e+00 -1.7673e-02 -6.2364e-03
-4.8250e+00     1.7825e+01  1.0509e-01  4.0661e-02 -1.7825e+01 -1.0509e-01 -4.0661e-02  3.5258e+00  1.8636e-02  6.6735e-03 -3.5258e+00 -1.8636e-02 -6.6735e-03
-4.8167e+00     1.8031e+01  9.6164e-02  3.4144e-02 -1.8031e+01 -9.6164e-02 -3.4144e-02  3.6750e+00  1.9473e-02  6.9847e-03 -3.6750e+00 -1.9473e-02 -6.9847e-03
-4.8083e+00     1.7044e+01  8.9493e-02  3.0957e-02 -1.7044e+01 -8.9493e-02 -3.0957e-02  3.8209e+00  2.0245e-02  7.2555e-03 -3.8209e+00 -2.0245e-02 -7.2555e-03
-4.8000e+00     1.7394e+01  8.8492e-02  3.0143e-02 -1.7394e+01 -8.8492e-02 -3.0143e-02  3.9641e+00  2.0985e-02  7.5097e-03 -3.9641e+00 -2.0985e-02 -7.5097e-03
-4.7917e+00     1.5844e+01  7.8128e-02  2.5434e-02 -1.5844e+01 -7.8128e-02 -2.5434e-02  4.1024e+00  2.1678e-02  7.7408e-03 -4.1024e+00 -2.1678e-02 -7.7408e-03
-4.7833e+00     1.7895e+01  8.4128e-02  2.9989e-02 -1.7895e+01 -8.4128e-02 -2.9989e-02  4.2428e+00  2.2353e-02  7.9714e-03 -4.2428e+00 -2.2353e-02 -7.9714e-03
-4.7750e+00     2.3078e+01  9.4661e-02  4.6093e-02 -2.3078e+01 -9.4661e-02 -4.6093e-02  4.4132e+00  2.3097e-02  8.2879e-03 -4.4132e+00 -2.3097e-02 -8.2879e-03
-4.7667e+00     2.3679e+01  1.0155e-01  5.7344e-02 -2.3679e+01 -1.0155e-01 -5.7344e-02  4.6077e+00  2.3913e-02  8.7181e-03 -4.6077e+00 -2.3913e-02 -8.7181e-03
-4.7583e+00     2.5346e+01  1.1724e-01  6.0684e-02 -2.5346e+01 -1.1724e-01 -6.0684e-02  4.8116e+00  2.4823e-02  9.2091e-03 -4.8116e+00 -2.4823e-02 -9.2091e-03
-4.7500e+00     2.1981e+01  1.0438e-01  5.5430e-02 -2.1981e+01 -1.0438e-01 -5.5430e-02  5.0085e+00  2.5745e-02  9.6921e-03 -5.0085e+00 -2.5745e-02 -9.6921e-03
-4.7417e+00     1.6616e+01  9.4567e-02  4.6518e-02 -1.6616e+01 -9.4567e-02 -4.6518e-02  5.1690e+00  2.6573e-02  1.0116e-02 -5.1690e+00 -2.6573e-02 -1.0116e-02
-4.7333e+00     1.6574e+01  9.5328e-02  4.3810e-02 -1.6574e+01 -9.5328e-02 -4.3810e-02  5.3071e+00  2.7363e-02  1.0492e-02 -5.3071e+00 -2.7363e-02 -1.0492e-02
-4.7250e+00     1.5714e+01  7.2575e-02  3.9435e-02 -1.5714e+01 -7.2575e-02 -3.9435e-02  5.4414e+00  2.8061e-02  1.0838e-02 -5.4414e+00 -2.8061e-02 -1.0838e-02
-4.7167e+00     1.6779e+01  6.7903e-02  4.5663e-02 -1.6779e+01 -6.7903e-02 -4.5663e-02  5.5766e+00  2.8646e-02  1.1192e-02 -5.5766e+00 -2.8646e-02 -1.1192e-02
-4.7083e+00     2.1941e+01  8.1408e-02  5.3860e-02 -2.1941e+01 -8.1408e-02 -5.3860e-02  5.7376e+00  2.9267e-02  1.1606e-02 -5.7376e+00 -2.9267e-02 -1.1606e-02
-4.7000e+00     2.6180e+01  9.7244e-02  6.2979e-02 -2.6180e+01 -9.7244e-02 -6.2979e-02  5.9378e+00  3.0010e-02  1.2092e-02 -5.9378e+00 -3.0010e-02 -1.2092e-02
-4.6917e+00     2.2356e+01  8.1884e-02  4.7839e-02 -2.2356e+01 -8.1884e-02 -4.7839e-02  6.1397e+00  3.0755e-02  1.2553e-02 -6.1397e+00 -3.0755e-02 -1.2553e-02
-4.6833e+00     9.1493e+00  3.1306e-02  2.6731e-02 -9.1493e+00 -3.1306e-02 -2.6731e-02  6.2708e+00  3.1226e-02  1.2863e-02 -6.2708e+00 -3.1226e-02 -1.2863e-02
-4.6750e+00     9.5331e+00  3.2814e-02  2.7864e-02 -9.5331e+00 -3.2814e-02 -2.7864e-02  6.3485e+00  3.1492e-02  1.3090e-02 -6.3485e+00 -3.1492e-02 -1.3090e-02
-4.6667e+00     2.0783e+01  6.8647e-02  6.0684e-02 -2.0783e+01 -6.8647e-02 -6.0684e-02  6.4746e+00  3.1915e-02  1.3459e-02 -6.4746e+00 -3.1915e-02 -1.3459e-02
-4.6583e+00     3.1879e+01  1.0896e-01  8.4728e-02 -3.1879e+01 -1.0896e-01 -8.4728e-02  6.6936e+00  3.2653e-02  1.4064e-02 -6.6936e+00 -3.2653e-02 -1.4064e-02
-4.6500e+00     2.3723e+01  7.2451e-02  6.3467e-02 -2.3723e+01 -7.2452e-02 -6.3467e-02  6.9249e+00  3.3408e-02  1.4680e-02 -6.9249e+00 -3.3408e-02 -1.4680e-02
-4.6417e+00     1.7578e+01  5.9301e-02  4.6366e-02 -1.7578e+01 -5.9301e-02 -4.6366e-02  7.0967e+00  3.3956e-02  1.5137e-02 -7.0967e+00 -3.3956e-02 -1.5137e-02
-4.6333e+00     1.7050e+01  5.8359e-02  3.4066e-02 -1.7050e+01 -5.8359e-02 -3.4066e-02  7.2408e+00  3.4445e-02  1.5472e-02 -7.2408e+00 -3.4445e-02 -1.5472e-02
-4.6250e+00     2.5183e+01  8.0547e-02  5.6247e-02 -2.5183e+01 -8.0547e-02 -5.6247e-02  7.4165e+00  3.5023e-02  1.5847e-02 -7.4165e+00 -3.5023e-02 -1.5847e-02
-4.6167e+00     2.0869e+01  7.7946e-02  5.1423e-02 -2.0869e+01 -7.7946e-02 -5.1423e-02  7.6080e+00  3.5682e-02  1.6295e-02 -7.6080e+00 -3.5682e-02 -1.6295e-02
-4.6083e+00     2.2265e+01  8.4046e-02  5.7234e-02 -2.2265e+01 -8.4046e-02 -5.7234e-02  7.7874e+00  3.6356e-02  1.6747e-02 -7.7874e+00 -3.6356e-02 -1.6747e-02
-4.6000e+00     2.0741e+01  5.7577e-02  5.5109e-02 -2.0741e+01 -5.7577e-02 -5.5109e-02  7.9663e+00  3.6945e-02  1.7214e-02 -7.9663e+00 -3.6945e-02 -1.7214e-02
-4.5917e+00     1.9974e+01  4.7358e-02  6.0386e-02 -1.9974e+01 -4.7357e-02 -6.0386e-02  8.1357e+00  3.7382e-02  1.7695e-02 -8.1357e+00 -3.7382e-02 -1.7695e-02
-4.5833e+00     1.8948e+01  5.1866e-02  5.3324e-02 -1.8948e+01 -5.1866e-02 -5.3324e-02  8.2976e+00  3.7795e-02  1.8168e-02 -8.2976e+00 -3.7795e-02 -1.8168e-02
-4.5750e+00     3.1510e+01  9.9383e-02  6.7829e-02 -3.1510e+01 -9.9383e-02 -6.7829e-02  8.5075e+00  3.8424e-02  1.8672e-02 -8.5075e+00 -3.8424e-02 -1.8672e-02
-4.5667e+00     1.8698e+01  4.8473e-02  4.6929e-02 -1.8697e+01 -4.8473e-02 -4.6929e-02  8.7163e+00  3.9039e-02  1.9149e-02 -8.7163e+00 -3.9039e-02 -1.9149e-02
-4.5583e+00     2.3885e+01  5.6662e-02  5.9064e-02 -2.3885e+01 -5.6662e-02 -5.9064e-02  8.8935e+00  3.9476e-02  1.9590e-02 -8.8935e+00 -3.9476e-02 -1.9590e-02
-4.5500e+00     2.6554e+01  6.2980e-02  6.6133e-02 -2.6554e+01 -6.2980e-02 -6.6133e-02  9.1033e+00  3.9974e-02  2.0111e-02 -9.1033e+00 -3.9974e-02 -2.0111e-02
-4.5417e+00     2.0599e+01  4.9029e-02  4.6868e-02 -2.0599e+01 -4.9029e-02 -4.6868e-02  9.2994e+00  4.0440e-02  2.0581e-02 -9.2994e+00 -4.0440e-02 -2.0581e-02
-4.5333e+00     1.7248e+01  4.0458e-02  3.6578e-02 -1.7248e+01 -4.0458e-02 -3.6578e-02  9.4569e+00  4.0812e-02  2.0928e-02 -9.4569e+00 -4.0812e-02 -2.0928e-02
-4.5250e+00     1.4773e+01  3.1073e-02  3.5355e-02 -1.4773e+01 -3.1073e-02 -3.5355e-02  9.5901e+00  4.1110e-02  2.1227e-02 -9.5901e+00 -4.1110e-02 -2.1227e-02
-4.5167e+00     1.6523e+01  3.5418e-02  4.3871e-02 -1.6523e+01 -3.5418e-02 -4.3871e-02  9.7203e+00  4.1386e-02  2.1557e-02 -9.7203e+00 -4.1386e-02 -2.1557e-02
-4.5083e+00     1.9715e+01  4.6406e-02  5.4400e-02 -1.9715e+01 -4.6406e-02 -5.4400e-02  9.8710e+00  4.1727e-02  2.1966e-02 -9.8710e+00 -4.1727e-02 -2.1966e-02
-4.5000e+00     1.8566e+01  4.8736e-02  5.3920e-02 -1.8566e+01 -4.8736e-02 -5.3920e-02  1.0030e+01  4.2122e-02  2.2416e-02 -1.0030e+01 -4.2122e-02 -2.2416e-02
-4.4917e+00     1.8047e+01  4.7502e-02  5.2019e-02 -1.8047e+01 -4.7502e-02 -5.2019e-02  1.0183e+01  4.2523e-02  2.2857e-02 -1.0183e+01 -4.2523e-02 -2.2857e-02
-4.4833e+00     1.6280e+01  4.1218e-02  4.4929e-02 -1.6280e+01 -4.1218e-02 -4.4929e-02  1.0325e+01  4.2892e-02  2.3260e-02 -1.0325e+01 -4.2892e-02 -2.3260e-02
-4.4750e+00     1.8198e+01  4.5304e-02  4.2578e-02 -1.8198e+01 -4.5304e-02 -4.2578e-02  1.0469e+01  4.3252e-02  2.3624e-02 -1.0469e+01 -4.3252e-02 -2.3624e-02
-4.4667e+00     1.9233e+01  4.6527e-02  3.9923e-02 -1.9233e+01 -4.6527e-02 -3.9923e-02  1.0624e+01  4.3634e-02  2.3967e-02 -1.0624e+01 -4.3634e-02 -2.3967e-02
-4.4583e+00     1.7338e+01  3.9121e-02  3.3735e-02 -1.7338e+01 -3.9121e-02 -3.3735e-02  1.0777e+01  4.3990e-02  2.4274e-02 -1.0777e+01 -4.3990e-02 -2.4274e-02
-4.4500e+00     1.6433e+01  3.5557e-02  3.0584e-02 -1.6433e+01 -3.5557e-02 -3.0584e-02  1.0917e+01  4.4301e-02  2.4541e-02 -1.0917e+01 -4.4301e-02 -2.4541e-02
-4.4417e+00     1.9932e+01  4.2206e-02  3.2883e-02 -1.9931e+01 -4.2206e-02 -3.2883e-02  1.1068e+01  4.4624e-02  2.4805e-02 -1.1068e+01 -4.4624e-02 -2.4805e-02
-4.4333e+00     1.5875e+01  3.7996e-02  2.9966e-02 -1.5875e+01 -3.7996e-02 -2.9966e-02  1.1217e+01  4.4958e-02  2.5067e-02 -1.1217e+01 -4.4958e-02 -2.5067e-02
-4.4250e+00     2.1637e+01  5.8545e-02  4.7457e-02 -2.1637e+01 -5.8545e-02 -4.7457e-02  1.1373e+01  4.5359e-02  2.5389e-02 -1.1373e+01 -4.5359e-02 -2.5389e-02
-4.4167e+00     1.9053e+01  5.0990e-02  4.4572e-02 -1.9053e+01 -5.0990e-02 -4.4572e-02  1.1543e+01  4.5815e-02  2.5772e-02 -1.1543e+01 -4.5815e-02 -2.5772e-02
-4.4083e+00     1.5981e+01  4.3149e-02  3.8411e-02 -1.5981e+01 -4.3149e-02 -3.8412e-02  1.1688e+01  4.6206e-02  2.6117e-02 -1.1688e+01 -4.6206e-02 -2.6117e-02
-4.4000e+00     1.6199e+01  4.6978e-02  3.7368e-02 -1.6199e+01 -4.6978e-02 -3.7368e-02  1.1822e+01  4.6581e-02  2.6432e-02 -1.1822e+01 -4.6581e-02 -2.6432e-02
-4.3917e+00     1.4640e+01  3.3805e-02  2.2915e-02 -1.4640e+01 -3.3805e-02 -2.2915e-02  1.1950e+01  4.6917e-02  2.6683e-02 -1.1950e+01 -4.6917e-02 -2.6683e-02
-4.3833e+00     1.3983e+01  3.1831e-02  2.0728e-02 -1.3983e+01 -3.1831e-02 -2.0728e-02  1.2069e+01  4.7190e-02  2.6864e-02 -1.2069e+01 -4.7190e-02 -2.6864e-02
-4.3750e+00     1.5485e+01  3.2562e-02  2.1298e-02 -1.5485e+01 -3.2562e-02 -2.1298e-02  1.2192e+01  4.7458e-02  2.7039e-02 -1.2192e+01 -4.7458e-02 -2.7039e-02
-4.3667e+00     1.6859e+01  3.0880e-02  2.3012e-02 -1.6859e+01 -3.0880e-02 -2.3012e-02  1.2327e+01  4.7722e-02  2.7223e-02 -1.2327e+01 -4.7722e-02 -2.7223e-02
-4.3583e+00     2.1745e+01  4.5060e-02  2.7495e-02 -2.1745e+01 -4.5060e-02 -2.7495e-02  1.2487e+01  4.8038e-02  2.7434e-02 -1.2487e+01 -4.8038e-02 -2.7434e-02
-4.3500e+00     1.7228e+01  3.1597e-02  2.5245e-02 -1.7228e+01 -3.1597e-02 -2.5245e-02  1.2649e+01  4.8357e-02  2.7653e-02 -1.2649e+01 -4.8357e-02 -2.7653e-02
-4.3417e+00     1.9563e+01  3.7202e-02  2.8291e-02 -1.9563e+01 -3.7202e-02 -2.8292e-02  1.2802e+01  4.8643e-02  2.7876e-02 -1.2802e+01 -4.8643e-02 -2.7876e-02
-4.3333e+00     2.0736e+01  4.0399e-02  2.8607e-02 -2.0736e+01 -4.0399e-02 -2.8607e-02  1.2970e+01  4.8966e-02  2.8112e-02 -1.2970e+01 -4.8966e-02 -2.8112e-02
-4.3250e+00     1.8677e+01  3.6783e-02  1.9947e-02 -1.8677e+01 -3.6783e-02 -1.9947e-02  1.3134e+01  4.9287e-02  2.8314e-02 -1.3134e+01 -4.9287e-02 -2.8314e-02
-4.3167e+00     1.7718e+01  3.4907e-02  1.9954e-02 -1.7718e+01 -3.4907e-02 -1.9954e-02  1.3285e+01  4.9585e-02  2.8480e-02 -1.3285e+01 -4.9585e-02 -2.8480e-02
-4.3083e+00     1.5787e+01  2.7595e-02  1.5356e-02 -1.5787e+01 -2.7595e-02 -1.5356e-02  1.3425e+01  4.9845e-02  2.8627e-02 -1.3425e+01 -4.9845e-02 -2.8627e-02
-4.3000e+00     1.6591e+01  2.8359e-02  1.6013e-02 -1.6591e+01 -2.8359e-02 -1.6013e-02  1.3559e+01  5.0078e-02  2.8758e-02 -1.3559e+01 -5.0078e-02 -2.8758e-02
-4.2917e+00     1.6416e+01  2.7652e-02  1.5768e-02 -1.6416e+01 -2.7652e-02 -1.5768e-02  1.3697e+01  5.0311e-02  2.8890e-02 -1.3697e+01 -5.0311e-02 -2.8890e-02
-4.2833e+00     1.4670e+01  2.4649e-02  1.5494e-02 -1.4670e+01 -2.4649e-02 -1.5494e-02  1.3826e+01  5.0528e-02  2.9020e-02 -1.3826e+01 -5.0528e-02 -2.9020e-02
-4.2750e+00     1.1209e+01  2.0806e-02  1.6904e-02 -1.1209e+01 -2.0806e-02 -1.6904e-02  1.3934e+01  5.0718e-02  2.9155e-02 -1.3934e+01 -5.0718e-02 -2.9155e-02
-4.2667e+00     1.5133e+01  2.6806e-02  1.8822e-02 -1.5133e+01 -2.6806e-02 -1.8822e-02  1.4043e+01  5.0916e-02  2.9303e-02 -1.4043e+01 -5.0916e-02 -2.9303e-02
-4.2583e+00     1.8745e+01  3.2103e-02  2.0935e-02 -1.8745e+01 -3.2103e-02 -2.0935e-02  1.4184e+01  5.1161e-02  2.9469e-02 -1.4184e+01 -5.1161e-02 -2.9469e-02
-4.2500e+00     1.6639e+01  2.7246e-02  1.8015e-02 -1.6639e+01 -2.7246e-02 -1.8015e-02  1.4331e+01  5.1407e-02  2.9631e-02 -1.4331e+01 -5.1407e-02 -2.9631e-02
-4.2417e+00     1.5449e+01  2.4252e-02  1.6343e-02 -1.5449e+01 -2.4252e-02 -1.6343e-02  1.4465e+01  5.1622e-02  2.9774e-02 -1.4465e+01 -5.1622e-02 -2.9774e-02
-4.2333e+00     1.4875e+01  2.6112e-02  1.7644e-02 -1.4875e+01 -2.6112e-02 -1.7644e-02  1.4591e+01  5.1831e-02  2.9915e-02 -1.4591e+01 -5.1831e-02 -2.9915e-02
-4.2250e+00     1.7405e+01  2.5098e-02  1.8246e-02 -1.7405e+01 -2.5098e-02 -1.8246e-02  1.4725e+01  5.2044e-02  3.0064e-02 -1.4725e+01 -5.2044e-02 -3.0064e-02
-4.2167e+00     9.1919e+00  1.4284e-02  1.1256e-02 -9.1919e+00 -1.4284e-02 -1.1256e-02  1.4836e+01  5.2208e-02  3.0187e-02 -1.4836e+01 -5.2208e-02 -3.0187e-02
-4.2083e+00     7.3046e+00  1.2361e-02  9.6568e-03 -7.3046e+00 -1.2361e-02 -9.6568e-03  1.4904e+01  5.2319e-02  3.0274e-02 -1.4904e+01 -5.2319e-02 -3.0274e-02
-4.2000e+00     9.8206e+00  1.5162e-02  1.2474e-02 -9.8206e+00 -1.5162e-02 -1.2474e-02  1.4976e+01  5.2433e-02  3.0366e-02 -1.4976e+01 -5.2433e-02 -3.0366e-02
-4.1917e+00     1.3588e+01  2.2179e-02  1.7998e-02 -1.3588e+01 -2.2179e-02 -1.7998e-02  1.5073e+01  5.2589e-02  3.0493e-02 -1.5073e+01 -5.2589e-02 -3.0493e-02
-4.1833e+00     1.2019e+01  2.1226e-02  1.7177e-02 -1.2019e+01 -2.1226e-02 -1.7177e-02  1.5180e+01  5.2769e-02  3.0639e-02 -1.5180e+01 -5.2769e-02 -3.0639e-02
-4.1750e+00     1.5393e+01  3.3093e-02  2.2235e-02 -1.5393e+01 -3.3093e-02 -2.2235e-02  1.5294e+01  5.2995e-02  3.0803e-02 -1.5294e+01 -5.2995e-02 -3.0803e-02
-4.1667e+00     1.7486e+01  4.4894e-02  2.7685e-02 -1.7486e+01 -4.4894e-02 -2.7685e-02  1.5430e+01  5.3320e-02  3.1011e-02 -1.5430e+01 -5.3320e-02 -3.1011e-02
-4.1583e+00     1.5909e+01  4.4769e-02  2.7244e-02 -1.5909e+01 -4.4769e-02 -2.7244e-02  1.5569e+01  5.3693e-02  3.1239e-02 -1.5569e+01 -5.3693e-02 -3.1239e-02
-4.1500e+00     1.4381e+01  4.4216e-02  2.7873e-02 -1.4381e+01 -4.4216e-02 -2.7873e-02  1.5695e+01  5.4063e-02  3.1468e-02 -1.5695e+01 -5.4063e-02 -3.1468e-02
-4.1417e+00     1.6906e+01  5.6466e-02  3.3939e-02 -1.6906e+01 -5.6466e-02 -3.3939e-02  1.5825e+01  5.4482e-02  3.1726e-02 -1.5825e+01 -5.4482e-02 -3.1726e-02
-4.1333e+00     1.9880e+01  7.1195e-02  4.1701e-02 -1.9880e+01 -7.1195e-02 -4.1701e-02  1.5978e+01  5.5013e-02  3.2040e-02 -1.5978e+01 -5.5013e-02 -3.2040e-02
-4.1250e+00     1.9093e+01  6.3270e-02  3.6784e-02 -1.9093e+01 -6.3270e-02 -3.6784e-02  1.6141e+01  5.5572e-02  3.2367e-02 -1.6141e+01 -5.5572e-02 -3.2367e-02
-4.1167e+00     1.3941e+01  5.0144e-02  2.6567e-02 -1.3941e+01 -5.0143e-02 -2.6567e-02  1.6278e+01  5.6044e-02  3.2630e-02 -1.6278e+01 -5.6044e-02 -3.2630e-02
-4.1083e+00     1.3298e+01  4.9460e-02  2.6337e-02 -1.3298e+01 -4.9460e-02 -2.6337e-02  1.6391e+01  5.6458e-02  3.2850e-02 -1.6391e+01 -5.6458e-02 -3.2850e-02
-4.1000e+00     1.2783e+01  4.9723e-02  2.7561e-02 -1.2783e+01 -4.9723e-02 -2.7561e-02  1.6500e+01  5.6871e-02  3.3074e-02 -1.6500e+01 -5.6871e-02 -3.3074e-02
-4.0917e+00     1.3566e+01  5.7098e-02  4.3693e-02 -1.3566e+01 -5.7098e-02 -4.3694e-02  1.6609e+01  5.7315e-02  3.3371e-02 -1.6609e+01 -5.7315e-02 -3.3371e-02
-4.0833e+00     1.5492e+01  6.5361e-02  5.6517e-02 -1.5492e+01 -6.5361e-02 -5.6517e-02  1.6730e+01  5.7824e-02  3.3788e-02 -1.6730e+01 -5.7824e-02 -3.3788e-02
-4.0750e+00     1.3855e+01  5.4512e-02  4.3720e-02 -1.3855e+01 -5.4512e-02 -4.3721e-02  1.6852e+01  5.8323e-02  3.4205e-02 -1.6852e+01 -5.8323e-02 -3.4205e-02
-4.0667e+00     1.3992e+01  4.3536e-02  3.5187e-02 -1.3992e+01 -4.3536e-02 -3.5187e-02  1.6968e+01  5.8731e-02  3.4533e-02 -1.6968e+01 -5.8731e-02 -3.4533e-02
-4.0583e+00     1.4567e+01  3.5772e-02  3.4035e-02 -1.4567e+01 -3.5772e-02 -3.4035e-02  1.7087e+01  5.9061e-02  3.4821e-02 -1.7087e+01 -5.9061e-02 -3.4821e-02
-4.0500e+00     1.7200e+01  3.2432e-02  4.0481e-02 -1.7200e+01 -3.2432e-02 -4.0481e-02  1.7219e+01  5.9344e-02  3.5131e-02 -1.7219e+01 -5.9344e-02 -3.5131e-02
-4.0417e+00     1.9004e+01  2.8373e-02  4.5383e-02 -1.9004e+01 -2.8373e-02 -4.5383e-02  1.7370e+01  5.9597e-02  3.5488e-02 -1.7370e+01 -5.9597e-02 -3.5488e-02
-4.0333e+00     1.4696e+01  2.4299e-02  3.6997e-02 -1.4696e+01 -2.4299e-02 -3.6998e-02  1.7510e+01  5.9816e-02  3.5831e-02 -1.7510e+01 -5.9816e-02 -3.5831e-02
-4.0250e+00     1.4670e+01  2.6114e-02  3.7250e-02 -1.4670e+01 -2.6114e-02 -3.7250e-02  1.7632e+01  6.0026e-02  3.6139e-02 -1.7632e+01 -6.0026e-02 -3.6140e-02
-4.0167e+00     1.6492e+01  2.8877e-02  3.7125e-02 -1.6492e+01 -2.8877e-02 -3.7125e-02  1.7762e+01  6.0255e-02  3.6449e-02 -1.7762e+01 -6.0255e-02 -3.6449e-02
-4.0083e+00     1.7128e+01  2.7276e-02  3.1343e-02 -1.7128e+01 -2.7276e-02 -3.1343e-02  1.7902e+01  6.0489e-02  3.6734e-02 -1.7902e+01 -6.0489e-02 -3.6734e-02
-4.0000e+00     2.2440e+01  3.0212e-02  3.6868e-02 -2.2440e+01 -3.0212e-02 -3.6868e-02  1.8066e+01  6.0728e-02  3.7017e-02 -1.8066e+01 -6.0728e-02 -3.7017e-02
-3.9917e+00     2.0975e+01  3.0434e-02  3.2514e-02 -2.0975e+01 -3.0434e-02 -3.2514e-02  1.8247e+01  6.0980e-02  3.7306e-02 -1.8247e+01 -6.0980e-02 -3.7306e-02
-3.9833e+00     1.8034e+01  2.8904e-02  3.2175e-02 -1.8034e+01 -2.8904e-02 -3.2175e-02  1.8409e+01  6.1227e-02  3.7575e-02 -1.8409e+01 -6.1227e-02 -3.7575e-02
-3.9750e+00     1.6966e+01  2.8849e-02  3.1542e-02 -1.6966e+01 -2.8849e-02 -3.1543e-02  1.8555e+01  6.1467e-02  3.7840e-02 -1.8555e+01 -6.1467e-02 -3.7840e-02
-3.9667e+00     1.0048e+01  1.9972e-02  1.9177e-02 -1.0048e+01 -1.9972e-02 -1.9177e-02  1.8667e+01  6.1670e-02  3.8051e-02 -1.8667e+01 -6.1670e-02 -3.8051e-02
-3.9583e+00     1.1301e+01  2.0390e-02  2.2473e-02 -1.1301e+01 -2.0390e-02 -2.2473e-02  1.8756e+01  6.1838e-02  3.8224e-02 -1.8756e+01 -6.1838e-02 -3.8224e-02
-3.9500e+00     2.7611e+01  3.6370e-02  5.1854e-02 -2.7611e+01 -3.6370e-02 -5.1854e-02  1.8918e+01  6.2074e-02  3.8534e-02 -1.8918e+01 -6.2074e-02 -3.8534e-02
-3.9417e+00     2.6791e+01  3.5149e-02  5.4646e-02 -2.6791e+01 -3.5149e-02 -5.4647e-02  1.9144e+01  6.2372e-02  3.8977e-02 -1.9144e+01 -6.2372e-02 -3.8977e-02
-3.9333e+00     2.2924e+01  2.6824e-02  5.3485e-02 -2.2924e+01 -2.6824e-02 -5.3486e-02  1.9351e+01  6.2629e-02  3.9426e-02 -1.9351e+01 -6.2629e-02 -3.9426e-02
-3.9250e+00     1.4124e+01  1.5557e-02  4.0897e-02 -1.4124e+01 -1.5557e-02 -4.0898e-02  1.9505e+01  6.2806e-02  3.9819e-02 -1.9505e+01 -6.2806e-02 -3.9819e-02
-3.9167e+00     1.2705e+01  1.5459e-02  4.4615e-02 -1.2705e+01 -1.5459e-02 -4.4616e-02  1.9616e+01  6.2935e-02  4.0175e-02 -1.9616e+01 -6.2935e-02 -4.0175e-02
-3.9083e+00     9.7729e+00  1.4857e-02  3.8868e-02 -9.7729e+00 -1.4857e-02 -3.8868e-02  1.9710e+01  6.3061e-02  4.0522e-02 -1.9710e+01 -6.3061e-02 -4.0522e-02
-3.9000e+00     1.1551e+01  1.9668e-02  4.4745e-02 -1.1551e+01 -1.9668e-02 -4.4745e-02  1.9799e+01  6.3204e-02  4.0870e-02 -1.9799e+01 -6.3204e-02 -4.0870e-02
-3.8917e+00     1.6394e+01  2.9616e-02  5.7418e-02 -1.6394e+01 -2.9616e-02 -5.7418e-02  1.9915e+01  6.3409e-02  4.1295e-02 -1.9915e+01 -6.3409e-02 -4.1295e-02
-3.8833e+00     1.7444e+01  3.0972e-02  6.2558e-02 -1.7444e+01 -3.0972e-02 -6.2558e-02  2.0056e+01  6.3661e-02  4.1794e-02 -2.0056e+01 -6.3661e-02 -4.1794e-02
-3.8750e+00     1.4008e+01  2.2817e-02  5.8277e-02 -1.4009e+01 -2.2817e-02 -5.8277e-02  2.0186e+01  6.3885e-02  4.2296e-02 -2.0186e+01 -6.3885e-02 -4.2297e-02
-3.8667e+00     1.3160e+01  1.8658e-02  5.8833e-02 -1.3160e+01 -1.8658e-02 -5.8833e-02  2.0300e+01  6.4058e-02  4.2784e-02 -2.0300e+01 -6.4058e-02 -4.2784e-02
-3.8583e+00     1.4359e+01  1.8262e-02  6.9256e-02 -1.4359e+01 -1.8262e-02 -6.9256e-02  2.0414e+01  6.4211e-02  4.3316e-02 -2.0414e+01 -6.4211e-02 -4.3316e-02
-3.8500e+00     1.7202e+01  1.9893e-02  9.2336e-02 -1.7202e+01 -1.9893e-02 -9.2336e-02  2.0545e+01  6.4370e-02  4.3989e-02 -2.0545e+01 -6.4370e-02 -4.3989e-02
-3.8417e+00     1.1985e+01  1.3970e-02  6.4474e-02 -1.1985e+01 -1.3970e-02 -6.4475e-02  2.0667e+01  6.4511e-02  4.4641e-02 -2.0667e+01 -6.4511e-02 -4.4641e-02
-3.8333e+00     1.0055e+01  1.2520e-02  5.3940e-02 -1.0055e+01 -1.2520e-02 -5.3941e-02  2.0758e+01  6.4621e-02  4.5133e-02 -2.0758e+01 -6.4621e-02 -4.5134e-02
-3.8250e+00     1.0698e+01  1.2094e-02  5.0348e-02 -1.0698e+01 -1.2094e-02 -5.0348e-02  2.0845e+01  6.4723e-02  4.5567e-02 -2.0845e+01 -6.4723e-02 -4.5567e-02
-3.8167e+00     1.0146e+01  1.1379e-02  4.5529e-02 -1.0146e+01 -1.1379e-02 -4.5529e-02  2.0931e+01  6.4821e-02  4.5966e-02 -2.0931e+01 -6.4821e-02 -4.5966e-02
-3.8083e+00     8.4202e+00  9.4571e-03  3.5021e-02 -8.4202e+00 -9.4571e-03 -3.5021e-02  2.1009e+01  6.4908e-02  4.6301e-02 -2.1009e+01 -6.4908e-02 -4.6301e-02
-3.8000e+00     7.3777e+00  8.6050e-03  3.1363e-02 -7.3777e+00 -8.6050e-03 -3.1363e-02  2.1074e+01  6.4983e-02  4.6577e-02 -2.1074e+01 -6.4983e-02 -4.6577e-02
-3.7917e+00     6.8025e+00  8.5157e-03  3.0482e-02 -6.8025e+00 -8.5157e-03 -3.0482e-02  2.1133e+01  6.5054e-02  4.6835e-02 -2.1133e+01 -6.5054e-02 -4.6835e-02
-3.7833e+00     6.3767e+00  8.5909e-03  3.0391e-02 -6.3767e+00 -8.5909e-03 -3.0392e-02  2.1188e+01  6.5125e-02  4.7088e-02 -2.1188e+01 -6.5125e-02 -4.7088e-02
-3.7750e+00     6.1630e+00  8.8060e-03  3.1027e-02 -6.1630e+00 -8.8060e-03 -3.1027e-02  2.1240e+01  6.5198e-02  4.7343e-02 -2.1240e+01 -6.5198e-02 -4.7343e-02
-3.7667e+00     6.1224e+00  9.1117e-03  3.2042e-02 -6.1224e+00 -9.1117e-03 -3.2042e-02  2.1291e+01  6.5272e-02  4.7606e-02 -2.1291e+01 -6.5272e-02 -4.7606e-02
-3.7583e+00     6.1498e+00  9.4905e-03  3.3471e-02 -6.1498e+00 -9.4905e-03 -3.3472e-02  2.1342e+01  6.5350e-02  4.7878e-02 -2.1342e+01 -6.5350e-02 -4.7878e-02
-3.7500e+00     6.0659e+00  9.8105e-03  3.4934e-02 -6.0659e+00 -9.8105e-03 -3.4934e-02  2.1393e+01  6.5430e-02  4.8163e-02 -2.1393e+01 -6.5430e-02 -4.8163e-02
-3.7417e+00     7.0483e+00  1.1415e-02  3.7038e-02 -7.0483e+00 -1.1415e-02 -3.7038e-02  2.1448e+01  6.5518e-02  4.8462e-02 -2.1448e+01 -6.5518e-02 -4.8462e-02
-3.7333e+00     7.3512e+00  1.1743e-02  3.7324e-02 -7.3512e+00 -1.1743e-02 -3.7324e-02  2.1508e+01  6.5614e-02  4.8771e-02 -2.1508e+01 -6.5614e-02 -4.8771e-02
-3.7250e+00     7.5855e+00  1.1965e-02  3.7469e-02 -7.5855e+00 -1.1965e-02 -3.7469e-02  2.1570e+01  6.5713e-02  4.9083e-02 -2.1570e+01 -6.5713e-02 -4.9083e-02
-3.7167e+00     7.4923e+00  1.1662e-02  3.6319e-02 -7.4923e+00 -1.1662e-02 -3.6319e-02  2.1633e+01  6.5811e-02  4.9389e-02 -2.1633e+01 -6.5811e-02 -4.9390e-02
-3.7083e+00     7.3364e+00  1.1232e-02  3.4983e-02 -7.3364e+00 -1.1232e-02 -3.4983e-02  2.1694e+01  6.5907e-02  4.9686e-02 -2.1694e+01 -6.5907e-02 -4.9686e-02
-3.7000e+00     7.1767e+00  1.0764e-02  3.3705e-02 -7.1767e+00 -1.0764e-02 -3.3705e-02  2.1755e+01  6.5998e-02  4.9972e-02 -2.1755e+01 -6.5998e-02 -4.9972e-02
-3.6917e+00     7.0221e+00  1.0296e-02  3.2736e-02 -7.0221e+00 -1.0296e-02 -3.2736e-02  2.1814e+01  6.6086e-02  5.0248e-02 -2.1814e+01 -6.6086e-02 -5.0248e-02
-3.6833e+00     7.1783e+00  1.0585e-02  3.7939e-02 -7.1783e+00 -1.0585e-02 -3.7940e-02  2.1873e+01  6.6173e-02  5.0542e-02 -2.1873e+01 -6.6173e-02 -5.0542e-02
-3.6750e+00     7.2170e+00  1.0541e-02  4.1014e-02 -7.2170e+00 -1.0541e-02 -4.1014e-02  2.1933e+01  6.6260e-02  5.0871e-02 -2.1933e+01 -6.6260e-02 -5.0871e-02
-3.6667e+00     7.6482e+00  1.0756e-02  4.5165e-02 -7.6482e+00 -1.0756e-02 -4.5165e-02  2.1994e+01  6.6349e-02  5.1229e-02 -2.1994e+01 -6.6349e-02 -5.1229e-02
-3.6583e+00     8.4697e+00  1.1264e-02  5.1677e-02 -8.4697e+00 -1.1264e-02 -5.1678e-02  2.2062e+01  6.6441e-02  5.1632e-02 -2.2062e+01 -6.6441e-02 -5.1632e-02
-3.6500e+00     9.9118e+00  1.2413e-02  6.1546e-02 -9.9118e+00 -1.2413e-02 -6.1546e-02  2.2138e+01  6.6539e-02  5.2103e-02 -2.2138e+01 -6.6539e-02 -5.2103e-02
-3.6417e+00     1.1418e+01  1.3495e-02  7.2430e-02 -1.1418e+01 -1.3495e-02 -7.2431e-02  2.2227e+01  6.6647e-02  5.2660e-02 -2.2227e+01 -6.6647e-02 -5.2660e-02
-3.6333e+00     1.7278e+01  2.1134e-02  1.5279e-01 -1.7278e+01 -2.1134e-02 -1.5279e-01  2.2346e+01  6.6791e-02  5.3597e-02 -2.2346e+01 -6.6791e-02 -5.3597e-02
-3.6250e+00     1.5695e+01  1.7436e-02  1.2727e-01 -1.5695e+01 -1.7436e-02 -1.2727e-01  2.2483e+01  6.6951e-02  5.4762e-02 -2.2483e+01 -6.6951e-02 -5.4762e-02
-3.6167e+00     1.0560e+01  1.1257e-02  7.6161e-02 -1.0560e+01 -1.1257e-02 -7.6161e-02  2.2592e+01  6.7071e-02  5.5608e-02 -2.2592e+01 -6.7071e-02 -5.5608e-02
-3.6083e+00     5.9831e+00  6.8802e-03  4.2042e-02 -5.9831e+00 -6.8802e-03 -4.2042e-02  2.2661e+01  6.7146e-02  5.6100e-02 -2.2661e+01 -6.7146e-02 -5.6100e-02
-3.6000e+00     7.4884e+00  1.1786e-02  7.5566e-02 -7.4885e+00 -1.1786e-02 -7.5567e-02  2.2717e+01  6.7224e-02  5.6589e-02 -2.2717e+01 -6.7224e-02 -5.6589e-02
-3.5917e+00     1.6460e+01  3.1615e-02  2.1142e-01 -1.6460e+01 -3.1615e-02 -2.1142e-01  2.2817e+01  6.7404e-02  5.7783e-02 -2.2817e+01 -6.7404e-02 -5.7783e-02
-3.5833e+00     1.6551e+01  3.5838e-02  1.8921e-01 -1.6551e+01 -3.5838e-02 -1.8921e-01  2.2954e+01  6.7685e-02  5.9449e-02 -2.2954e+01 -6.7685e-02 -5.9450e-02
-3.5750e+00     1.4548e+01  3.5126e-02  1.3612e-01 -1.4548e+01 -3.5126e-02 -1.3612e-01  2.3084e+01  6.7980e-02  6.0803e-02 -2.3084e+01 -6.7980e-02 -6.0803e-02
-3.5667e+00     1.3704e+01  3.6555e-02  1.4881e-01 -1.3704e+01 -3.6555e-02 -1.4881e-01  2.3201e+01  6.8278e-02  6.1988e-02 -2.3201e+01 -6.8278e-02 -6.1988e-02
-3.5583e+00     1.3998e+01  4.5747e-02  1.7290e-01 -1.3998e+01 -4.5747e-02 -1.7290e-01  2.3316e+01  6.8621e-02  6.3326e-02 -2.3316e+01 -6.8621e-02 -6.3326e-02
-3.5500e+00     1.3109e+01  5.5063e-02  2.2091e-01 -1.3109e+01 -5.5063e-02 -2.2091e-01  2.3429e+01  6.9040e-02  6.4964e-02 -2.3429e+01 -6.9040e-02 -6.4964e-02
-3.5417e+00     1.0892e+01  5.3454e-02  2.1937e-01 -1.0892e+01 -5.3454e-02 -2.1937e-01  2.3529e+01  6.9491e-02  6.6796e-02 -2.3529e+01 -6.9491e-02 -6.6796e-02
-3.5333e+00     1.1132e+01  5.4375e-02  2.1246e-01 -1.1132e+01 -5.4375e-02 -2.1246e-01  2.3621e+01  6.9940e-02  6.8592e-02 -2.3621e+01 -6.9940e-02 -6.8592e-02
-3.5250e+00     2.9190e+01  1.0079e-01  4.3177e-01 -2.9190e+01 -1.0079e-01 -4.3178e-01  2.3788e+01  7.0585e-02  7.1272e-02 -2.3788e+01 -7.0585e-02 -7.1272e-02
-3.5167e+00     2.9062e+01  1.1941e-01  5.5501e-01 -2.9062e+01 -1.1941e-01 -5.5501e-01  2.4031e+01  7.1501e-02  7.5377e-02 -2.4031e+01 -7.1501e-02 -7.5377e-02
-3.5083e+00     2.5520e+01  1.1532e-01  5.3869e-01 -2.5520e+01 -1.1532e-01 -5.3869e-01  2.4258e+01  7.2478e-02  7.9926e-02 -2.4258e+01 -7.2478e-02 -7.9926e-02
-3.5000e+00     1.7522e+01  9.0100e-02  4.0187e-01 -1.7522e+01 -9.0101e-02 -4.0187e-01  2.4437e+01  7.3332e-02  8.3839e-02 -2.4437e+01 -7.3332e-02 -8.3839e-02
-3.4917e+00     1.5774e+01  9.8722e-02  4.4136e-01 -1.5774e+01 -9.8722e-02 -4.4136e-01  2.4575e+01  7.4118e-02  8.7346e-02 -2.4575e+01 -7.4118e-02 -8.7346e-02
-3.4833e+00     2.0307e+01  1.5879e-01  6.8073e-01 -2.0307e+01 -1.5879e-01 -6.8074e-01  2.4725e+01  7.5189e-02  9.2014e-02 -2.4725e+01 -7.5189e-02 -9.2014e-02
-3.4750e+00     2.3868e+01  1.6749e-01  7.5196e-01 -2.3868e+01 -1.6749e-01 -7.5196e-01  2.4909e+01  7.6546e-02  9.7973e-02 -2.4909e+01 -7.6546e-02 -9.7974e-02
-3.4667e+00     1.7618e+01  1.0240e-01  5.2456e-01 -1.7618e+01 -1.0240e-01 -5.2456e-01  2.5082e+01  7.7669e-02  1.0328e-01 -2.5082e+01 -7.7669e-02 -1.0328e-01
-3.4583e+00     1.0760e+01  5.6782e-02  3.2398e-01 -1.0760e+01 -5.6782e-02 -3.2398e-01  2.5200e+01  7.8331e-02  1.0681e-01 -2.5200e+01 -7.8331e-02 -1.0681e-01
-3.4500e+00     7.9065e+00  3.9360e-02  2.4634e-01 -7.9065e+00 -3.9360e-02 -2.4634e-01  2.5277e+01  7.8731e-02  1.0919e-01 -2.5277e+01 -7.8731e-02 -1.0919e-01
-3.4417e+00     6.5767e+00  3.0284e-02  1.9024e-01 -6.5767e+00 -3.0284e-02 -1.9024e-01  2.5338e+01  7.9021e-02  1.1100e-01 -2.5338e+01 -7.9021e-02 -1.1100e-01
-3.4333e+00     6.0812e+00  2.4847e-02  1.6482e-01 -6.0812e+00 -2.4847e-02 -1.6482e-01  2.5390e+01  7.9250e-02  1.1248e-01 -2.5390e+01 -7.9250e-02 -1.1248e-01
-3.4250e+00     5.8404e+00  2.0672e-02  1.4963e-01 -5.8404e+00 -2.0672e-02 -1.4963e-01  2.5440e+01  7.9439e-02  1.1379e-01 -2.5440e+01 -7.9439e-02 -1.1379e-01
-3.4167e+00     5.2736e+00  1.7227e-02  1.2910e-01 -5.2736e+00 -1.7227e-02 -1.2910e-01  2.5486e+01  7.9597e-02  1.1495e-01 -2.5486e+01 -7.9597e-02 -1.1495e-01
-3.4083e+00     4.8953e+00  1.5248e-02  1.1361e-01 -4.8953e+00 -1.5248e-02 -1.1361e-01  2.5528e+01  7.9732e-02  1.1596e-01 -2.5528e+01 -7.9732e-02 -1.1596e-01
-3.4000e+00     4.9683e+00  1.5085e-02  1.1470e-01 -4.9683e+00 -1.5085e-02 -1.1470e-01  2.5569e+01  7.9858e-02  1.1691e-01 -2.5569e+01 -7.9858e-02 -1.1691e-01
-3.3917e+00     4.9196e+00  1.6889e-02  1.1934e-01 -4.9196e+00 -1.6889e-02 -1.1934e-01  2.5610e+01  7.9991e-02  1.1788e-01 -2.5610e+01 -7.9991e-02 -1.1788e-01
-3.3833e+00     4.8407e+00  1.8706e-02  1.2225e-01 -4.8407e+00 -1.8706e-02 -1.2226e-01  2.5651e+01  8.0139e-02  1.1888e-01 -2.5651e+01 -8.0139e-02 -1.1888e-01
-3.3750e+00     4.7560e+00  2.0302e-02  1.2516e-01 -4.7560e+00 -2.0302e-02 -1.2516e-01  2.5691e+01  8.0302e-02  1.1991e-01 -2.5691e+01 -8.0302e-02 -1.1991e-01
-3.3667e+00     4.6756e+00  2.1525e-02  1.3152e-01 -4.6756e+00 -2.1525e-02 -1.3152e-01  2.5730e+01  8.0476e-02  1.2098e-01 -2.5730e+01 -8.0476e-02 -1.2098e-01
-3.3583e+00     4.5066e+00  2.2176e-02  1.3473e-01 -4.5066e+00 -2.2176e-02 -1.3473e-01  2.5768e+01  8.0657e-02  1.2209e-01 -2.5768e+01 -8.0657e-02 -1.2209e-01
-3.3500e+00     4.2472e+00  2.2253e-02  1.3466e-01 -4.2472e+00 -2.2253e-02 -1.3467e-01  2.5805e+01  8.0842e-02  1.2321e-01 -2.5805e+01 -8.0842e-02 -1.2321e-01
-3.3417e+00     3.2028e+00  1.5205e-02  1.0675e-01 -3.2028e+00 -1.5205e-02 -1.0675e-01  2.5836e+01  8.0998e-02  1.2421e-01 -2.5836e+01 -8.0998e-02 -1.2421e-01
-3.3333e+00     2.1530e+00  8.0768e-03  7.5167e-02 -2.1530e+00 -8.0768e-03 -7.5167e-02  2.5858e+01  8.1095e-02  1.2497e-01 -2.5858e+01 -8.1095e-02 -1.2497e-01
-3.3250e+00     1.7069e+00  6.6458e-03  6.3067e-02 -1.7069e+00 -6.6458e-03 -6.3067e-02  2.5874e+01  8.1156e-02  1.2554e-01 -2.5874e+01 -8.1156e-02 -1.2555e-01
-3.3167e+00     9.9534e-01  3.9512e-03  3.8477e-02 -9.9532e-01 -3.9512e-03 -3.8477e-02  2.5885e+01  8.1200e-02  1.2597e-01 -2.5885e+01 -8.1200e-02 -1.2597e-01
-3.3083e+00     0.0000e+00  0.0000e+00  0.0000e+00 -0.0000e+00 -0.0000e+00 -0.0000e+00  2.5890e+01  8.1217e-02  1.2613e-01 -2.5890e+01 -8.1217e-02 -1.2613e-01
-3.3000e+00     1.8936e+00  3.6969e-02  1.1655e-01 -1.8937e+00 -3.6972e-02 -1.1656e-01  2.5897e+01  8.1370e-02  1.2661e-01 -2.5897e+01 -8.1370e-02 -1.2661e-01
-3.2917e+00     1.0256e+01  2.0392e-01  6.0801e-01 -1.0256e+01 -2.0392e-01 -6.0802e-01  2.5948e+01  8.2372e-02  1.2963e-01 -2.5948e+01 -8.2372e-02 -1.2963e-01
-3.2833e+00     1.2374e+01  2.7424e-01  8.3568e-01 -1.2374e+01 -2.7425e-01 -8.3570e-01  2.6042e+01  8.4361e-02  1.3563e-01 -2.6042e+01 -8.4361e-02 -1.3563e-01
-3.2750e+00     1.3237e+01  3.3774e-01  1.0428e+00 -1.3237e+01 -3.3774e-01 -1.0428e+00  2.6149e+01  8.6907e-02  1.4345e-01 -2.6149e+01 -8.6907e-02 -1.4345e-01
-3.2667e+00     1.3952e+01  3.6729e-01  1.1009e+00 -1.3952e+01 -3.6729e-01 -1.1009e+00  2.6262e+01  8.9840e-02  1.5236e-01 -2.6262e+01 -8.9840e-02 -1.5236e-01
-3.2583e+00     1.5215e+01  4.1823e-01  1.0818e+00 -1.5215e+01 -4.1823e-01 -1.0818e+00  2.6383e+01  9.3107e-02  1.6144e-01 -2.6383e+01 -9.3107e-02 -1.6144e-01
-3.2500e+00     1.5746e+01  4.4260e-01  1.0013e+00 -1.5746e+01 -4.4260e-01 -1.0013e+00  2.6512e+01  9.6688e-02  1.7011e-01 -2.6512e+01 -9.6688e-02 -1.7011e-01
-3.2417e+00     1.6919e+01  4.4481e-01  1.1522e+00 -1.6919e+01 -4.4481e-01 -1.1522e+00  2.6648e+01  1.0038e-01  1.7907e-01 -2.6648e+01 -1.0038e-01 -1.7907e-01
-3.2333e+00     1.7593e+01  3.6893e-01  1.1622e+00 -1.7593e+01 -3.6893e-01 -1.1622e+00  2.6791e+01  1.0376e-01  1.8869e-01 -2.6791e+01 -1.0376e-01 -1.8869e-01
-3.2250e+00     1.3629e+00  2.6536e-02  9.3181e-02 -1.3628e+00 -2.6533e-02 -9.3174e-02  2.6870e+01  1.0541e-01  1.9392e-01 -2.6870e+01 -1.0541e-01 -1.9392e-01
-3.2167e+00     0.0000e+00  0.0000e+00  0.0000e+00 -0.0000e+00 -0.0000e+00 -0.0000e+00  2.6876e+01  1.0552e-01  1.9430e-01 -2.6876e+01 -1.0552e-01 -1.9430e-01
-3.2083e+00     0.0000e+00  0.0000e+00  0.0000e+00 -0.0000e+00 -0.0000e+00 -0.0000e+00  2.6876e+01  1.0552e-01  1.9430e-01 -2.6876e+01 -1.0552e-01 -1.9430e-01
-3.2000e+00     0.0000e+00  0.0000e+00  0.0000e+00 -0.0000e+00 -0.0000e+00 -0.0000e+00  2.6876e+01  1.0552e-01  1.9430e-01 -2.6876e+01 -1.0552e-01 -1.9430e-01
-3.1917e+00     2.3735e+00  3.1826e-02  1.8754e-02 -2.3735e+00 -3.1826e-02 -1.8753e-02  2.6886e+01  1.0565e-01  1.9438e-01 -2.6886e+01 -1.0565e-01 -1.9438e-01
-3.1833e+00     6.0346e+00  7.1988e-02  7.9462e-02 -6.0346e+00 -7.1988e-02 -7.9462e-02  2.6921e+01  1.0608e-01  1.9479e-01 -2.6921e+01 -1.0608e-01 -1.9479e-01
-3.1750e+00     4.6503e+00  4.6620e-02  6.6360e-02 -4.6503e+00 -4.6620e-02 -6.6360e-02  2.6965e+01  1.0658e-01  1.9540e-01 -2.6965e+01 -1.0658e-01 -1.9540e-01
-3.1667e+00     3.9703e+00  3.3314e-02  6.2104e-02 -3.9703e+00 -3.3314e-02 -6.2104e-02  2.7001e+01  1.0691e-01  1.9593e-01 -2.7001e+01 -1.0691e-01 -1.9593e-01
-3.1583e+00     4.5604e+00  3.7404e-02  7.1361e-02 -4.5603e+00 -3.7404e-02 -7.1362e-02  2.7036e+01  1.0720e-01  1.9649e-01 -2.7036e+01 -1.0720e-01 -1.9649e-01
-3.1500e+00     5.0938e+00  4.0956e-02  8.1009e-02 -5.0938e+00 -4.0956e-02 -8.1010e-02  2.7077e+01  1.0753e-01  1.9712e-01 -2.7077e+01 -1.0753e-01 -1.9712e-01
-3.1417e+00     5.5705e+00  4.3972e-02  9.1048e-02 -5.5705e+00 -4.3972e-02 -9.1048e-02  2.7121e+01  1.0788e-01  1.9783e-01 -2.7121e+01 -1.0788e-01 -1.9784e-01
-3.1333e+00     6.1572e+00  4.3444e-02  1.1639e-01 -6.1572e+00 -4.3444e-02 -1.1640e-01  2.7170e+01  1.0825e-01  1.9870e-01 -2.7170e+01 -1.0825e-01 -1.9870e-01
-3.1250e+00     1.1406e+01  8.0156e-02  2.1056e-01 -1.1406e+01 -8.0156e-02 -2.1056e-01  2.7243e+01  1.0876e-01  2.0006e-01 -2.7243e+01 -1.0876e-01 -2.0006e-01
-3.1167e+00     1.6996e+01  1.1980e-01  3.1296e-01 -1.6996e+01 -1.1980e-01 -3.1296e-01  2.7361e+01  1.0959e-01  2.0224e-01 -2.7361e+01 -1.0959e-01 -2.0224e-01
-3.1083e+00     1.6723e+01  9.9576e-02  3.5399e-01 -1.6723e+01 -9.9576e-02 -3.5399e-01  2.7501e+01  1.1051e-01  2.0501e-01 -2.7501e+01 -1.1051e-01 -2.0501e-01
-3.1000e+00     1.7940e+01  9.8715e-02  3.6608e-01 -1.7940e+01 -9.8715e-02 -3.6608e-01  2.7645e+01  1.1133e-01  2.0801e-01 -2.7645e+01 -1.1133e-01 -2.0801e-01
-3.0917e+00     2.8703e+01  1.5077e-01  5.5021e-01 -2.8703e+01 -1.5077e-01 -5.5021e-01  2.7839e+01  1.1237e-01  2.1182e-01 -2.7839e+01 -1.1237e-01 -2.1182e-01
-3.0833e+00     9.3570e+00  2.6538e-02  2.1345e-01 -9.3571e+00 -2.6539e-02 -2.1345e-01  2.7998e+01  1.1311e-01  2.1499e-01 -2.7998e+01 -1.1311e-01 -2.1499e-01
-3.0750e+00     6.7176e+00  1.3913e-02  1.5666e-01 -6.7176e+00 -1.3913e-02 -1.5666e-01  2.8065e+01  1.1327e-01  2.1653e-01 -2.8065e+01 -1.1327e-01 -2.1653e-01
-3.0667e+00     7.8052e+00  1.5239e-02  1.8781e-01 -7.8052e+00 -1.5239e-02 -1.8781e-01  2.8125e+01  1.1340e-01  2.1797e-01 -2.8125e+01 -1.1340e-01 -2.1797e-01
-3.0583e+00     9.3528e+00  1.9980e-02  2.6554e-01 -9.3528e+00 -1.9980e-02 -2.6554e-01  2.8196e+01  1.1354e-01  2.1985e-01 -2.8196e+01 -1.1354e-01 -2.1985e-01
-3.0500e+00     1.2666e+01  2.6207e-02  3.4690e-01 -1.2666e+01 -2.6207e-02 -3.4690e-01  2.8288e+01  1.1373e-01  2.2240e-01 -2.8288e+01 -1.1373e-01 -2.2240e-01
-3.0417e+00     1.5858e+01  3.2680e-02  4.3735e-01 -1.5858e+01 -3.2680e-02 -4.3735e-01  2.8407e+01  1.1398e-01  2.2566e-01 -2.8407e+01 -1.1398e-01 -2.2566e-01
-3.0333e+00     1.9658e+01  4.7371e-02  4.9380e-01 -1.9658e+01 -4.7370e-02 -4.9379e-01  2.8554e+01  1.1431e-01  2.2953e-01 -2.8554e+01 -1.1431e-01 -2.2954e-01
-3.0250e+00     2.1463e+01  5.5021e-02  2.3396e-01 -2.1463e+01 -5.5022e-02 -2.3396e-01  2.8725e+01  1.1474e-01  2.3256e-01 -2.8725e+01 -1.1474e-01 -2.3256e-01
-3.0167e+00     9.5646e-01  2.6962e-03  9.6484e-03 -9.5659e-01 -2.6966e-03 -9.6496e-03  2.8819e+01  1.1498e-01  2.3358e-01 -2.8819e+01 -1.1498e-01 -2.3358e-01
-3.0083e+00     0.0000e+00  0.0000e+00  0.0000e+00 -0.0000e+00 -0.0000e+00 -0.0000e+00  2.8823e+01  1.1499e-01  2.3362e-01 -2.8823e+01 -1.1499e-01 -2.3362e-01
-3.0000e+00     0.0000e+00  0.0000e+00  0.0000e+00 -0.0000e+00 -0.0000e+00 -0.0000e+00  2.8823e+01  1.1499e-01  2.3362e-01 -2.8823e+01 -1.1499e-01 -2.3362e-01
-2.9917e+00     0.0000e+00  0.0000e+00  0.0000e+00 -0.0000e+00 -0.0000e+00 -0.0000e+00  2.8823e+01  1.1499e-01  2.3362e-01 -2.8823e+01 -1.1499e-01 -2.3362e-01
-2.9833e+00     0.0000e+00  0.0000e+00  0.0000e+00 -0.0000e+00 -0.0000e+00 -0.0000e+00  2.8823e+01  1.1499e-01  2.3362e-01 -2.8823e+01 -1.1499e-01 -2.3362e-01
-2.9750e+00     0.0000e+00  0.0000e+00  0.0000e+00 -0.0000e+00 -0.0000e+00 -0.0000e+00  2.8823e+01  1.1499e-01  2.3362e-01 -2.8823e+01 -1.1499e-01 -2.3362e-01
-2.9667e+00     5.2544e-03  2.9511e-05  4.4521e-04 -5.2553e-03 -2.9517e-05 -4.4529e-04  2.8823e+01  1.1499e-01  2.3362e-01 -2.8823e+01 -1.1499e-01 -2.3362e-01
-2.9583e+00     2.0236e-01  1.1366e-03  1.7146e-02 -2.0237e-01 -1.1366e-03 -1.7147e-02  2.8824e+01  1.1499e-01  2.3369e-01 -2.8824e+01 -1.1499e-01 -2.3369e-01
-2.9500e+00     8.1451e-01  4.5128e-03  6.8484e-02 -8.1452e-01 -4.5129e-03 -6.8485e-02  2.8828e+01  1.1502e-01  2.3405e-01 -2.8828e+01 -1.1502e-01 -2.3405e-01
-2.9417e+00     1.5610e+00  8.3797e-03  1.2818e-01 -1.5610e+00 -8.3798e-03 -1.2819e-01  2.8838e+01  1.1507e-01  2.3486e-01 -2.8838e+01 -1.1507e-01 -2.3487e-01
-2.9333e+00     2.3984e+00  1.2482e-02  1.9239e-01 -2.3984e+00 -1.2482e-02 -1.9239e-01  2.8854e+01  1.1516e-01  2.3620e-01 -2.8854e+01 -1.1516e-01 -2.3620e-01
-2.9250e+00     3.6481e+00  1.6973e-02  2.6937e-01 -3.6480e+00 -1.6973e-02 -2.6937e-01  2.8879e+01  1.1528e-01  2.3812e-01 -2.8879e+01 -1.1528e-01 -2.3812e-01
-2.9167e+00     1.4480e+01  2.8640e-02  5.3516e-01 -1.4479e+01 -2.8640e-02 -5.3515e-01  2.8955e+01  1.1547e-01  2.4147e-01 -2.8955e+01 -1.1547e-01 -2.4147e-01
-2.9083e+00     2.3869e+01  3.0085e-02  5.9552e-01 -2.3869e+01 -3.0086e-02 -5.9554e-01  2.9114e+01  1.1571e-01  2.4617e-01 -2.9114e+01 -1.1571e-01 -2.4617e-01
-2.9000e+00     1.4675e+01  1.6395e-02  3.6151e-01 -1.4675e+01 -1.6396e-02 -3.6152e-01  2.9275e+01  1.1591e-01  2.5015e-01 -2.9275e+01 -1.1591e-01 -2.5015e-01
-2.8917e+00     1.2791e+01  1.2512e-02  4.0198e-01 -1.2791e+01 -1.2513e-02 -4.0199e-01  2.9389e+01  1.1603e-01  2.5333e-01 -2.9389e+01 -1.1603e-01 -2.5333e-01
-2.8833e+00     1.3097e+01  9.6660e-03  4.3821e-01 -1.3097e+01 -9.6662e-03 -4.3822e-01  2.9497e+01  1.1612e-01  2.5682e-01 -2.9497e+01 -1.1612e-01 -2.5682e-01
-2.8750e+00     1.0769e+01  7.5996e-03  3.9043e-01 -1.0769e+01 -7.5999e-03 -3.9044e-01  2.9596e+01  1.1619e-01  2.6027e-01 -2.9596e+01 -1.1619e-01 -2.6027e-01
-2.8667e+00     9.1352e+00  5.4985e-03  3.2677e-01 -9.1352e+00 -5.4987e-03 -3.2678e-01  2.9679e+01  1.1625e-01  2.6325e-01 -2.9679e+01 -1.1625e-01 -2.6325e-01
-2.8583e+00     9.1123e+00  4.9697e-03  3.7739e-01 -9.1123e+00 -4.9699e-03 -3.7740e-01  2.9754e+01  1.1629e-01  2.6618e-01 -2.9754e+01 -1.1629e-01 -2.6618e-01
-2.8500e+00     2.4181e+00  1.5492e-03  1.1999e-01 -2.4183e+00 -1.5494e-03 -1.2001e-01  2.9802e+01  1.1632e-01  2.6825e-01 -2.9802e+01 -1.1632e-01 -2.6825e-01
-2.8417e+00     0.0000e+00  0.0000e+00  0.0000e+00 -0.0000e+00 -0.0000e+00 -0.0000e+00  2.9813e+01  1.1632e-01  2.6875e-01 -2.9813e+01 -1.1632e-01 -2.6875e-01
-2.8333e+00     1.3207e+01  8.4559e-02  3.4257e+00 -1.3207e+01 -8.4560e-02 -3.4258e+00  2.9867e+01  1.1668e-01  2.8300e-01 -2.9867e+01 -1.1668e-01 -2.8300e-01
-2.8250e+00     1.0270e+01  7.0851e-02  3.0643e+00 -1.0270e+01 -7.0851e-02 -3.0644e+00  2.9965e+01  1.1732e-01  3.1000e-01 -2.9965e+01 -1.1732e-01 -3.1000e-01
-2.8167e+00     1.5480e+01  9.6510e-02  5.3803e+00 -1.5482e+01 -9.6520e-02 -5.3810e+00  3.0072e+01  1.1802e-01  3.4512e-01 -3.0072e+01 -1.1802e-01 -3.4513e-01
-2.8083e+00     1.6422e+01  1.0785e-01  5.7233e+00 -1.6422e+01 -1.0785e-01 -5.7233e+00  3.0205e+01  1.1887e-01  3.9131e-01 -3.0205e+01 -1.1887e-01 -3.9132e-01
-2.8000e+00     2.1835e+01  1.5596e-01  7.6877e+00 -2.1837e+01 -1.5597e-01 -7.6884e+00  3.0364e+01  1.1997e-01  4.4710e-01 -3.0364e+01 -1.1997e-01 -4.4711e-01
-2.7917e+00     1.7417e+01  1.3247e-01  6.0538e+00 -1.7416e+01 -1.3247e-01 -6.0536e+00  3.0527e+01  1.2117e-01  5.0426e-01 -3.0527e+01 -1.2117e-01 -5.0427e-01
-2.7833e+00     1.4564e+01  1.3033e-01  4.8439e+00 -1.4565e+01 -1.3034e-01 -4.8442e+00  3.0660e+01  1.2226e-01  5.4959e-01 -3.0660e+01 -1.2226e-01 -5.4960e-01
-2.7750e+00     1.9396e+00  2.2619e-02  6.6923e-01 -1.9385e+00 -2.2607e-02 -6.6887e-01  3.0729e+01  1.2289e-01  5.7252e-01 -3.0729e+01 -1.2290e-01 -5.7254e-01
-2.7667e+00     0.0000e+00  0.0000e+00  0.0000e+00 -0.0000e+00 -0.0000e+00 -0.0000e+00  3.0737e+01  1.2299e-01  5.7531e-01 -3.0737e+01 -1.2299e-01 -5.7532e-01
-2.7583e+00     0.0000e+00  0.0000e+00  0.0000e+00 -0.0000e+00 -0.0000e+00 -0.0000e+00  3.0737e+01  1.2299e-01  5.7531e-01 -3.0737e+01 -1.2299e-01 -5.7532e-01
-2.7500e+00     0.0000e+00  0.0000e+00  0.0000e+00 -0.0000e+00 -0.0000e+00 -0.0000e+00  3.0737e+01  1.2299e-01  5.7531e-01 -3.0737e+01 -1.2299e-01 -5.7532e-01
-2.7417e+00     0.0000e+00  0.0000e+00  0.0000e+00 -0.0000e+00 -0.0000e+00 -0.0000e+00  3.0737e+01  1.2299e-01  5.7531e-01 -3.0737e+01 -1.2299e-01 -5.7532e-01
-2.7333e+00     0.0000e+00  0.0000e+00  0.0000e+00 -0.0000e+00 -0.0000e+00 -0.0000e+00  3.0737e+01  1.2299e-01  5.7531e-01 -3.0737e+01 -1.2299e-01 -5.7532e-01
-2.7250e+00     0.0000e+00  0.0000e+00  0.0000e+00 -0.0000e+00 -0.0000e+00 -0.0000e+00  3.0737e+01  1.2299e-01  5.7531e-01 -3.0737e+01 -1.2299e-01 -5.7532e-01
-2.7167e+00     0.0000e+00  0.0000e+00  0.0000e+00 -0.0000e+00 -0.0000e+00 -0.0000e+00  3.0737e+01  1.2299e-01  5.7531e-01 -3.0737e+01 -1.2299e-01 -5.7532e-01
-2.7083e+00     0.0000e+00  0.0000e+00  0.0000e+00 -0.0000e+00 -0.0000e+00 -0.0000e+00  3.0737e+01  1.2299e-01  5.7531e-01 -3.0737e+01 -1.2299e-01 -5.7532e-01
-2.7000e+00     0.0000e+00  0.0000e+00  0.0000e+00 -0.0000e+00 -0.0000e+00 -0.0000e+00  3.0737e+01  1.2299e-01  5.7531e-01 -3.0737e+01 -1.2299e-01 -5.7532e-01
-2.6917e+00     0.0000e+00  0.0000e+00  0.0000e+00 -0.0000e+00 -0.0000e+00 -0.0000e+00  3.0737e+01  1.2299e-01  5.7531e-01 -3.0737e+01 -1.2299e-01 -5.7532e-01
-2.6833e+00     0.0000e+00  0.0000e+00  0.0000e+00 -0.0000e+00 -0.0000e+00 -0.0000e+00  3.0737e+01  1.2299e-01  5.7531e-01 -3.0737e+01 -1.2299e-01 -5.7532e-01
-2.6750e+00     0.0000e+00  0.0000e+00  0.0000e+00 -0.0000e+00 -0.0000e+00 -0.0000e+00  3.0737e+01  1.2299e-01  5.7531e-01 -3.0737e+01 -1.2299e-01 -5.7532e-01
-2.6667e+00     0.0000e+00  0.0000e+00  0.0000e+00 -0.0000e+00 -0.0000e+00 -0.0000e+00  3.0737e+01  1.2299e-01  5.7531e-01 -3.0737e+01 -1.2299e-01 -5.7532e-01
-2.6583e+00     0.0000e+00  0.0000e+00  0.0000e+00 -0.0000e+00 -0.0000e+00 -0.0000e+00  3.0737e+01  1.2299e-01  5.7531e-01 -3.0737e+01 -1.2299e-01 -5.7532e-01
-2.6500e+00     0.0000e+00  0.0000e+00  0.0000e+00 -0.0000e+00 -0.0000e+00 -0.0000e+00  3.0737e+01  1.2299e-01  5.7531e-01 -3.0737e+01 -1.2299e-01 -5.7532e-01
-2.6417e+00     0.0000e+00  0.0000e+00  0.0000e+00 -0.0000e+00 -0.0000e+00 -0.0000e+00  3.0737e+01  1.2299e-01  5.7531e-01 -3.0737e+01 -1.2299e-01 -5.7532e-01
-2.6333e+00     0.0000e+00  0.0000e+00  0.0000e+00 -0.0000e+00 -0.0000e+00 -0.0000e+00  3.0737e+01  1.2299e-01  5.7531e-01 -3.0737e+01 -1.2299e-01 -5.7532e-01
-2.6250e+00     0.0000e+00  0.0000e+00  0.0000e+00 -0.0000e+00 -0.0000e+00 -0.0000e+00  3.0737e+01  1.2299e-01  5.7531e-01 -3.0737e+01 -1.2299e-01 -5.7532e-01
-2.6167e+00     0.0000e+00  0.0000e+00  0.0000e+00 -0.0000e+00 -0.0000e+00 -0.0000e+00  3.0737e+01  1.2299e-01  5.7531e-01 -3.0737e+01 -1.2299e-01 -5.7532e-01
-2.6083e+00     0.0000e+00  0.0000e+00  0.0000e+00 -0.0000e+00 -0.0000e+00 -0.0000e+00  3.0737e+01  1.2299e-01  5.7531e-01 -3.0737e+01 -1.2299e-01 -5.7532e-01
-2.6000e+00     0.0000e+00  0.0000e+00  0.0000e+00 -0.0000e+00 -0.0000e+00 -0.0000e+00  3.0737e+01  1.2299e-01  5.7531e-01 -3.0737e+01 -1.2299e-01 -5.7532e-01
-2.5917e+00     0.0000e+00  0.0000e+00  0.0000e+00 -0.0000e+00 -0.0000e+00 -0.0000e+00  3.0737e+01  1.2299e-01  5.7531e-01 -3.0737e+01 -1.2299e-01 -5.7532e-01
-2.5833e+00     0.0000e+00  0.0000e+00  0.0000e+00 -0.0000e+00 -0.0000e+00 -0.0000e+00  3.0737e+01  1.2299e-01  5.7531e-01 -3.0737e+01 -1.2299e-01 -5.7532e-01
-2.5750e+00     9.3706e-01  1.4005e-03  5.1064e-02 -9.3708e-01 -1.4005e-03 -5.1065e-02  3.0741e+01  1.2299e-01  5.7552e-01 -3.0741e+01 -1.2300e-01 -5.7553e-01
-2.5667e+00     2.4051e+00  3.8246e-03  1.3648e-01 -2.4051e+00 -3.8246e-03 -1.3648e-01  3.0755e+01  1.2302e-01  5.7630e-01 -3.0755e+01 -1.2302e-01 -5.7631e-01
-2.5583e+00     4.1232e+00  9.2449e-03  2.8510e-01 -4.1232e+00 -9.2451e-03 -2.8510e-01  3.0782e+01  1.2307e-01  5.7805e-01 -3.0782e+01 -1.2307e-01 -5.7806e-01
-2.5500e+00     4.8509e+00  1.1645e-02  3.3226e-01 -4.8509e+00 -1.1645e-02 -3.3226e-01  3.0819e+01  1.2316e-01  5.8062e-01 -3.0819e+01 -1.2316e-01 -5.8063e-01
-2.5417e+00     5.1460e+00  1.2640e-02  3.3748e-01 -5.1460e+00 -1.2640e-02 -3.3747e-01  3.0861e+01  1.2326e-01  5.8341e-01 -3.0861e+01 -1.2326e-01 -5.8342e-01
-2.5333e+00     5.2863e+00  1.3244e-02  3.3081e-01 -5.2863e+00 -1.3244e-02 -3.3081e-01  3.0904e+01  1.2337e-01  5.8619e-01 -3.0904e+01 -1.2337e-01 -5.8620e-01
-2.5250e+00     5.2717e+00  1.3456e-02  3.1227e-01 -5.2717e+00 -1.3456e-02 -3.1227e-01  3.0948e+01  1.2348e-01  5.8886e-01 -3.0948e+01 -1.2348e-01 -5.8887e-01
-2.5167e+00     5.1023e+00  1.3277e-02  2.8186e-01 -5.1023e+00 -1.3277e-02 -2.8186e-01  3.0991e+01  1.2359e-01  5.9133e-01 -3.0991e+01 -1.2359e-01 -5.9134e-01
-2.5083e+00     4.5070e+00  1.2090e-02  2.3301e-01 -4.5070e+00 -1.2090e-02 -2.3301e-01  3.1031e+01  1.2369e-01  5.9348e-01 -3.1031e+01 -1.2369e-01 -5.9349e-01
-2.5000e+00     3.4710e+00  9.2210e-03  1.5981e-01 -3.4710e+00 -9.2210e-03 -1.5981e-01  3.1065e+01  1.2378e-01  5.9511e-01 -3.1065e+01 -1.2378e-01 -5.9512e-01
-2.4917e+00     2.5884e+00  6.8639e-03  1.1366e-01 -2.5884e+00 -6.8639e-03 -1.1366e-01  3.1090e+01  1.2385e-01  5.9625e-01 -3.1090e+01 -1.2385e-01 -5.9626e-01
-2.4833e+00     2.5676e+00  6.8362e-03  1.0835e-01 -2.5676e+00 -6.8362e-03 -1.0835e-01  3.1111e+01  1.2391e-01  5.9717e-01 -3.1111e+01 -1.2391e-01 -5.9718e-01
-2.4750e+00     2.5497e+00  6.8168e-03  1.0314e-01 -2.5497e+00 -6.8169e-03 -1.0314e-01  3.1133e+01  1.2396e-01  5.9805e-01 -3.1133e+01 -1.2396e-01 -5.9806e-01
-2.4667e+00     2.5348e+00  6.8059e-03  9.8037e-02 -2.5348e+00 -6.8059e-03 -9.8037e-02  3.1154e+01  1.2402e-01  5.9889e-01 -3.1154e+01 -1.2402e-01 -5.9890e-01
-2.4583e+00     2.5229e+00  6.8034e-03  9.3038e-02 -2.5229e+00 -6.8034e-03 -9.3038e-02  3.1175e+01  1.2408e-01  5.9968e-01 -3.1175e+01 -1.2408e-01 -5.9969e-01
-2.4500e+00     2.5138e+00  6.8092e-03  8.8143e-02 -2.5138e+00 -6.8092e-03 -8.8142e-02  3.1196e+01  1.2413e-01  6.0044e-01 -3.1196e+01 -1.2413e-01 -6.0045e-01
-2.4417e+00     2.5078e+00  6.8234e-03  8.3351e-02 -2.5078e+00 -6.8234e-03 -8.3350e-02  3.1217e+01  1.2419e-01  6.0115e-01 -3.1217e+01 -1.2419e-01 -6.0116e-01
-2.4333e+00     2.5047e+00  6.8461e-03  7.8663e-02 -2.5047e+00 -6.8461e-03 -7.8662e-02  3.1237e+01  1.2425e-01  6.0182e-01 -3.1237e+01 -1.2425e-01 -6.0183e-01
-2.4250e+00     2.5045e+00  6.8771e-03  7.4078e-02 -2.5045e+00 -6.8771e-03 -7.4078e-02  3.1258e+01  1.2430e-01  6.0246e-01 -3.1258e+01 -1.2430e-01 -6.0247e-01
-2.4167e+00     2.5073e+00  6.9165e-03  6.9597e-02 -2.5073e+00 -6.9165e-03 -6.9597e-02  3.1279e+01  1.2436e-01  6.0306e-01 -3.1279e+01 -1.2436e-01 -6.0307e-01
-2.4083e+00     2.5130e+00  6.9643e-03  6.5220e-02 -2.5130e+00 -6.9643e-03 -6.5219e-02  3.1300e+01  1.2442e-01  6.0362e-01 -3.1300e+01 -1.2442e-01 -6.0363e-01
-2.4000e+00     2.5217e+00  7.0205e-03  6.0946e-02 -2.5217e+00 -7.0205e-03 -6.0946e-02  3.1321e+01  1.2448e-01  6.0414e-01 -3.1321e+01 -1.2448e-01 -6.0415e-01
-2.3917e+00     2.5333e+00  7.0850e-03  5.6776e-02 -2.5333e+00 -7.0850e-03 -5.6776e-02  3.1342e+01  1.2454e-01  6.0463e-01 -3.1342e+01 -1.2454e-01 -6.0464e-01
-2.3833e+00     2.5479e+00  7.1580e-03  5.2709e-02 -2.5479e+00 -7.1580e-03 -5.2709e-02  3.1363e+01  1.2460e-01  6.0509e-01 -3.1363e+01 -1.2460e-01 -6.0510e-01
-2.3750e+00     2.8601e+00  8.2290e-03  5.6626e-02 -2.8601e+00 -8.2290e-03 -5.6626e-02  3.1386e+01  1.2466e-01  6.0554e-01 -3.1386e+01 -1.2466e-01 -6.0555e-01
-2.3667e+00     3.2937e+00  9.5031e-03  6.1584e-02 -3.2937e+00 -9.5031e-03 -6.1584e-02  3.1411e+01  1.2473e-01  6.0603e-01 -3.1411e+01 -1.2473e-01 -6.0604e-01
-2.3583e+00     3.8446e+00  1.1024e-02  6.4254e-02 -3.8446e+00 -1.1024e-02 -6.4254e-02  3.1441e+01  1.2482e-01  6.0656e-01 -3.1441e+01 -1.2482e-01 -6.0657e-01
-2.3500e+00     4.4019e+00  1.2458e-02  6.6845e-02 -4.4019e+00 -1.2458e-02 -6.6844e-02  3.1475e+01  1.2492e-01  6.0710e-01 -3.1475e+01 -1.2492e-01 -6.0711e-01
-2.3417e+00     4.7186e+00  1.3229e-02  6.7812e-02 -4.7186e+00 -1.3229e-02 -6.7811e-02  3.1513e+01  1.2502e-01  6.0766e-01 -3.1513e+01 -1.2502e-01 -6.0767e-01
-2.3333e+00     4.7655e+00  1.3388e-02  6.5029e-02 -4.7655e+00 -1.3388e-02 -6.5029e-02  3.1553e+01  1.2513e-01  6.0822e-01 -3.1553e+01 -1.2513e-01 -6.0823e-01
-2.3250e+00     4.7061e+00  1.3247e-02  6.1071e-02 -4.7061e+00 -1.3247e-02 -6.1071e-02  3.1592e+01  1.2524e-01  6.0874e-01 -3.1592e+01 -1.2524e-01 -6.0875e-01
-2.3167e+00     4.5404e+00  1.2807e-02  5.5939e-02 -4.5404e+00 -1.2807e-02 -5.5939e-02  3.1630e+01  1.2535e-01  6.0923e-01 -3.1630e+01 -1.2535e-01 -6.0924e-01
-2.3083e+00     4.1214e+00  1.1670e-02  4.8315e-02 -4.1214e+00 -1.1670e-02 -4.8315e-02  3.1666e+01  1.2545e-01  6.0966e-01 -3.1666e+01 -1.2545e-01 -6.0967e-01
-2.3000e+00     3.1587e+00  9.0432e-03  3.5438e-02 -3.1587e+00 -9.0432e-03 -3.5438e-02  3.1697e+01  1.2554e-01  6.1001e-01 -3.1697e+01 -1.2554e-01 -6.1002e-01
-2.2917e+00     2.2239e+00  6.4259e-03  2.3143e-02 -2.2239e+00 -6.4259e-03 -2.3142e-02  3.1719e+01  1.2561e-01  6.1025e-01 -3.1719e+01 -1.2561e-01 -6.1026e-01
-2.2833e+00     1.3651e+00  3.9599e-03  1.2431e-02 -1.3651e+00 -3.9599e-03 -1.2431e-02  3.1734e+01  1.2565e-01  6.1040e-01 -3.1734e+01 -1.2565e-01 -6.1041e-01
-2.2750e+00     0.0000e+00  0.0000e+00  0.0000e+00 -0.0000e+00 -0.0000e+00 -0.0000e+00  3.1740e+01  1.2566e-01  6.1045e-01 -3.1740e+01 -1.2567e-01 -6.1046e-01
-2.2667e+00     0.0000e+00  0.0000e+00  0.0000e+00 -0.0000e+00 -0.0000e+00 -0.0000e+00  3.1740e+01  1.2566e-01  6.1045e-01 -3.1740e+01 -1.2567e-01 -6.1046e-01
-2.2583e+00     0.0000e+00  0.0000e+00  0.0000e+00 -0.0000e+00 -0.0000e+00 -0.0000e+00  3.1740e+01  1.2566e-01  6.1045e-01 -3.1740e+01 -1.2567e-01 -6.1046e-01
-2.2500e+00     0.0000e+00  0.0000e+00  0.0000e+00 -0.0000e+00 -0.0000e+00 -0.0000e+00  3.1740e+01  1.2566e-01  6.1045e-01 -3.1740e+01 -1.2567e-01 -6.1046e-01
-2.2417e+00     0.0000e+00  0.0000e+00  0.0000e+00 -0.0000e+00 -0.0000e+00 -0.0000e+00  3.1740e+01  1.2566e-01  6.1045e-01 -3.1740e+01 -1.2567e-01 -6.1046e-01
-2.2333e+00     0.0000e+00  0.0000e+00  0.0000e+00 -0.0000e+00 -0.0000e+00 -0.0000e+00  3.1740e+01  1.2566e-01  6.1045e-01 -3.1740e+01 -1.2567e-01 -6.1046e-01
-2.2250e+00     0.0000e+00  0.0000e+00  0.0000e+00 -0.0000e+00 -0.0000e+00 -0.0000e+00  3.1740e+01  1.2566e-01  6.1045e-01 -3.1740e+01 -1.2567e-01 -6.1046e-01
-2.2167e+00     0.0000e+00  0.0000e+00  0.0000e+00 -0.0000e+00 -0.0000e+00 -0.0000e+00  3.1740e+01  1.2566e-01  6.1045e-01 -3.1740e+01 -1.2567e-01 -6.1046e-01
-2.2083e+00     0.0000e+00  0.0000e+00  0.0000e+00 -0.0000e+00 -0.0000e+00 -0.0000e+00  3.1740e+01  1.2566e-01  6.1045e-01 -3.1740e+01 -1.2567e-01 -6.1046e-01
-2.2000e+00     0.0000e+00  0.0000e+00  0.0000e+00 -0.0000e+00 -0.0000e+00 -0.0000e+00  3.1740e+01  1.2566e-01  6.1045e-01 -3.1740e+01 -1.2567e-01 -6.1046e-01
-2.1917e+00     0.0000e+00  0.0000e+00  0.0000e+00 -0.0000e+00 -0.0000e+00 -0.0000e+00  3.1740e+01  1.2566e-01  6.1045e-01 -3.1740e+01 -1.2567e-01 -6.1046e-01
-2.1833e+00     0.0000e+00  0.0000e+00  0.0000e+00 -0.0000e+00 -0.0000e+00 -0.0000e+00  3.1740e+01  1.2566e-01  6.1045e-01 -3.1740e+01 -1.2567e-01 -6.1046e-01
-2.1750e+00     0.0000e+00  0.0000e+00  0.0000e+00 -0.0000e+00 -0.0000e+00 -0.0000e+00  3.1740e+01  1.2566e-01  6.1045e-01 -3.1740e+01 -1.2567e-01 -6.1046e-01
-2.1667e+00     0.0000e+00  0.0000e+00  0.0000e+00 -0.0000e+00 -0.0000e+00 -0.0000e+00  3.1740e+01  1.2566e-01  6.1045e-01 -3.1740e+01 -1.2567e-01 -6.1046e-01
-2.1583e+00     0.0000e+00  0.0000e+00  0.0000e+00 -0.0000e+00 -0.0000e+00 -0.0000e+00  3.1740e+01  1.2566e-01  6.1045e-01 -3.1740e+01 -1.2567e-01 -6.1046e-01
-2.1500e+00     0.0000e+00  0.0000e+00  0.0000e+00 -0.0000e+00 -0.0000e+00 -0.0000e+00  3.1740e+01  1.2566e-01  6.1045e-01 -3.1740e+01 -1.2567e-01 -6.1046e-01
-2.1417e+00     0.0000e+00  0.0000e+00  0.0000e+00 -0.0000e+00 -0.0000e+00 -0.0000e+00  3.1740e+01  1.2566e-01  6.1045e-01 -3.1740e+01 -1.2567e-01 -6.1046e-01
-2.1333e+00     0.0000e+00  0.0000e+00  0.0000e+00 -0.0000e+00 -0.0000e+00 -0.0000e+00  3.1740e+01  1.2566e-01  6.1045e-01 -3.1740e+01 -1.2567e-01 -6.1046e-01
-2.1250e+00     0.0000e+00  0.0000e+00  0.0000e+00 -0.0000e+00 -0.0000e+00 -0.0000e+00  3.1740e+01  1.2566e-01  6.1045e-01 -3.1740e+01 -1.2567e-01 -6.1046e-01
-2.1167e+00     0.0000e+00  0.0000e+00  0.0000e+00 -0.0000e+00 -0.0000e+00 -0.0000e+00  3.1740e+01  1.2566e-01  6.1045e-01 -3.1740e+01 -1.2567e-01 -6.1046e-01
-2.1083e+00     0.0000e+00  0.0000e+00  0.0000e+00 -0.0000e+00 -0.0000e+00 -0.0000e+00  3.1740e+01  1.2566e-01  6.1045e-01 -3.1740e+01 -1.2567e-01 -6.1046e-01
-2.1000e+00     8.0431e+00  2.2607e-02  1.9927e-01 -8.0431e+00 -2.2607e-02 -1.9927e-01  3.1773e+01  1.2576e-01  6.1128e-01 -3.1773e+01 -1.2576e-01 -6.1129e-01
-2.0917e+00     9.1733e+00  2.4014e-02  2.4224e-01 -9.1733e+00 -2.4014e-02 -2.4224e-01  3.1845e+01  1.2595e-01  6.1312e-01 -3.1845e+01 -1.2595e-01 -6.1313e-01
-2.0833e+00     1.0085e+01  2.6759e-02  2.6232e-01 -1.0085e+01 -2.6759e-02 -2.6232e-01  3.1925e+01  1.2616e-01  6.1522e-01 -3.1925e+01 -1.2616e-01 -6.1523e-01
-2.0750e+00     1.3782e+01  3.6114e-02  3.5774e-01 -1.3782e+01 -3.6114e-02 -3.5774e-01  3.2024e+01  1.2643e-01  6.1780e-01 -3.2024e+01 -1.2643e-01 -6.1781e-01
-2.0667e+00     1.7900e+01  4.6061e-02  4.6768e-01 -1.7900e+01 -4.6061e-02 -4.6768e-01  3.2156e+01  1.2677e-01  6.2123e-01 -3.2156e+01 -1.2677e-01 -6.2124e-01
-2.0583e+00     3.4156e+01  8.9285e-02  7.9743e-01 -3.4156e+01 -8.9285e-02 -7.9743e-01  3.2373e+01  1.2733e-01  6.2649e-01 -3.2373e+01 -1.2733e-01 -6.2650e-01
-2.0500e+00     1.3601e+01  3.9495e-02  3.2074e-01 -1.3601e+01 -3.9495e-02 -3.2074e-01  3.2571e+01  1.2787e-01  6.3114e-01 -3.2571e+01 -1.2787e-01 -6.3115e-01
-2.0417e+00     6.7514e+00  2.4481e-02  1.2790e-01 -6.7514e+00 -2.4481e-02 -1.2790e-01  3.2656e+01  1.2813e-01  6.3301e-01 -3.2656e+01 -1.2813e-01 -6.3302e-01
-2.0333e+00     2.9643e+00  1.0881e-02  5.5739e-02 -2.9643e+00 -1.0881e-02 -5.5739e-02  3.2696e+01  1.2828e-01  6.3377e-01 -3.2696e+01 -1.2828e-01 -6.3378e-01
-2.0250e+00     0.0000e+00  0.0000e+00  0.0000e+00 -0.0000e+00 -0.0000e+00 -0.0000e+00  3.2709e+01  1.2832e-01  6.3401e-01 -3.2709e+01 -1.2832e-01 -6.3401e-01
-2.0167e+00     0.0000e+00  0.0000e+00  0.0000e+00 -0.0000e+00 -0.0000e+00 -0.0000e+00  3.2709e+01  1.2832e-01  6.3401e-01 -3.2709e+01 -1.2832e-01 -6.3401e-01
-2.0083e+00     0.0000e+00  0.0000e+00  0.0000e+00 -0.0000e+00 -0.0000e+00 -0.0000e+00  3.2709e+01  1.2832e-01  6.3401e-01 -3.2709e+01 -1.2832e-01 -6.3401e-01
-2.0000e+00     0.0000e+00  0.0000e+00  0.0000e+00 -0.0000e+00 -0.0000e+00 -0.0000e+00  3.2709e+01  1.2832e-01  6.3401e-01 -3.2709e+01 -1.2832e-01 -6.3401e-01
-1.9917e+00     0.0000e+00  0.0000e+00  0.0000e+00 -0.0000e+00 -0.0000e+00 -0.0000e+00  3.2709e+01  1.2832e-01  6.3401e-01 -3.2709e+01 -1.2832e-01 -6.3401e-01
-1.9833e+00     0.0000e+00  0.0000e+00  0.0000e+00 -0.0000e+00 -0.0000e+00 -0.0000e+00  3.2709e+01  1.2832e-01  6.3401e-01 -3.2709e+01 -1.2832e-01 -6.3401e-01
-1.9750e+00     0.0000e+00  0.0000e+00  0.0000e+00 -0.0000e+00 -0.0000e+00 -0.0000e+00  3.2709e+01  1.2832e-01  6.3401e-01 -3.2709e+01 -1.2832e-01 -6.3401e-01
-1.9667e+00     0.0000e+00  0.0000e+00  0.0000e+00 -0.0000e+00 -0.0000e+00 -0.0000e+00  3.2709e+01  1.2832e-01  6.3401e-01 -3.2709e+01 -1.2832e-01 -6.3401e-01
-1.9583e+00     0.0000e+00  0.0000e+00  0.0000e+00 -0.0000e+00 -0.0000e+00 -0.0000e+00  3.2709e+01  1.2832e-01  6.3401e-01 -3.2709e+01 -1.2832e-01 -6.3401e-01
-1.9500e+00     0.0000e+00  0.0000e+00  0.0000e+00 -0.0000e+00 -0.0000e+00 -0.0000e+00  3.2709e+01  1.2832e-01  6.3401e-01 -3.2709e+01 -1.2832e-01 -6.3401e-01
-1.9417e+00     0.0000e+00  0.0000e+00  0.0000e+00 -0.0000e+00 -0.0000e+00 -0.0000e+00  3.2709e+01  1.2832e-01  6.3401e-01 -3.2709e+01 -1.2832e-01 -6.3401e-01
-1.9333e+00     0.0000e+00  0.0000e+00  0.0000e+00 -0.0000e+00 -0.0000e+00 -0.0000e+00  3.2709e+01  1.2832e-01  6.3401e-01 -3.2709e+01 -1.2832e-01 -6.3401e-01
-1.9250e+00     0.0000e+00  0.0000e+00  0.0000e+00 -0.0000e+00 -0.0000e+00 -0.0000e+00  3.2709e+01  1.2832e-01  6.3401e-01 -3.2709e+01 -1.2832e-01 -6.3401e-01
-1.9167e+00     0.0000e+00  0.0000e+00  0.0000e+00 -0.0000e+00 -0.0000e+00 -0.0000e+00  3.2709e+01  1.2832e-01  6.3401e-01 -3.2709e+01 -1.2832e-01 -6.3401e-01
-1.9083e+00     0.0000e+00  0.0000e+00  0.0000e+00 -0.0000e+00 -0.0000e+00 -0.0000e+00  3.2709e+01  1.2832e-01  6.3401e-01 -3.2709e+01 -1.2832e-01 -6.3401e-01
-1.9000e+00     0.0000e+00  0.0000e+00  0.0000e+00 -0.0000e+00 -0.0000e+00 -0.0000e+00  3.2709e+01  1.2832e-01  6.3401e-01 -3.2709e+01 -1.2832e-01 -6.3401e-01
-1.8917e+00     0.0000e+00  0.0000e+00  0.0000e+00 -0.0000e+00 -0.0000e+00 -0.0000e+00  3.2709e+01  1.2832e-01  6.3401e-01 -3.2709e+01 -1.2832e-01 -6.3401e-01
-1.8833e+00     0.0000e+00  0.0000e+00  0.0000e+00 -0.0000e+00 -0.0000e+00 -0.0000e+00  3.2709e+01  1.2832e-01  6.3401e-01 -3.2709e+01 -1.2832e-01 -6.3401e-01
-1.8750e+00     0.0000e+00  0.0000e+00  0.0000e+00 -0.0000e+00 -0.0000e+00 -0.0000e+00  3.2709e+01  1.2832e-01  6.3401e-01 -3.2709e+01 -1.2832e-01 -6.3401e-01
-1.8667e+00     0.0000e+00  0.0000e+00  0.0000e+00 -0.0000e+00 -0.0000e+00 -0.0000e+00  3.2709e+01  1.2832e-01  6.3401e-01 -3.2709e+01 -1.2832e-01 -6.3401e-01
-1.8583e+00     0.0000e+00  0.0000e+00  0.0000e+00 -0.0000e+00 -0.0000e+00 -0.0000e+00  3.2709e+01  1.2832e-01  6.3401e-01 -3.2709e+01 -1.2832e-01 -6.3401e-01
-1.8500e+00     0.0000e+00  0.0000e+00  0.0000e+00 -0.0000e+00 -0.0000e+00 -0.0000e+00  3.2709e+01  1.2832e-01  6.3401e-01 -3.2709e+01 -1.2832e-01 -6.3401e-01
-1.8417e+00     0.0000e+00  0.0000e+00  0.0000e+00 -0.0000e+00 -0.0000e+00 -0.0000e+00  3.2709e+01  1.2832e-01  6.3401e-01 -3.2709e+01 -1.2832e-01 -6.3401e-01
-1.8333e+00     0.0000e+00  0.0000e+00  0.0000e+00 -0.0000e+00 -0.0000e+00 -0.0000e+00  3.2709e+01  1.2832e-01  6.3401e-01 -3.2709e+01 -1.2832e-01 -6.3401e-01
-1.8250e+00     0.0000e+00  0.0000e+00  0.0000e+00 -0.0000e+00 -0.0000e+00 -0.0000e+00  3.2709e+01  1.2832e-01  6.3401e-01 -3.2709e+01 -1.2832e-01 -6.3401e-01
-1.8167e+00     0.0000e+00  0.0000e+00  0.0000e+00 -0.0000e+00 -0.0000e+00 -0.0000e+00  3.2709e+01  1.2832e-01  6.3401e-01 -3.2709e+01 -1.2832e-01 -6.3401e-01
-1.8083e+00     0.0000e+00  0.0000e+00  0.0000e+00 -0.0000e+00 -0.0000e+00 -0.0000e+00  3.2709e+01  1.2832e-01  6.3401e-01 -3.2709e+01 -1.2832e-01 -6.3401e-01
-1.8000e+00     0.0000e+00  0.0000e+00  0.0000e+00 -0.0000e+00 -0.0000e+00 -0.0000e+00  3.2709e+01  1.2832e-01  6.3401e-01 -3.2709e+01 -1.2832e-01 -6.3401e-01
-1.7917e+00     0.0000e+00  0.0000e+00  0.0000e+00 -0.0000e+00 -0.0000e+00 -0.0000e+00  3.2709e+01  1.2832e-01  6.3401e-01 -3.2709e+01 -1.2832e-01 -6.3401e-01
-1.7833e+00     3.5387e-01  9.7361e-04  3.5359e-03 -3.5387e-01 -9.7361e-04 -3.5359e-03  3.2710e+01  1.2833e-01  6.3402e-01 -3.2710e+01 -1.2833e-01 -6.3403e-01
-1.7750e+00     1.5181e+00  4.1847e-03  1.5158e-02 -1.5181e+00 -4.1847e-03 -1.5158e-02  3.2718e+01  1.2835e-01  6.3410e-01 -3.2718e+01 -1.2835e-01 -6.3411e-01
-1.7667e+00     2.4080e+00  7.2981e-03  2.3059e-02 -2.4080e+00 -7.2981e-03 -2.3059e-02  3.2734e+01  1.2840e-01  6.3426e-01 -3.2734e+01 -1.2840e-01 -6.3427e-01
-1.7583e+00     3.0933e+00  1.0495e-02  2.7953e-02 -3.0933e+00 -1.0495e-02 -2.7953e-02  3.2757e+01  1.2847e-01  6.3447e-01 -3.2757e+01 -1.2847e-01 -6.3448e-01
-1.7500e+00     3.8535e+00  1.4058e-02  3.3370e-02 -3.8535e+00 -1.4058e-02 -3.3370e-02  3.2786e+01  1.2857e-01  6.3472e-01 -3.2786e+01 -1.2857e-01 -6.3473e-01
-1.7417e+00     6.0108e+00  2.9598e-02  3.9439e-02 -6.0108e+00 -2.9598e-02 -3.9439e-02  3.2827e+01  1.2876e-01  6.3503e-01 -3.2827e+01 -1.2876e-01 -6.3504e-01
-1.7333e+00     6.0327e+00  3.0192e-02  3.8946e-02 -6.0327e+00 -3.0192e-02 -3.8946e-02  3.2877e+01  1.2900e-01  6.3535e-01 -3.2877e+01 -1.2900e-01 -6.3536e-01
-1.7250e+00     5.6213e+00  2.9019e-02  3.2736e-02 -5.6213e+00 -2.9019e-02 -3.2736e-02  3.2926e+01  1.2925e-01  6.3565e-01 -3.2926e+01 -1.2925e-01 -6.3566e-01
-1.7167e+00     5.1141e+00  2.7232e-02  2.5772e-02 -5.1141e+00 -2.7232e-02 -2.5772e-02  3.2970e+01  1.2948e-01  6.3589e-01 -3.2970e+01 -1.2948e-01 -6.3590e-01
-1.7083e+00     4.8478e+00  2.6368e-02  2.1474e-02 -4.8478e+00 -2.6368e-02 -2.1474e-02  3.3012e+01  1.2971e-01  6.3609e-01 -3.3012e+01 -1.2971e-01 -6.3610e-01
-1.7000e+00     4.9479e+00  2.8721e-02  2.0199e-02 -4.9479e+00 -2.8721e-02 -2.0199e-02  3.3052e+01  1.2994e-01  6.3626e-01 -3.3052e+01 -1.2994e-01 -6.3627e-01
-1.6917e+00     6.0207e+00  3.9245e-02  2.0705e-02 -6.0207e+00 -3.9245e-02 -2.0705e-02  3.3098e+01  1.3022e-01  6.3643e-01 -3.3098e+01 -1.3022e-01 -6.3644e-01
-1.6833e+00     7.9600e+00  5.7811e-02  2.2214e-02 -7.9600e+00 -5.7811e-02 -2.2214e-02  3.3156e+01  1.3062e-01  6.3661e-01 -3.3156e+01 -1.3062e-01 -6.3662e-01
-1.6750e+00     9.2933e+00  6.8613e-02  2.3708e-02 -9.2933e+00 -6.8613e-02 -2.3708e-02  3.3228e+01  1.3115e-01  6.3680e-01 -3.3228e+01 -1.3115e-01 -6.3681e-01
-1.6667e+00     1.1400e+01  9.1129e-02  3.7806e-02 -1.1400e+01 -9.1129e-02 -3.7806e-02  3.3314e+01  1.3181e-01  6.3706e-01 -3.3314e+01 -1.3181e-01 -6.3707e-01
-1.6583e+00     9.5138e+00  8.5609e-02  5.2479e-02 -9.5138e+00 -8.5610e-02 -5.2479e-02  3.3401e+01  1.3255e-01  6.3744e-01 -3.3401e+01 -1.3255e-01 -6.3744e-01
-1.6500e+00     9.5890e+00  8.9643e-02  5.5928e-02 -9.5890e+00 -8.9643e-02 -5.5928e-02  3.3480e+01  1.3328e-01  6.3789e-01 -3.3481e+01 -1.3328e-01 -6.3790e-01
-1.6417e+00     9.5097e+00  9.4263e-02  5.7187e-02 -9.5097e+00 -9.4263e-02 -5.7187e-02  3.3560e+01  1.3404e-01  6.3836e-01 -3.3560e+01 -1.3404e-01 -6.3837e-01
-1.6333e+00     9.5965e+00  1.0282e-01  5.6695e-02 -9.5965e+00 -1.0282e-01 -5.6695e-02  3.3639e+01  1.3486e-01  6.3883e-01 -3.3639e+01 -1.3486e-01 -6.3884e-01
-1.6250e+00     9.9376e+00  1.2131e-01  5.8045e-02 -9.9376e+00 -1.2131e-01 -5.8045e-02  3.3721e+01  1.3579e-01  6.3931e-01 -3.3721e+01 -1.3580e-01 -6.3932e-01
-1.6167e+00     1.1204e+01  1.4030e-01  6.0479e-02 -1.1204e+01 -1.4030e-01 -6.0479e-02  3.3809e+01  1.3688e-01  6.3980e-01 -3.3809e+01 -1.3688e-01 -6.3981e-01
-1.6083e+00     1.3175e+01  1.5737e-01  6.2785e-02 -1.3175e+01 -1.5737e-01 -6.2785e-02  3.3910e+01  1.3812e-01  6.4031e-01 -3.3910e+01 -1.3812e-01 -6.4032e-01
-1.6000e+00     1.3793e+01  2.1755e-01  9.4202e-02 -1.3793e+01 -2.1755e-01 -9.4202e-02  3.4022e+01  1.3968e-01  6.4097e-01 -3.4022e+01 -1.3968e-01 -6.4098e-01
-1.5917e+00     1.1892e+01  1.9933e-01  7.8297e-02 -1.1892e+01 -1.9933e-01 -7.8296e-02  3.4129e+01  1.4142e-01  6.4168e-01 -3.4129e+01 -1.4142e-01 -6.4169e-01
-1.5833e+00     1.1662e+01  1.9681e-01  6.7469e-02 -1.1662e+01 -1.9681e-01 -6.7469e-02  3.4227e+01  1.4306e-01  6.4229e-01 -3.4227e+01 -1.4306e-01 -6.4230e-01
-1.5750e+00     1.2003e+01  2.0767e-01  5.5321e-02 -1.2003e+01 -2.0767e-01 -5.5320e-02  3.4325e+01  1.4475e-01  6.4280e-01 -3.4325e+01 -1.4475e-01 -6.4281e-01
-1.5667e+00     1.2222e+01  2.0975e-01  5.4019e-02 -1.2222e+01 -2.0975e-01 -5.4019e-02  3.4426e+01  1.4648e-01  6.4326e-01 -3.4426e+01 -1.4648e-01 -6.4327e-01
-1.5583e+00     1.2391e+01  2.0398e-01  5.5644e-02 -1.2391e+01 -2.0398e-01 -5.5644e-02  3.4529e+01  1.4820e-01  6.4371e-01 -3.4529e+01 -1.4820e-01 -6.4372e-01
-1.5500e+00     1.2753e+01  1.9871e-01  5.7921e-02 -1.2753e+01 -1.9871e-01 -5.7921e-02  3.4633e+01  1.4988e-01  6.4418e-01 -3.4633e+01 -1.4988e-01 -6.4419e-01
-1.5417e+00     1.1776e+01  1.6782e-01  3.9651e-02 -1.1776e+01 -1.6782e-01 -3.9651e-02  3.4735e+01  1.5140e-01  6.4459e-01 -3.4735e+01 -1.5140e-01 -6.4460e-01
-1.5333e+00     1.0863e+01  1.5258e-01  3.5261e-02 -1.0863e+01 -1.5258e-01 -3.5261e-02  3.4829e+01  1.5274e-01  6.4490e-01 -3.4829e+01 -1.5274e-01 -6.4491e-01
-1.5250e+00     9.6041e+00  1.3640e-01  3.4412e-02 -9.6041e+00 -1.3640e-01 -3.4412e-02  3.4915e+01  1.5394e-01  6.4519e-01 -3.4915e+01 -1.5394e-01 -6.4520e-01
-1.5167e+00     8.2930e+00  1.1389e-01  3.5055e-02 -8.2930e+00 -1.1389e-01 -3.5055e-02  3.4989e+01  1.5498e-01  6.4548e-01 -3.4989e+01 -1.5498e-01 -6.4549e-01
-1.5083e+00     6.6303e+00  9.0438e-02  3.4490e-02 -6.6303e+00 -9.0438e-02 -3.4490e-02  3.5051e+01  1.5583e-01  6.4577e-01 -3.5051e+01 -1.5583e-01 -6.4578e-01
-1.5000e+00     7.9253e+00  1.0282e-01  3.8723e-02 -7.9253e+00 -1.0282e-01 -3.8723e-02  3.5112e+01  1.5663e-01  6.4607e-01 -3.5112e+01 -1.5663e-01 -6.4608e-01
-1.4917e+00     5.4532e+00  1.0885e-01  2.4900e-02 -5.4532e+00 -1.0885e-01 -2.4900e-02  3.5167e+01  1.5751e-01  6.4634e-01 -3.5167e+01 -1.5751e-01 -6.4635e-01
-1.4833e+00     6.1554e+00  1.1919e-01  2.4083e-02 -6.1554e+00 -1.1919e-01 -2.4083e-02  3.5216e+01  1.5846e-01  6.4654e-01 -3.5216e+01 -1.5846e-01 -6.4655e-01
-1.4750e+00     1.4720e+01  4.5418e-01  8.5993e-02 -1.4720e+01 -4.5418e-01 -8.5993e-02  3.5302e+01  1.6085e-01  6.4700e-01 -3.5302e+01 -1.6085e-01 -6.4701e-01
-1.4667e+00     1.1175e+01  3.0728e-01  5.6204e-02 -1.1175e+01 -3.0728e-01 -5.6204e-02  3.5410e+01  1.6401e-01  6.4759e-01 -3.5410e+01 -1.6401e-01 -6.4760e-01
-1.4583e+00     1.2687e+01  2.0420e-01  5.3740e-02 -1.2687e+01 -2.0420e-01 -5.3740e-02  3.5509e+01  1.6614e-01  6.4805e-01 -3.5509e+01 -1.6614e-01 -6.4806e-01
-1.4500e+00     1.5459e+01  2.6123e-01  6.4791e-02 -1.5459e+01 -2.6123e-01 -6.4791e-02  3.5626e+01  1.6808e-01  6.4854e-01 -3.5626e+01 -1.6808e-01 -6.4855e-01
-1.4417e+00     1.6528e+01  3.2356e-01  8.1983e-02 -1.6528e+01 -3.2356e-01 -8.1983e-02  3.5760e+01  1.7051e-01  6.4915e-01 -3.5760e+01 -1.7051e-01 -6.4916e-01
-1.4333e+00     1.9461e+01  4.4361e-01  1.5881e-01 -1.9461e+01 -4.4361e-01 -1.5882e-01  3.5909e+01  1.7370e-01  6.5016e-01 -3.5909e+01 -1.7370e-01 -6.5016e-01
-1.4250e+00     1.9875e+01  4.4729e-01  1.5347e-01 -1.9875e+01 -4.4730e-01 -1.5347e-01  3.6073e+01  1.7741e-01  6.5145e-01 -3.6073e+01 -1.7741e-01 -6.5146e-01
-1.4167e+00     1.8514e+01  4.0230e-01  1.4269e-01 -1.8514e+01 -4.0230e-01 -1.4269e-01  3.6233e+01  1.8094e-01  6.5269e-01 -3.6233e+01 -1.8094e-01 -6.5270e-01
-1.4083e+00     2.1983e+01  4.5097e-01  1.6749e-01 -2.1983e+01 -4.5097e-01 -1.6749e-01  3.6401e+01  1.8449e-01  6.5398e-01 -3.6401e+01 -1.8449e-01 -6.5399e-01
-1.4000e+00     1.7390e+01  3.6213e-01  1.3650e-01 -1.7390e+01 -3.6213e-01 -1.3650e-01  3.6565e+01  1.8787e-01  6.5524e-01 -3.6565e+01 -1.8787e-01 -6.5525e-01
-1.3917e+00     1.3279e+01  2.8568e-01  1.1046e-01 -1.3279e+01 -2.8568e-01 -1.1046e-01  3.6692e+01  1.9057e-01  6.5627e-01 -3.6692e+01 -1.9057e-01 -6.5628e-01
-1.3833e+00     1.3028e+01  2.7679e-01  1.1446e-01 -1.3028e+01 -2.7679e-01 -1.1446e-01  3.6802e+01  1.9291e-01  6.5720e-01 -3.6802e+01 -1.9291e-01 -6.5721e-01
-1.3750e+00     1.3755e+01  2.6833e-01  1.2390e-01 -1.3755e+01 -2.6833e-01 -1.2390e-01  3.6913e+01  1.9518e-01  6.5820e-01 -3.6913e+01 -1.9518e-01 -6.5820e-01
-1.3667e+00     1.2931e+01  2.3040e-01  1.1874e-01 -1.2931e+01 -2.3040e-01 -1.1874e-01  3.7024e+01  1.9725e-01  6.5920e-01 -3.7024e+01 -1.9725e-01 -6.5921e-01
-1.3583e+00     1.6423e+01  2.6801e-01  1.4910e-01 -1.6423e+01 -2.6801e-01 -1.4910e-01  3.7146e+01  1.9932e-01  6.6032e-01 -3.7146e+01 -1.9932e-01 -6.6033e-01
-1.3500e+00     1.3137e+01  1.6605e-01  1.4543e-01 -1.3137e+01 -1.6605e-01 -1.4543e-01  3.7269e+01  2.0113e-01  6.6154e-01 -3.7269e+01 -2.0113e-01 -6.6155e-01
-1.3417e+00     1.2065e+01  1.4058e-01  1.5004e-01 -1.2065e+01 -1.4058e-01 -1.5004e-01  3.7374e+01  2.0240e-01  6.6277e-01 -3.7374e+01 -2.0240e-01 -6.6278e-01
-1.3333e+00     8.2178e+00  9.9778e-02  7.8044e-02 -8.2178e+00 -9.9778e-02 -7.8043e-02  3.7458e+01  2.0340e-01  6.6372e-01 -3.7458e+01 -2.0340e-01 -6.6373e-01
-1.3250e+00     6.7541e+00  7.5825e-02  6.7110e-02 -6.7541e+00 -7.5825e-02 -6.7110e-02  3.7521e+01  2.0413e-01  6.6433e-01 -3.7521e+01 -2.0413e-01 -6.6434e-01
-1.3167e+00     5.7160e+00  5.6739e-02  6.3937e-02 -5.7160e+00 -5.6739e-02 -6.3937e-02  3.7573e+01  2.0469e-01  6.6487e-01 -3.7573e+01 -2.0469e-01 -6.6488e-01
-1.3083e+00     6.3186e+00  5.6834e-02  7.1097e-02 -6.3186e+00 -5.6834e-02 -7.1097e-02  3.7623e+01  2.0516e-01  6.6543e-01 -3.7623e+01 -2.0516e-01 -6.6544e-01
-1.3000e+00     1.3654e+01  1.4430e-01  1.2439e-01 -1.3654e+01 -1.4430e-01 -1.2439e-01  3.7706e+01  2.0599e-01  6.6625e-01 -3.7706e+01 -2.0600e-01 -6.6626e-01
-1.2917e+00     1.2113e+01  1.4423e-01  9.4847e-02 -1.2113e+01 -1.4423e-01 -9.4847e-02  3.7813e+01  2.0720e-01  6.6716e-01 -3.7813e+01 -2.0720e-01 -6.6717e-01
-1.2833e+00     1.4990e+01  1.8701e-01  1.1983e-01 -1.4990e+01 -1.8701e-01 -1.1983e-01  3.7926e+01  2.0857e-01  6.6805e-01 -3.7926e+01 -2.0857e-01 -6.6806e-01
-1.2750e+00     2.1823e+01  2.6099e-01  1.9714e-01 -2.1823e+01 -2.6099e-01 -1.9714e-01  3.8079e+01  2.1044e-01  6.6937e-01 -3.8079e+01 -2.1044e-01 -6.6938e-01
-1.2667e+00     1.7307e+01  2.0709e-01  1.3294e-01 -1.7307e+01 -2.0709e-01 -1.3294e-01  3.8242e+01  2.1238e-01  6.7074e-01 -3.8242e+01 -2.1238e-01 -6.7075e-01
-1.2583e+00     1.4661e+01  1.7767e-01  1.0665e-01 -1.4661e+01 -1.7767e-01 -1.0665e-01  3.8375e+01  2.1398e-01  6.7174e-01 -3.8375e+01 -2.1398e-01 -6.7175e-01
-1.2500e+00     1.2257e+01  1.5172e-01  8.1223e-02 -1.2257e+01 -1.5172e-01 -8.1223e-02  3.8487e+01  2.1535e-01  6.7252e-01 -3.8487e+01 -2.1535e-01 -6.7253e-01
-1.2417e+00     1.5804e+01  2.7088e-01  1.0948e-01 -1.5804e+01 -2.7088e-01 -1.0948e-01  3.8603e+01  2.1711e-01  6.7331e-01 -3.8603e+01 -2.1711e-01 -6.7332e-01
-1.2333e+00     2.0140e+01  2.4620e-01  1.3992e-01 -2.0140e+01 -2.4620e-01 -1.3992e-01  3.8753e+01  2.1926e-01  6.7435e-01 -3.8753e+01 -2.1926e-01 -6.7436e-01
-1.2250e+00     1.2998e+01  1.4254e-01  1.0314e-01 -1.2998e+01 -1.4254e-01 -1.0314e-01  3.8891e+01  2.2088e-01  6.7536e-01 -3.8891e+01 -2.2088e-01 -6.7537e-01
-1.2167e+00     1.4821e+01  2.0969e-01  1.2156e-01 -1.4821e+01 -2.0969e-01 -1.2156e-01  3.9006e+01  2.2235e-01  6.7630e-01 -3.9006e+01 -2.2235e-01 -6.7631e-01
-1.2083e+00     1.9915e+01  2.7615e-01  1.7251e-01 -1.9915e+01 -2.7615e-01 -1.7251e-01  3.9151e+01  2.2437e-01  6.7752e-01 -3.9151e+01 -2.2437e-01 -6.7753e-01
-1.2000e+00     1.5999e+01  2.4062e-01  1.3321e-01 -1.5999e+01 -2.4062e-01 -1.3321e-01  3.9300e+01  2.2652e-01  6.7879e-01 -3.9300e+01 -2.2652e-01 -6.7880e-01
-1.1917e+00     1.4579e+01  2.1822e-01  1.0950e-01 -1.4579e+01 -2.1822e-01 -1.0950e-01  3.9427e+01  2.2842e-01  6.7980e-01 -3.9427e+01 -2.2842e-01 -6.7981e-01
-1.1833e+00     1.3938e+01  2.1033e-01  9.9305e-02 -1.3938e+01 -2.1033e-01 -9.9304e-02  3.9546e+01  2.3021e-01  6.8067e-01 -3.9546e+01 -2.3021e-01 -6.8068e-01
-1.1750e+00     1.5898e+01  2.6274e-01  1.0602e-01 -1.5898e+01 -2.6274e-01 -1.0602e-01  3.9670e+01  2.3217e-01  6.8152e-01 -3.9670e+01 -2.3218e-01 -6.8153e-01
-1.1667e+00     8.9591e+00  1.5156e-01  5.8644e-02 -8.9591e+00 -1.5156e-01 -5.8644e-02  3.9774e+01  2.3390e-01  6.8221e-01 -3.9774e+01 -2.3390e-01 -6.8222e-01
-1.1583e+00     1.1396e+01  1.9722e-01  7.1948e-02 -1.1396e+01 -1.9722e-01 -7.1948e-02  3.9858e+01  2.3535e-01  6.8275e-01 -3.9858e+01 -2.3535e-01 -6.8276e-01
-1.1500e+00     1.2321e+01  2.0771e-01  6.3920e-02 -1.2321e+01 -2.0771e-01 -6.3920e-02  3.9957e+01  2.3703e-01  6.8332e-01 -3.9957e+01 -2.3703e-01 -6.8333e-01
-1.1417e+00     1.4796e+01  2.4497e-01  7.1187e-02 -1.4796e+01 -2.4497e-01 -7.1187e-02  4.0070e+01  2.3892e-01  6.8388e-01 -4.0070e+01 -2.3892e-01 -6.8389e-01
-1.1333e+00     2.1237e+01  3.5892e-01  1.1799e-01 -2.1237e+01 -3.5892e-01 -1.1799e-01  4.0220e+01  2.4143e-01  6.8467e-01 -4.0220e+01 -2.4143e-01 -6.8468e-01
-1.1250e+00     2.2849e+01  3.5668e-01  1.6179e-01 -2.2849e+01 -3.5668e-01 -1.6179e-01  4.0403e+01  2.4441e-01  6.8583e-01 -4.0403e+01 -2.4441e-01 -6.8584e-01
-1.1167e+00     2.1457e+01  3.3491e-01  1.5780e-01 -2.1457e+01 -3.3491e-01 -1.5780e-01  4.0587e+01  2.4728e-01  6.8716e-01 -4.0587e+01 -2.4728e-01 -6.8717e-01
-1.1083e+00     1.5233e+01  2.4503e-01  9.9761e-02 -1.5233e+01 -2.4503e-01 -9.9761e-02  4.0740e+01  2.4969e-01  6.8823e-01 -4.0740e+01 -2.4969e-01 -6.8824e-01
-1.1000e+00     1.2387e+01  2.1272e-01  7.9085e-02 -1.2387e+01 -2.1272e-01 -7.9085e-02  4.0855e+01  2.5160e-01  6.8897e-01 -4.0855e+01 -2.5160e-01 -6.8898e-01
-1.0917e+00     8.2986e+00  1.3017e-01  4.5292e-02 -8.2986e+00 -1.3017e-01 -4.5292e-02  4.0941e+01  2.5303e-01  6.8949e-01 -4.0941e+01 -2.5303e-01 -6.8950e-01
-1.0833e+00     1.0967e+01  1.7959e-01  5.6900e-02 -1.0967e+01 -1.7959e-01 -5.6900e-02  4.1021e+01  2.5431e-01  6.8992e-01 -4.1021e+01 -2.5431e-01 -6.8993e-01
-1.0750e+00     1.2047e+01  1.8981e-01  7.6439e-02 -1.2047e+01 -1.8981e-01 -7.6439e-02  4.1117e+01  2.5585e-01  6.9047e-01 -4.1117e+01 -2.5585e-01 -6.9048e-01
-1.0667e+00     2.7166e+01  5.1558e-01  1.8154e-01 -2.7166e+01 -5.1558e-01 -1.8154e-01  4.1280e+01  2.5878e-01  6.9155e-01 -4.1280e+01 -2.5878e-01 -6.9155e-01
-1.0583e+00     2.1696e+01  4.0467e-01  1.4506e-01 -2.1696e+01 -4.0467e-01 -1.4506e-01  4.1483e+01  2.6261e-01  6.9290e-01 -4.1483e+01 -2.6261e-01 -6.9291e-01
-1.0500e+00     1.5813e+01  2.6511e-01  1.2343e-01 -1.5813e+01 -2.6511e-01 -1.2343e-01  4.1639e+01  2.6540e-01  6.9402e-01 -4.1639e+01 -2.6540e-01 -6.9403e-01
-1.0417e+00     1.4452e+01  2.1137e-01  1.1136e-01 -1.4452e+01 -2.1137e-01 -1.1136e-01  4.1765e+01  2.6738e-01  6.9500e-01 -4.1765e+01 -2.6738e-01 -6.9501e-01
-1.0333e+00     1.3459e+01  1.9442e-01  1.0266e-01 -1.3459e+01 -1.9442e-01 -1.0266e-01  4.1881e+01  2.6907e-01  6.9589e-01 -4.1881e+01 -2.6907e-01 -6.9590e-01
-1.0250e+00     1.1233e+01  1.6892e-01  8.2886e-02 -1.1233e+01 -1.6892e-01 -8.2886e-02  4.1984e+01  2.7058e-01  6.9666e-01 -4.1984e+01 -2.7058e-01 -6.9667e-01
-1.0167e+00     1.0840e+01  1.6761e-01  6.9150e-02 -1.0840e+01 -1.6761e-01 -6.9150e-02  4.2076e+01  2.7198e-01  6.9729e-01 -4.2076e+01 -2.7198e-01 -6.9730e-01
-1.0083e+00     1.2398e+01  1.8807e-01  6.4482e-02 -1.2398e+01 -1.8807e-01 -6.4482e-02  4.2172e+01  2.7346e-01  6.9785e-01 -4.2172e+01 -2.7346e-01 -6.9786e-01
-1.0000e+00     1.5141e+01  2.2469e-01  6.6719e-02 -1.5141e+01 -2.2469e-01 -6.6718e-02  4.2287e+01  2.7518e-01  6.9839e-01 -4.2287e+01 -2.7518e-01 -6.9840e-01
-9.9167e-01     1.3922e+01  2.0789e-01  6.2504e-02 -1.3922e+01 -2.0789e-01 -6.2503e-02  4.2408e+01  2.7698e-01  6.9893e-01 -4.2408e+01 -2.7698e-01 -6.9894e-01
-9.8333e-01     1.4624e+01  2.1722e-01  6.5060e-02 -1.4624e+01 -2.1722e-01 -6.5060e-02  4.2526e+01  2.7874e-01  6.9946e-01 -4.2526e+01 -2.7874e-01 -6.9947e-01
-9.7500e-01     1.5370e+01  2.3663e-01  6.8746e-02 -1.5370e+01 -2.3663e-01 -6.8746e-02  4.2651e+01  2.8063e-01  7.0002e-01 -4.2651e+01 -2.8063e-01 -7.0003e-01
-9.6667e-01     1.6054e+01  2.6161e-01  7.2223e-02 -1.6054e+01 -2.6161e-01 -7.2222e-02  4.2782e+01  2.8270e-01  7.0060e-01 -4.2782e+01 -2.8270e-01 -7.0061e-01
-9.5833e-01     1.4336e+01  2.6987e-01  7.2214e-02 -1.4336e+01 -2.6987e-01 -7.2214e-02  4.2908e+01  2.8492e-01  7.0121e-01 -4.2908e+01 -2.8492e-01 -7.0121e-01
-9.5000e-01     1.4854e+01  3.2113e-01  8.4373e-02 -1.4854e+01 -3.2113e-01 -8.4373e-02  4.3030e+01  2.8737e-01  7.0186e-01 -4.3030e+01 -2.8737e-01 -7.0187e-01
-9.4167e-01     1.6390e+01  3.4505e-01  9.4074e-02 -1.6390e+01 -3.4505e-01 -9.4073e-02  4.3160e+01  2.9014e-01  7.0260e-01 -4.3160e+01 -2.9014e-01 -7.0261e-01
-9.3333e-01     2.0278e+01  3.0550e-01  8.1220e-02 -2.0278e+01 -3.0550e-01 -8.1220e-02  4.3312e+01  2.9285e-01  7.0333e-01 -4.3312e+01 -2.9285e-01 -7.0334e-01
-9.2500e-01     1.8933e+01  2.5041e-01  5.7418e-02 -1.8933e+01 -2.5041e-01 -5.7418e-02  4.3475e+01  2.9516e-01  7.0390e-01 -4.3475e+01 -2.9516e-01 -7.0391e-01
-9.1667e-01     1.8352e+01  2.3491e-01  6.6321e-02 -1.8352e+01 -2.3491e-01 -6.6321e-02  4.3631e+01  2.9718e-01  7.0442e-01 -4.3631e+01 -2.9718e-01 -7.0443e-01
-9.0833e-01     1.6128e+01  2.1439e-01  6.4933e-02 -1.6128e+01 -2.1439e-01 -6.4933e-02  4.3774e+01  2.9905e-01  7.0497e-01 -4.3774e+01 -2.9905e-01 -7.0497e-01
-9.0000e-01     1.5685e+01  2.2803e-01  6.8553e-02 -1.5684e+01 -2.2803e-01 -6.8553e-02  4.3906e+01  3.0089e-01  7.0552e-01 -4.3906e+01 -3.0089e-01 -7.0553e-01
-8.9167e-01     1.5185e+01  2.2143e-01  6.6809e-02 -1.5185e+01 -2.2143e-01 -6.6809e-02  4.4035e+01  3.0276e-01  7.0608e-01 -4.4035e+01 -3.0276e-01 -7.0609e-01
-8.8333e-01     1.4256e+01  2.0119e-01  6.2271e-02 -1.4256e+01 -2.0119e-01 -6.2271e-02  4.4157e+01  3.0452e-01  7.0662e-01 -4.4157e+01 -3.0452e-01 -7.0663e-01
-8.7500e-01     1.5229e+01  2.1005e-01  6.3494e-02 -1.5229e+01 -2.1005e-01 -6.3494e-02  4.4280e+01  3.0623e-01  7.0714e-01 -4.4280e+01 -3.0623e-01 -7.0715e-01
-8.6667e-01     1.8081e+01  2.4748e-01  6.9664e-02 -1.8081e+01 -2.4748e-01 -6.9664e-02  4.4418e+01  3.0813e-01  7.0770e-01 -4.4418e+01 -3.0813e-01 -7.0771e-01
-8.5833e-01     1.7468e+01  2.3661e-01  6.7498e-02 -1.7468e+01 -2.3661e-01 -6.7498e-02  4.4566e+01  3.1015e-01  7.0827e-01 -4.4566e+01 -3.1015e-01 -7.0828e-01
-8.5000e-01     1.5510e+01  2.1340e-01  6.1450e-02 -1.5510e+01 -2.1340e-01 -6.1450e-02  4.4703e+01  3.1202e-01  7.0880e-01 -4.4703e+01 -3.1202e-01 -7.0881e-01
-8.4167e-01     1.9166e+01  2.8946e-01  7.0882e-02 -1.9166e+01 -2.8946e-01 -7.0882e-02  4.4848e+01  3.1411e-01  7.0936e-01 -4.4848e+01 -3.1411e-01 -7.0936e-01
-8.3333e-01     1.1588e+01  1.5886e-01  4.0438e-02 -1.1588e+01 -1.5886e-01 -4.0438e-02  4.4976e+01  3.1598e-01  7.0982e-01 -4.4976e+01 -3.1598e-01 -7.0983e-01
-8.2500e-01     1.1756e+01  1.6110e-01  3.9287e-02 -1.1756e+01 -1.6110e-01 -3.9287e-02  4.5073e+01  3.1731e-01  7.1015e-01 -4.5073e+01 -3.1731e-01 -7.1016e-01
-8.1667e-01     1.2922e+01  1.7773e-01  4.2838e-02 -1.2922e+01 -1.7773e-01 -4.2838e-02  4.5175e+01  3.1872e-01  7.1049e-01 -4.5175e+01 -3.1872e-01 -7.1050e-01
-8.0833e-01     1.4682e+01  2.0190e-01  4.4190e-02 -1.4682e+01 -2.0190e-01 -4.4190e-02  4.5290e+01  3.2029e-01  7.1085e-01 -4.5290e+01 -3.2029e-01 -7.1086e-01
-8.0000e-01     1.8182e+01  2.2774e-01  5.3126e-02 -1.8182e+01 -2.2774e-01 -5.3126e-02  4.5427e+01  3.2208e-01  7.1126e-01 -4.5427e+01 -3.2208e-01 -7.1127e-01
-7.9167e-01     1.4490e+01  1.8658e-01  4.4260e-02 -1.4490e+01 -1.8658e-01 -4.4260e-02  4.5563e+01  3.2381e-01  7.1166e-01 -4.5563e+01 -3.2381e-01 -7.1167e-01
-7.8333e-01     1.7770e+01  2.8217e-01  5.3177e-02 -1.7770e+01 -2.8217e-01 -5.3177e-02  4.5697e+01  3.2576e-01  7.1207e-01 -4.5697e+01 -3.2576e-01 -7.1208e-01
-7.7500e-01     2.7073e+01  5.0803e-01  7.9166e-02 -2.7073e+01 -5.0803e-01 -7.9166e-02  4.5883e+01  3.2904e-01  7.1262e-01 -4.5884e+01 -3.2904e-01 -7.1263e-01
-7.6667e-01     1.7609e+01  2.6377e-01  5.1897e-02 -1.7609e+01 -2.6377e-01 -5.1896e-02  4.6069e+01  3.3225e-01  7.1316e-01 -4.6069e+01 -3.3225e-01 -7.1317e-01
-7.5833e-01     1.9230e+01  3.0164e-01  5.6929e-02 -1.9230e+01 -3.0164e-01 -5.6929e-02  4.6223e+01  3.3460e-01  7.1362e-01 -4.6223e+01 -3.3460e-01 -7.1363e-01
-7.5000e-01     2.0275e+01  3.3133e-01  5.8163e-02 -2.0275e+01 -3.3133e-01 -5.8163e-02  4.6387e+01  3.3724e-01  7.1410e-01 -4.6387e+01 -3.3724e-01 -7.1411e-01
-7.4167e-01     1.5921e+01  2.7198e-01  4.4371e-02 -1.5921e+01 -2.7198e-01 -4.4371e-02  4.6538e+01  3.3975e-01  7.1452e-01 -4.6538e+01 -3.3975e-01 -7.1453e-01
-7.3333e-01     1.9804e+01  3.3700e-01  5.2010e-02 -1.9804e+01 -3.3700e-01 -5.2010e-02  4.6686e+01  3.4228e-01  7.1492e-01 -4.6686e+01 -3.4228e-01 -7.1493e-01
-7.2500e-01     2.0499e+01  3.2504e-01  5.5802e-02 -2.0499e+01 -3.2504e-01 -5.5802e-02  4.6854e+01  3.4503e-01  7.1537e-01 -4.6854e+01 -3.4503e-01 -7.1538e-01
-7.1667e-01     1.9973e+01  3.0837e-01  5.6016e-02 -1.9973e+01 -3.0837e-01 -5.6016e-02  4.7022e+01  3.4767e-01  7.1584e-01 -4.7022e+01 -3.4767e-01 -7.1585e-01
-7.0833e-01     1.7026e+01  3.0848e-01  4.5788e-02 -1.7026e+01 -3.0848e-01 -4.5788e-02  4.7176e+01  3.5024e-01  7.1626e-01 -4.7176e+01 -3.5024e-01 -7.1627e-01
-7.0000e-01     1.5397e+01  2.8909e-01  3.8498e-02 -1.5397e+01 -2.8909e-01 -3.8498e-02  4.7311e+01  3.5272e-01  7.1661e-01 -4.7311e+01 -3.5272e-01 -7.1662e-01
-6.9167e-01     1.5352e+01  2.8471e-01  3.4805e-02 -1.5352e+01 -2.8471e-01 -3.4805e-02  4.7439e+01  3.5511e-01  7.1692e-01 -4.7439e+01 -3.5511e-01 -7.1693e-01
-6.8333e-01     1.5544e+01  2.8452e-01  3.3994e-02 -1.5544e+01 -2.8452e-01 -3.3994e-02  4.7567e+01  3.5748e-01  7.1720e-01 -4.7567e+01 -3.5748e-01 -7.1721e-01
-6.7500e-01     1.5261e+01  2.8686e-01  3.5470e-02 -1.5261e+01 -2.8686e-01 -3.5470e-02  4.7695e+01  3.5985e-01  7.1749e-01 -4.7695e+01 -3.5985e-01 -7.1750e-01
-6.6667e-01     1.7046e+01  3.1495e-01  4.2531e-02 -1.7046e+01 -3.1495e-01 -4.2531e-02  4.7830e+01  3.6236e-01  7.1782e-01 -4.7830e+01 -3.6236e-01 -7.1783e-01
-6.5833e-01     2.5492e+01  4.7119e-01  6.8185e-02 -2.5492e+01 -4.7119e-01 -6.8185e-02  4.8007e+01  3.6563e-01  7.1828e-01 -4.8007e+01 -3.6563e-01 -7.1829e-01
-6.5000e-01     2.1946e+01  4.5931e-01  6.2182e-02 -2.1946e+01 -4.5931e-01 -6.2182e-02  4.8204e+01  3.6950e-01  7.1882e-01 -4.8204e+01 -3.6950e-01 -7.1883e-01
-6.4167e-01     1.9776e+01  4.1883e-01  5.6960e-02 -1.9776e+01 -4.1883e-01 -5.6960e-02  4.8378e+01  3.7315e-01  7.1931e-01 -4.8378e+01 -3.7315e-01 -7.1932e-01
-6.3333e-01     1.6477e+01  3.2117e-01  5.0110e-02 -1.6477e+01 -3.2117e-01 -5.0110e-02  4.8528e+01  3.7623e-01  7.1976e-01 -4.8529e+01 -3.7623e-01 -7.1977e-01
-6.2500e-01     2.0177e+01  3.3846e-01  6.7927e-02 -2.0177e+01 -3.3847e-01 -6.7927e-02  4.8681e+01  3.7897e-01  7.2025e-01 -4.8681e+01 -3.7897e-01 -7.2026e-01
-6.1667e-01     1.5674e+01  2.4739e-01  4.7105e-02 -1.5674e+01 -2.4739e-01 -4.7105e-02  4.8830e+01  3.8141e-01  7.2073e-01 -4.8830e+01 -3.8141e-01 -7.2074e-01
-6.0833e-01     1.5786e+01  2.5224e-01  4.6804e-02 -1.5786e+01 -2.5224e-01 -4.6804e-02  4.8961e+01  3.8349e-01  7.2112e-01 -4.8961e+01 -3.8349e-01 -7.2113e-01
-6.0000e-01     1.5830e+01  2.4682e-01  4.6911e-02 -1.5830e+01 -2.4682e-01 -4.6911e-02  4.9092e+01  3.8556e-01  7.2151e-01 -4.9092e+01 -3.8556e-01 -7.2152e-01
-5.9167e-01     1.6402e+01  2.4850e-01  4.8070e-02 -1.6402e+01 -2.4850e-01 -4.8070e-02  4.9227e+01  3.8762e-01  7.2190e-01 -4.9227e+01 -3.8762e-01 -7.2191e-01
-5.8333e-01     1.7308e+01  2.5650e-01  4.9926e-02 -1.7308e+01 -2.5650e-01 -4.9926e-02  4.9367e+01  3.8972e-01  7.2231e-01 -4.9367e+01 -3.8972e-01 -7.2232e-01
-5.7500e-01     1.7449e+01  2.4051e-01  4.8105e-02 -1.7449e+01 -2.4051e-01 -4.8105e-02  4.9511e+01  3.9179e-01  7.2272e-01 -4.9511e+01 -3.9179e-01 -7.2273e-01
-5.6667e-01     1.4874e+01  2.1630e-01  4.3837e-02 -1.4874e+01 -2.1630e-01 -4.3837e-02  4.9646e+01  3.9369e-01  7.2310e-01 -4.9646e+01 -3.9369e-01 -7.2311e-01
-5.5833e-01     1.4505e+01  2.1837e-01  4.3981e-02 -1.4505e+01 -2.1837e-01 -4.3981e-02  4.9768e+01  3.9550e-01  7.2347e-01 -4.9768e+01 -3.9550e-01 -7.2348e-01
-5.5000e-01     1.4824e+01  2.2008e-01  4.5224e-02 -1.4824e+01 -2.2008e-01 -4.5224e-02  4.9890e+01  3.9732e-01  7.2384e-01 -4.9890e+01 -3.9732e-01 -7.2385e-01
-5.4167e-01     1.5303e+01  2.2005e-01  4.7349e-02 -1.5303e+01 -2.2005e-01 -4.7349e-02  5.0015e+01  3.9915e-01  7.2422e-01 -5.0015e+01 -3.9915e-01 -7.2423e-01
-5.3333e-01     1.7264e+01  2.4438e-01  5.3745e-02 -1.7264e+01 -2.4438e-01 -5.3745e-02  5.0151e+01  4.0109e-01  7.2464e-01 -5.0151e+01 -4.0109e-01 -7.2465e-01
-5.2500e-01     1.9064e+01  2.6983e-01  6.0437e-02 -1.9064e+01 -2.6983e-01 -6.0437e-02  5.0302e+01  4.0323e-01  7.2512e-01 -5.0302e+01 -4.0323e-01 -7.2513e-01
-5.1667e-01     1.9548e+01  2.6825e-01  6.5954e-02 -1.9548e+01 -2.6825e-01 -6.5954e-02  5.0463e+01  4.0546e-01  7.2565e-01 -5.0463e+01 -4.0546e-01 -7.2565e-01
-5.0833e-01     1.6747e+01  2.1276e-01  5.7422e-02 -1.6747e+01 -2.1276e-01 -5.7422e-02  5.0614e+01  4.0746e-01  7.2616e-01 -5.0614e+01 -4.0746e-01 -7.2617e-01
-5.0000e-01     1.8872e+01  2.1516e-01  6.1442e-02 -1.8872e+01 -2.1516e-01 -6.1442e-02  5.0762e+01  4.0924e-01  7.2665e-01 -5.0762e+01 -4.0924e-01 -7.2666e-01
-4.9167e-01     2.0666e+01  2.6167e-01  6.3881e-02 -2.0666e+01 -2.6167e-01 -6.3881e-02  5.0926e+01  4.1123e-01  7.2717e-01 -5.0926e+01 -4.1123e-01 -7.2718e-01
-4.8333e-01     2.2775e+01  3.0130e-01  6.7108e-02 -2.2775e+01 -3.0130e-01 -6.7108e-02  5.1107e+01  4.1357e-01  7.2772e-01 -5.1107e+01 -4.1357e-01 -7.2773e-01
-4.7500e-01     1.8121e+01  2.4384e-01  5.5404e-02 -1.8121e+01 -2.4384e-01 -5.5404e-02  5.1277e+01  4.1584e-01  7.2823e-01 -5.1277e+01 -4.1584e-01 -7.2824e-01
-4.6667e-01     1.5827e+01  1.7652e-01  4.4975e-02 -1.5827e+01 -1.7652e-01 -4.4975e-02  5.1418e+01  4.1759e-01  7.2865e-01 -5.1418e+01 -4.1759e-01 -7.2866e-01
-4.5833e-01     2.5070e+01  2.6175e-01  7.0017e-02 -2.5070e+01 -2.6175e-01 -7.0017e-02  5.1588e+01  4.1941e-01  7.2912e-01 -5.1588e+01 -4.1941e-01 -7.2913e-01
-4.5000e-01     1.7951e+01  2.3689e-01  4.8502e-02 -1.7951e+01 -2.3689e-01 -4.8502e-02  5.1767e+01  4.2148e-01  7.2962e-01 -5.1767e+01 -4.2148e-01 -7.2963e-01
-4.4167e-01     1.8268e+01  2.6764e-01  4.9602e-02 -1.8268e+01 -2.6764e-01 -4.9602e-02  5.1918e+01  4.2358e-01  7.3003e-01 -5.1918e+01 -4.2358e-01 -7.3003e-01
-4.3333e-01     2.0671e+01  3.2146e-01  5.2047e-02 -2.0671e+01 -3.2146e-01 -5.2047e-02  5.2080e+01  4.2603e-01  7.3045e-01 -5.2080e+01 -4.2603e-01 -7.3046e-01
-4.2500e-01     2.5565e+01  3.5294e-01  5.9518e-02 -2.5565e+01 -3.5294e-01 -5.9518e-02  5.2272e+01  4.2884e-01  7.3091e-01 -5.2272e+01 -4.2884e-01 -7.3092e-01
-4.1667e-01     2.4606e+01  3.3160e-01  5.8531e-02 -2.4606e+01 -3.3160e-01 -5.8531e-02  5.2481e+01  4.3169e-01  7.3140e-01 -5.2481e+01 -4.3169e-01 -7.3141e-01
-4.0833e-01     1.7914e+01  2.4007e-01  4.3742e-02 -1.7914e+01 -2.4007e-01 -4.3742e-02  5.2658e+01  4.3406e-01  7.3183e-01 -5.2658e+01 -4.3406e-01 -7.3184e-01
-4.0000e-01     1.7298e+01  2.2062e-01  4.4442e-02 -1.7298e+01 -2.2062e-01 -4.4442e-02  5.2804e+01  4.3598e-01  7.3220e-01 -5.2804e+01 -4.3598e-01 -7.3221e-01
-3.9167e-01     1.7869e+01  2.4793e-01  5.1214e-02 -1.7869e+01 -2.4793e-01 -5.1214e-02  5.2951e+01  4.3793e-01  7.3259e-01 -5.2951e+01 -4.3793e-01 -7.3260e-01
-3.8333e-01     1.5256e+01  2.1883e-01  4.3580e-02 -1.5256e+01 -2.1883e-01 -4.3580e-02  5.3088e+01  4.3987e-01  7.3299e-01 -5.3088e+01 -4.3987e-01 -7.3300e-01
-3.7500e-01     1.4796e+01  2.0823e-01  4.1299e-02 -1.4796e+01 -2.0823e-01 -4.1299e-02  5.3213e+01  4.4165e-01  7.3334e-01 -5.3213e+01 -4.4165e-01 -7.3335e-01
-3.6667e-01     1.4848e+01  2.0428e-01  3.9935e-02 -1.4848e+01 -2.0428e-01 -3.9935e-02  5.3337e+01  4.4336e-01  7.3368e-01 -5.3337e+01 -4.4336e-01 -7.3369e-01
-3.5833e-01     1.7102e+01  2.2747e-01  4.4344e-02 -1.7102e+01 -2.2747e-01 -4.4344e-02  5.3470e+01  4.4516e-01  7.3403e-01 -5.3470e+01 -4.4516e-01 -7.3404e-01
-3.5000e-01     1.9146e+01  2.4920e-01  5.2522e-02 -1.9146e+01 -2.4920e-01 -5.2522e-02  5.3620e+01  4.4714e-01  7.3443e-01 -5.3620e+01 -4.4714e-01 -7.3444e-01
-3.4167e-01     1.9376e+01  2.4329e-01  5.4037e-02 -1.9376e+01 -2.4329e-01 -5.4037e-02  5.3781e+01  4.4919e-01  7.3488e-01 -5.3781e+01 -4.4919e-01 -7.3489e-01
-3.3333e-01     1.8409e+01  2.2530e-01  4.9732e-02 -1.8409e+01 -2.2530e-01 -4.9732e-02  5.3938e+01  4.5114e-01  7.3531e-01 -5.3938e+01 -4.5114e-01 -7.3532e-01
-3.2500e-01     1.6617e+01  1.9846e-01  4.4067e-02 -1.6617e+01 -1.9846e-01 -4.4067e-02  5.4083e+01  4.5290e-01  7.3570e-01 -5.4083e+01 -4.5290e-01 -7.3571e-01
-3.1667e-01     1.6073e+01  1.8731e-01  4.1453e-02 -1.6073e+01 -1.8731e-01 -4.1453e-02  5.4219e+01  4.5451e-01  7.3605e-01 -5.4219e+01 -4.5451e-01 -7.3606e-01
-3.0833e-01     1.4046e+01  1.5762e-01  3.6900e-02 -1.4046e+01 -1.5762e-01 -3.6900e-02  5.4345e+01  4.5594e-01  7.3638e-01 -5.4345e+01 -4.5594e-01 -7.3639e-01
-3.0000e-01     1.5354e+01  1.6920e-01  4.1809e-02 -1.5354e+01 -1.6920e-01 -4.1809e-02  5.4467e+01  4.5730e-01  7.3671e-01 -5.4467e+01 -4.5730e-01 -7.3672e-01
-2.9167e-01     1.7643e+01  2.1459e-01  5.5429e-02 -1.7643e+01 -2.1459e-01 -5.5429e-02  5.4604e+01  4.5890e-01  7.3711e-01 -5.4604e+01 -4.5890e-01 -7.3712e-01
-2.8333e-01     2.5233e+01  3.1098e-01  8.6641e-02 -2.5233e+01 -3.1098e-01 -8.6640e-02  5.4783e+01  4.6108e-01  7.3770e-01 -5.4783e+01 -4.6108e-01 -7.3771e-01
-2.7500e-01     3.1770e+01  3.7112e-01  1.2257e-01 -3.1770e+01 -3.7112e-01 -1.2257e-01  5.5020e+01  4.6392e-01  7.3857e-01 -5.5020e+01 -4.6392e-01 -7.3858e-01
-2.6667e-01     2.2248e+01  2.4457e-01  7.5120e-02 -2.2248e+01 -2.4457e-01 -7.5120e-02  5.5244e+01  4.6648e-01  7.3939e-01 -5.5244e+01 -4.6648e-01 -7.3940e-01
-2.5833e-01     1.8908e+01  1.9264e-01  6.5132e-02 -1.8908e+01 -1.9264e-01 -6.5132e-02  5.5416e+01  4.6830e-01  7.3998e-01 -5.5416e+01 -4.6830e-01 -7.3999e-01
-2.5000e-01     2.2399e+01  2.5387e-01  7.9435e-02 -2.2399e+01 -2.5387e-01 -7.9435e-02  5.5587e+01  4.7016e-01  7.4058e-01 -5.5587e+01 -4.7016e-01 -7.4059e-01
-2.4167e-01     2.3754e+01  2.7225e-01  8.7808e-02 -2.3754e+01 -2.7226e-01 -8.7808e-02  5.5779e+01  4.7235e-01  7.4128e-01 -5.5779e+01 -4.7235e-01 -7.4128e-01
-2.3333e-01     2.2158e+01  2.4440e-01  8.2379e-02 -2.2158e+01 -2.4440e-01 -8.2379e-02  5.5970e+01  4.7450e-01  7.4198e-01 -5.5970e+01 -4.7450e-01 -7.4199e-01
-2.2500e-01     1.8370e+01  1.8618e-01  6.8858e-02 -1.8370e+01 -1.8618e-01 -6.8858e-02  5.6139e+01  4.7629e-01  7.4261e-01 -5.6139e+01 -4.7629e-01 -7.4262e-01
-2.1667e-01     1.6714e+01  1.6576e-01  6.2392e-02 -1.6714e+01 -1.6576e-01 -6.2392e-02  5.6285e+01  4.7775e-01  7.4316e-01 -5.6285e+01 -4.7775e-01 -7.4317e-01
-2.0833e-01     1.8567e+01  1.8021e-01  6.8181e-02 -1.8567e+01 -1.8021e-01 -6.8181e-02  5.6432e+01  4.7919e-01  7.4370e-01 -5.6432e+01 -4.7919e-01 -7.4371e-01
-2.0000e-01     2.0095e+01  1.9921e-01  7.1734e-02 -2.0095e+01 -1.9921e-01 -7.1734e-02  5.6593e+01  4.8077e-01  7.4428e-01 -5.6593e+01 -4.8077e-01 -7.4429e-01
-1.9167e-01     2.2030e+01  2.1842e-01  7.7061e-02 -2.2030e+01 -2.1842e-01 -7.7061e-02  5.6768e+01  4.8251e-01  7.4490e-01 -5.6768e+01 -4.8251e-01 -7.4491e-01
-1.8333e-01     2.3026e+01  2.1896e-01  7.9611e-02 -2.3026e+01 -2.1896e-01 -7.9612e-02  5.6955e+01  4.8433e-01  7.4555e-01 -5.6955e+01 -4.8433e-01 -7.4556e-01
-1.7500e-01     2.1208e+01  1.9241e-01  7.6041e-02 -2.1208e+01 -1.9241e-01 -7.6041e-02  5.7139e+01  4.8604e-01  7.4620e-01 -5.7139e+01 -4.8604e-01 -7.4621e-01
-1.6667e-01     2.1876e+01  1.9114e-01  8.0909e-02 -2.1876e+01 -1.9114e-01 -8.0909e-02  5.7318e+01  4.8763e-01  7.4685e-01 -5.7318e+01 -4.8763e-01 -7.4686e-01
-1.5833e-01     2.1561e+01  1.7598e-01  7.7185e-02 -2.1561e+01 -1.7598e-01 -7.7185e-02  5.7499e+01  4.8916e-01  7.4751e-01 -5.7499e+01 -4.8916e-01 -7.4752e-01
-1.5000e-01     2.1846e+01  1.7841e-01  7.3635e-02 -2.1846e+01 -1.7841e-01 -7.3635e-02  5.7680e+01  4.9063e-01  7.4814e-01 -5.7680e+01 -4.9063e-01 -7.4815e-01
-1.4167e-01     2.1652e+01  1.7894e-01  6.9033e-02 -2.1652e+01 -1.7894e-01 -6.9033e-02  5.7861e+01  4.9212e-01  7.4873e-01 -5.7861e+01 -4.9212e-01 -7.4874e-01
-1.3333e-01     2.6489e+01  2.1662e-01  8.4463e-02 -2.6489e+01 -2.1662e-01 -8.4463e-02  5.8061e+01  4.9377e-01  7.4937e-01 -5.8061e+01 -4.9377e-01 -7.4938e-01
-1.2500e-01     2.6180e+01  2.2965e-01  8.7688e-02 -2.6180e+01 -2.2965e-01 -8.7688e-02  5.8280e+01  4.9562e-01  7.5009e-01 -5.8280e+01 -4.9562e-01 -7.5010e-01
-1.1667e-01     2.5955e+01  2.3238e-01  9.1404e-02 -2.5955e+01 -2.3238e-01 -9.1404e-02  5.8497e+01  4.9754e-01  7.5083e-01 -5.8497e+01 -4.9754e-01 -7.5084e-01
-1.0833e-01     2.6677e+01  2.3687e-01  9.7079e-02 -2.6677e+01 -2.3687e-01 -9.7079e-02  5.8716e+01  4.9950e-01  7.5162e-01 -5.8716e+01 -4.9950e-01 -7.5163e-01
-1.0000e-01     2.3554e+01  2.1888e-01  8.9686e-02 -2.3554e+01 -2.1888e-01 -8.9686e-02  5.8925e+01  5.0139e-01  7.5239e-01 -5.8925e+01 -5.0139e-01 -7.5240e-01
-9.1667e-02     2.2562e+01  2.1150e-01  8.8617e-02 -2.2562e+01 -2.1150e-01 -8.8617e-02  5.9117e+01  5.0318e-01  7.5313e-01 -5.9117e+01 -5.0318e-01 -7.5314e-01
-8.3333e-02     2.1495e+01  2.0153e-01  8.7392e-02 -2.1495e+01 -2.0153e-01 -8.7392e-02  5.9300e+01  5.0490e-01  7.5387e-01 -5.9300e+01 -5.0490e-01 -7.5388e-01
-7.5000e-02     2.0204e+01  1.8872e-01  8.5717e-02 -2.0204e+01 -1.8872e-01 -8.5717e-02  5.9473e+01  5.0652e-01  7.5459e-01 -5.9473e+01 -5.0652e-01 -7.5460e-01
-6.6667e-02     2.0196e+01  1.9793e-01  8.8349e-02 -2.0196e+01 -1.9793e-01 -8.8349e-02  5.9641e+01  5.0813e-01  7.5531e-01 -5.9641e+01 -5.0813e-01 -7.5532e-01
-5.8333e-02     2.0405e+01  2.2249e-01  8.6635e-02 -2.0405e+01 -2.2249e-01 -8.6635e-02  5.9810e+01  5.0988e-01  7.5604e-01 -5.9810e+01 -5.0988e-01 -7.5605e-01
-5.0000e-02     2.3058e+01  2.5602e-01  9.9835e-02 -2.3058e+01 -2.5602e-01 -9.9835e-02  5.9991e+01  5.1187e-01  7.5681e-01 -5.9991e+01 -5.1187e-01 -7.5682e-01
-4.1667e-02     2.2190e+01  2.2147e-01  9.4804e-02 -2.2190e+01 -2.2147e-01 -9.4805e-02  6.0179e+01  5.1386e-01  7.5762e-01 -6.0179e+01 -5.1386e-01 -7.5763e-01
-3.3333e-02     1.4745e+01  1.5140e-01  5.7204e-02 -1.4745e+01 -1.5140e-01 -5.7204e-02  6.0333e+01  5.1541e-01  7.5826e-01 -6.0333e+01 -5.1541e-01 -7.5827e-01
-2.5000e-02     1.5105e+01  1.6260e-01  6.0197e-02 -1.5105e+01 -1.6260e-01 -6.0197e-02  6.0457e+01  5.1671e-01  7.5875e-01 -6.0457e+01 -5.1671e-01 -7.5875e-01
-1.6667e-02     1.7798e+01  2.0064e-01  6.8073e-02 -1.7798e+01 -2.0064e-01 -6.8073e-02  6.0594e+01  5.1822e-01  7.5928e-01 -6.0594e+01 -5.1823e-01 -7.5929e-01
-8.3333e-03     1.9360e+01  2.3641e-01  6.2079e-02 -1.9360e+01 -2.3641e-01 -6.2079e-02  6.0748e+01  5.2004e-01  7.5982e-01 -6.0748e+01 -5.2004e-01 -7.5983e-01
