-5.0000e+00     1.8727e+01  7.4408e-02  3.2495e-03 -1.8728e+01 -7.4421e-02 -3.2491e-03  0.0000e+00  0.0000e+00  0.0000e+00 -0.0000e+00 -0.0000e+00 -0.0000e+00
-4.9917e+00     2.3913e+01  8.8271e-02  4.3805e-03 -2.3914e+01 -8.8285e-02 -4.3797e-03  1.7737e-01  6.7670e-04  3.1739e-05 -1.7738e-01 -6.7681e-04 -3.1734e-05
-4.9833e+00     2.1751e+01  8.1949e-02  4.0916e-03 -2.1750e+01 -8.1959e-02 -4.0906e-03  3.6732e-01  1.3848e-03  6.6981e-05 -3.6733e-01 -1.3850e-03 -6.6968e-05
-4.9750e+00     1.7932e+01  7.2680e-02  3.4918e-03 -1.7931e+01 -7.2688e-02 -3.4908e-03  5.3239e-01  2.0280e-03  9.8525e-05 -5.3240e-01 -2.0283e-03 -9.8505e-05
-4.9667e+00     2.1259e+01  9.6669e-02  4.4987e-03 -2.1259e+01 -9.6681e-02 -4.4975e-03  6.9541e-01  2.7324e-03  1.3176e-04 -6.9541e-01 -2.7328e-03 -1.3173e-04
-4.9583e+00     1.9855e+01  9.4575e-02  4.2503e-03 -1.9854e+01 -9.4583e-02 -4.2491e-03  8.6643e-01  3.5280e-03  1.6816e-04 -8.6643e-01 -3.5284e-03 -1.6812e-04
-4.9500e+00     1.6683e+01  8.5495e-02  3.5487e-03 -1.6682e+01 -8.5505e-02 -3.5477e-03  1.0184e+00  4.2770e-03  2.0060e-04 -1.0184e+00 -4.2775e-03 -2.0055e-04
-4.9417e+00     1.7687e+01  8.6073e-02  3.5581e-03 -1.7689e+01 -8.6091e-02 -3.5576e-03  1.1614e+00  4.9907e-03  2.3016e-04 -1.1614e+00 -4.9913e-03 -2.3011e-04
-4.9333e+00     2.9569e+01  1.5972e-01  6.3126e-03 -2.9583e+01 -1.5984e-01 -6.3143e-03  1.3580e+00  6.0131e-03  2.7122e-04 -1.3580e+00 -6.0143e-03 -2.7117e-04
-4.9250e+00     1.6722e+01  8.7637e-02  3.4911e-03 -1.6720e+01 -8.7643e-02 -3.4898e-03  1.5505e+00  7.0420e-03  3.1200e-04 -1.5506e+00 -7.0438e-03 -3.1195e-04
-4.9167e+00     1.5375e+01  9.2936e-02  3.3475e-03 -1.5377e+01 -9.2960e-02 -3.3471e-03  1.6840e+00  7.7931e-03  3.4045e-04 -1.6842e+00 -7.7951e-03 -3.4039e-04
-4.9083e+00     2.1015e+01  1.3435e-01  4.1269e-03 -2.1017e+01 -1.3438e-01 -4.1260e-03  1.8354e+00  8.7386e-03  3.7154e-04 -1.8355e+00 -8.7407e-03 -3.7148e-04
-4.9000e+00     1.5950e+01  9.3354e-02  2.9878e-03 -1.5949e+01 -9.3360e-02 -2.9870e-03  1.9892e+00  9.6858e-03  4.0113e-04 -1.9893e+00 -9.6881e-03 -4.0107e-04
-4.8917e+00     2.0750e+01  1.0727e-01  4.0494e-03 -2.0751e+01 -1.0729e-01 -4.0484e-03  2.1418e+00  1.0520e-02  4.3041e-04 -2.1420e+00 -1.0523e-02 -4.3033e-04
-4.8833e+00     2.4347e+01  1.3330e-01  4.6132e-03 -2.4349e+01 -1.3332e-01 -4.6122e-03  2.3294e+00  1.1521e-02  4.6644e-04 -2.3296e+00 -1.1524e-02 -4.6636e-04
-4.8750e+00     3.0666e+01  1.6305e-01  6.1026e-03 -3.0668e+01 -1.6308e-01 -6.1017e-03  2.5583e+00  1.2754e-02  5.1102e-04 -2.5584e+00 -1.2757e-02 -5.1093e-04
-4.8667e+00     2.0012e+01  9.8938e-02  4.3942e-03 -2.0000e+01 -9.8864e-02 -4.3898e-03  2.7691e+00  1.3844e-02  5.5468e-04 -2.7692e+00 -1.3846e-02 -5.5457e-04
-4.8583e+00     8.8681e+00  3.9533e-02  1.5557e-03 -8.8688e+00 -3.9544e-02 -1.5554e-03  2.8892e+00  1.4420e-02  5.7943e-04 -2.8893e+00 -1.4422e-02 -5.7930e-04
-4.8500e+00     2.5762e+01  2.1400e-01  4.4138e-03 -2.5755e+01 -2.1392e-01 -4.4120e-03  3.0332e+00  1.5474e-02  6.0426e-04 -3.0333e+00 -1.5476e-02 -6.0412e-04
-4.8417e+00     2.8271e+01  1.6147e-01  5.4610e-03 -2.8271e+01 -1.6147e-01 -5.4597e-03  3.2580e+00  1.7036e-02  6.4534e-04 -3.2580e+00 -1.7038e-02 -6.4519e-04
-4.8333e+00     2.9645e+01  1.5939e-01  5.9268e-03 -2.9645e+01 -1.5941e-01 -5.9253e-03  3.4989e+00  1.8371e-02  6.9271e-04 -3.4990e+00 -1.8373e-02 -6.9254e-04
-4.8250e+00     2.3026e+01  1.1770e-01  4.5482e-03 -2.3024e+01 -1.1770e-01 -4.5464e-03  3.7180e+00  1.9523e-02  7.3628e-04 -3.7180e+00 -1.9525e-02 -7.3610e-04
-4.8167e+00     1.9798e+01  9.1427e-02  3.9768e-03 -1.9798e+01 -9.1429e-02 -3.9755e-03  3.8962e+00  2.0393e-02  7.7174e-04 -3.8962e+00 -2.0395e-02 -7.7155e-04
-4.8083e+00     1.9357e+01  7.6282e-02  3.8273e-03 -1.9357e+01 -7.6284e-02 -3.8261e-03  4.0590e+00  2.1091e-02  8.0421e-04 -4.0590e+00 -2.1093e-02 -8.0400e-04
-4.8000e+00     2.0461e+01  6.7034e-02  4.0557e-03 -2.0462e+01 -6.7038e-02 -4.0545e-03  4.2247e+00  2.1687e-02  8.3700e-04 -4.2247e+00 -2.1689e-02 -8.3678e-04
-4.7917e+00     2.9248e+01  9.2145e-02  5.6808e-03 -2.9247e+01 -9.2147e-02 -5.6789e-03  4.4314e+00  2.2349e-02  8.7750e-04 -4.4315e+00 -2.2351e-02 -8.7727e-04
-4.7833e+00     2.3163e+01  6.7132e-02  4.3924e-03 -2.3162e+01 -6.7130e-02 -4.3907e-03  4.6495e+00  2.3012e-02  9.1940e-04 -4.6495e+00 -2.3014e-02 -9.1916e-04
-4.7750e+00     2.2155e+01  5.8324e-02  3.8209e-03 -2.2155e+01 -5.8328e-02 -3.8196e-03  4.8380e+00  2.3534e-02  9.5357e-04 -4.8380e+00 -2.3536e-02 -9.5331e-04
-4.7667e+00     2.3151e+01  5.4131e-02  3.6929e-03 -2.3152e+01 -5.4134e-02 -3.6917e-03  5.0264e+00  2.4001e-02  9.8482e-04 -5.0264e+00 -2.4003e-02 -9.8456e-04
-4.7583e+00     2.4025e+01  5.0716e-02  3.9060e-03 -2.4025e+01 -5.0718e-02 -3.9047e-03  5.2227e+00  2.4438e-02  1.0164e-03 -5.2227e+00 -2.4440e-02 -1.0162e-03
-4.7500e+00     2.7121e+01  5.6278e-02  4.4232e-03 -2.7122e+01 -5.6285e-02 -4.4218e-03  5.4354e+00  2.4883e-02  1.0511e-03 -5.4354e+00 -2.4885e-02 -1.0508e-03
-4.7417e+00     2.6686e+01  5.0734e-02  4.5341e-03 -2.6686e+01 -5.0737e-02 -4.5325e-03  5.6593e+00  2.5328e-02  1.0883e-03 -5.6593e+00 -2.5330e-02 -1.0880e-03
-4.7333e+00     1.8860e+01  3.8206e-02  3.3236e-03 -1.8859e+01 -3.8209e-02 -3.3224e-03  5.8487e+00  2.5698e-02  1.1210e-03 -5.8487e+00 -2.5700e-02 -1.1207e-03
-4.7250e+00     2.4172e+01  3.9808e-02  3.7027e-03 -2.4174e+01 -3.9813e-02 -3.7016e-03  6.0277e+00  2.6022e-02  1.1503e-03 -6.0277e+00 -2.6024e-02 -1.1499e-03
-4.7167e+00     2.1164e+01  3.3159e-02  3.5772e-03 -2.1164e+01 -3.3160e-02 -3.5759e-03  6.2163e+00  2.6326e-02  1.1805e-03 -6.2163e+00 -2.6328e-02 -1.1802e-03
-4.7083e+00     2.6300e+01  3.6253e-02  6.5470e-03 -2.6305e+01 -3.6260e-02 -6.5458e-03  6.4137e+00  2.6615e-02  1.2226e-03 -6.4138e+00 -2.6617e-02 -1.2223e-03
-4.7000e+00     2.7197e+01  3.7382e-02  6.6287e-03 -2.7196e+01 -3.7384e-02 -6.6258e-03  6.6363e+00  2.6921e-02  1.2775e-03 -6.6363e+00 -2.6923e-02 -1.2771e-03
-4.6917e+00     1.9716e+01  2.8362e-02  4.3845e-03 -1.9714e+01 -2.8363e-02 -4.3823e-03  6.8314e+00  2.7194e-02  1.3233e-03 -6.8314e+00 -2.7197e-02 -1.3229e-03
-4.6833e+00     2.2674e+01  3.0532e-02  4.4791e-03 -2.2676e+01 -3.0540e-02 -4.4776e-03  7.0077e+00  2.7439e-02  1.3601e-03 -7.0078e+00 -2.7442e-02 -1.3597e-03
-4.6750e+00     2.8095e+01  3.9287e-02  5.0673e-03 -2.8096e+01 -3.9292e-02 -5.0653e-03  7.2189e+00  2.7730e-02  1.3998e-03 -7.2190e+00 -2.7732e-02 -1.3994e-03
-4.6667e+00     2.4320e+01  3.4518e-02  4.3605e-03 -2.4317e+01 -3.4518e-02 -4.3585e-03  7.4370e+00  2.8037e-02  1.4391e-03 -7.4370e+00 -2.8039e-02 -1.4386e-03
-4.6583e+00     1.9633e+01  2.8203e-02  3.7312e-03 -1.9632e+01 -2.8204e-02 -3.7296e-03  7.6198e+00  2.8298e-02  1.4727e-03 -7.6198e+00 -2.8300e-02 -1.4723e-03
-4.6500e+00     1.6982e+01  2.6572e-02  3.8483e-03 -1.6981e+01 -2.6575e-02 -3.8468e-03  7.7721e+00  2.8525e-02  1.5043e-03 -7.7721e+00 -2.8528e-02 -1.5038e-03
-4.6417e+00     1.9414e+01  3.1258e-02  4.8893e-03 -1.9415e+01 -3.1263e-02 -4.8876e-03  7.9235e+00  2.8766e-02  1.5406e-03 -7.9235e+00 -2.8768e-02 -1.5401e-03
-4.6333e+00     2.1952e+01  3.4722e-02  5.9466e-03 -2.1951e+01 -3.4724e-02 -5.9438e-03  8.0956e+00  2.9040e-02  1.5857e-03 -8.0956e+00 -2.9043e-02 -1.5852e-03
-4.6250e+00     1.4974e+01  2.5595e-02  4.4700e-03 -1.4973e+01 -2.5597e-02 -4.4680e-03  8.2492e+00  2.9291e-02  1.6290e-03 -8.2492e+00 -2.9294e-02 -1.6285e-03
-4.6167e+00     1.4731e+01  2.7457e-02  4.5251e-03 -1.4731e+01 -2.7462e-02 -4.5232e-03  8.3727e+00  2.9512e-02  1.6664e-03 -8.3728e+00 -2.9515e-02 -1.6659e-03
-4.6083e+00     1.9057e+01  3.7615e-02  5.6747e-03 -1.9058e+01 -3.7622e-02 -5.6725e-03  8.5133e+00  2.9783e-02  1.7089e-03 -8.5133e+00 -2.9785e-02 -1.7083e-03
-4.6000e+00     2.2833e+01  3.9341e-02  6.6340e-03 -2.2832e+01 -3.9343e-02 -6.6309e-03  8.6875e+00  3.0103e-02  1.7601e-03 -8.6876e+00 -3.0105e-02 -1.7595e-03
-4.5917e+00     2.1097e+01  2.9344e-02  5.8349e-03 -2.1097e+01 -2.9348e-02 -5.8326e-03  8.8703e+00  3.0389e-02  1.8119e-03 -8.8703e+00 -3.0391e-02 -1.8113e-03
-4.5833e+00     3.5139e+01  4.6398e-02  8.1956e-03 -3.5127e+01 -4.6378e-02 -8.1900e-03  9.1042e+00  3.0704e-02  1.8703e-03 -9.1042e+00 -3.0706e-02 -1.8697e-03
-4.5750e+00     2.5889e+01  2.8480e-02  7.1217e-03 -2.5889e+01 -2.8483e-02 -7.1187e-03  9.3581e+00  3.1015e-02  1.9340e-03 -9.3580e+00 -3.1018e-02 -1.9333e-03
-4.5667e+00     2.4690e+01  2.6136e-02  6.3760e-03 -2.4690e+01 -2.6140e-02 -6.3733e-03  9.5684e+00  3.1242e-02  1.9901e-03 -9.5684e+00 -3.1245e-02 -1.9895e-03
-4.5583e+00     1.8981e+01  2.1787e-02  4.2221e-03 -1.8981e+01 -2.1791e-02 -4.2204e-03  9.7501e+00  3.1442e-02  2.0342e-03 -9.7500e+00 -3.1444e-02 -2.0335e-03
-4.5500e+00     2.0814e+01  2.7196e-02  4.1573e-03 -2.0815e+01 -2.7202e-02 -4.1558e-03  9.9156e+00  3.1645e-02  2.0691e-03 -9.9156e+00 -3.1648e-02 -2.0684e-03
-4.5417e+00     2.1898e+01  3.1642e-02  4.0919e-03 -2.1897e+01 -3.1647e-02 -4.0904e-03  1.0093e+01  3.1890e-02  2.1034e-03 -1.0093e+01 -3.1893e-02 -2.1027e-03
-4.5333e+00     2.2261e+01  3.3835e-02  4.2041e-03 -2.2261e+01 -3.3841e-02 -4.2026e-03  1.0277e+01  3.2163e-02  2.1379e-03 -1.0277e+01 -3.2165e-02 -2.1372e-03
-4.5250e+00     2.1605e+01  3.0617e-02  4.4573e-03 -2.1606e+01 -3.0621e-02 -4.4557e-03  1.0459e+01  3.2431e-02  2.1739e-03 -1.0459e+01 -3.2433e-02 -2.1732e-03
-4.5167e+00     2.2464e+01  3.1923e-02  4.2355e-03 -2.2465e+01 -3.1929e-02 -4.2337e-03  1.0643e+01  3.2691e-02  2.2101e-03 -1.0643e+01 -3.2694e-02 -2.2093e-03
-4.5083e+00     1.5164e+01  2.3151e-02  3.2854e-03 -1.5164e+01 -2.3155e-02 -3.2841e-03  1.0799e+01  3.2920e-02  2.2414e-03 -1.0799e+01 -3.2923e-02 -2.2406e-03
-4.5000e+00     2.1004e+01  2.8045e-02  4.2838e-03 -2.1007e+01 -2.8053e-02 -4.2827e-03  1.0950e+01  3.3133e-02  2.2729e-03 -1.0950e+01 -3.3136e-02 -2.2721e-03
-4.4917e+00     1.9669e+01  2.9807e-02  3.9926e-03 -1.9668e+01 -2.9812e-02 -3.9908e-03  1.1119e+01  3.3373e-02  2.3073e-03 -1.1119e+01 -3.3376e-02 -2.3065e-03
-4.4833e+00     1.5503e+01  2.5953e-02  2.8930e-03 -1.5503e+01 -2.5959e-02 -2.8918e-03  1.1265e+01  3.3605e-02  2.3359e-03 -1.1265e+01 -3.3608e-02 -2.3351e-03
-4.4750e+00     2.6379e+01  5.0556e-02  4.7446e-03 -2.6388e+01 -5.0573e-02 -4.7443e-03  1.1439e+01  3.3924e-02  2.3677e-03 -1.1439e+01 -3.3927e-02 -2.3669e-03
-4.4667e+00     1.4224e+01  2.5732e-02  2.2597e-03 -1.4224e+01 -2.5737e-02 -2.2588e-03  1.1608e+01  3.4241e-02  2.3968e-03 -1.1608e+01 -3.4244e-02 -2.3960e-03
-4.4583e+00     1.3317e+01  2.8549e-02  2.0229e-03 -1.3317e+01 -2.8557e-02 -2.0221e-03  1.1723e+01  3.4467e-02  2.4147e-03 -1.1723e+01 -3.4470e-02 -2.4138e-03
-4.4500e+00     1.4410e+01  3.6302e-02  2.1652e-03 -1.4410e+01 -3.6312e-02 -2.1644e-03  1.1838e+01  3.4737e-02  2.4321e-03 -1.1838e+01 -3.4740e-02 -2.4312e-03
-4.4417e+00     1.5164e+01  3.9429e-02  2.3606e-03 -1.5164e+01 -3.9437e-02 -2.3597e-03  1.1961e+01  3.5052e-02  2.4509e-03 -1.1961e+01 -3.5055e-02 -2.4501e-03
-4.4333e+00     2.1902e+01  5.5436e-02  3.6081e-03 -2.1905e+01 -5.5454e-02 -3.6073e-03  1.2115e+01  3.5446e-02  2.4757e-03 -1.2116e+01 -3.5450e-02 -2.4749e-03
-4.4250e+00     1.9392e+01  5.4809e-02  3.3664e-03 -1.9393e+01 -5.4826e-02 -3.3654e-03  1.2287e+01  3.5905e-02  2.5047e-03 -1.2287e+01 -3.5908e-02 -2.5039e-03
-4.4167e+00     1.9465e+01  6.6375e-02  3.7247e-03 -1.9464e+01 -6.6393e-02 -3.7232e-03  1.2449e+01  3.6409e-02  2.5342e-03 -1.2449e+01 -3.6413e-02 -2.5334e-03
-4.4083e+00     1.7904e+01  6.8046e-02  3.2962e-03 -1.7904e+01 -6.8065e-02 -3.2950e-03  1.2604e+01  3.6968e-02  2.5635e-03 -1.2604e+01 -3.6972e-02 -2.5626e-03
-4.4000e+00     1.6746e+01  6.8891e-02  3.0206e-03 -1.6746e+01 -6.8912e-02 -3.0197e-03  1.2748e+01  3.7538e-02  2.5897e-03 -1.2749e+01 -3.7542e-02 -2.5888e-03
-4.3917e+00     1.7039e+01  7.3605e-02  3.2207e-03 -1.7039e+01 -7.3629e-02 -3.2198e-03  1.2889e+01  3.8130e-02  2.6157e-03 -1.2889e+01 -3.8135e-02 -2.6148e-03
-4.3833e+00     1.5832e+01  7.2677e-02  2.7510e-03 -1.5831e+01 -7.2695e-02 -2.7498e-03  1.3026e+01  3.8739e-02  2.6405e-03 -1.3026e+01 -3.8743e-02 -2.6396e-03
-4.3750e+00     1.6895e+01  8.5440e-02  2.9129e-03 -1.6895e+01 -8.5466e-02 -2.9119e-03  1.3162e+01  3.9397e-02  2.6641e-03 -1.3162e+01 -3.9401e-02 -2.6632e-03
-4.3667e+00     1.7041e+01  9.6146e-02  3.0744e-03 -1.7043e+01 -9.6183e-02 -3.0736e-03  1.3303e+01  4.0152e-02  2.6890e-03 -1.3303e+01 -4.0157e-02 -2.6881e-03
-4.3583e+00     1.8913e+01  1.0831e-01  3.4813e-03 -1.8911e+01 -1.0832e-01 -3.4798e-03  1.3453e+01  4.1002e-02  2.7163e-03 -1.3453e+01 -4.1008e-02 -2.7153e-03
-4.3500e+00     1.5604e+01  8.0337e-02  2.7584e-03 -1.5603e+01 -8.0353e-02 -2.7572e-03  1.3596e+01  4.1787e-02  2.7422e-03 -1.3596e+01 -4.1792e-02 -2.7413e-03
-4.3417e+00     1.4265e+01  7.3269e-02  2.2901e-03 -1.4264e+01 -7.3293e-02 -2.2895e-03  1.3720e+01  4.2426e-02  2.7632e-03 -1.3720e+01 -4.2431e-02 -2.7623e-03
-4.3333e+00     1.3479e+01  7.4742e-02  2.3541e-03 -1.3478e+01 -7.4766e-02 -2.3533e-03  1.3836e+01  4.3042e-02  2.7825e-03 -1.3836e+01 -4.3047e-02 -2.7816e-03
-4.3250e+00     1.1471e+01  7.1087e-02  2.1507e-03 -1.1471e+01 -7.1111e-02 -2.1500e-03  1.3940e+01  4.3648e-02  2.8013e-03 -1.3940e+01 -4.3654e-02 -2.8003e-03
-4.3167e+00     9.2130e+00  6.8412e-02  1.9226e-03 -9.2128e+00 -6.8439e-02 -1.9221e-03  1.4026e+01  4.4229e-02  2.8182e-03 -1.4026e+01 -4.4235e-02 -2.8173e-03
-4.3083e+00     1.0664e+01  9.1731e-02  3.2301e-03 -1.0666e+01 -9.1787e-02 -3.2302e-03  1.4108e+01  4.4895e-02  2.8397e-03 -1.4108e+01 -4.4901e-02 -2.8387e-03
-4.3000e+00     1.5220e+01  1.4634e-01  5.4195e-03 -1.5222e+01 -1.4642e-01 -5.4185e-03  1.4216e+01  4.5885e-02  2.8756e-03 -1.4216e+01 -4.5892e-02 -2.8747e-03
-4.2917e+00     1.9863e+01  2.1458e-01  7.4248e-03 -1.9864e+01 -2.1466e-01 -7.4228e-03  1.4362e+01  4.7387e-02  2.9291e-03 -1.4362e+01 -4.7394e-02 -2.9281e-03
-4.2833e+00     1.1150e+01  1.3333e-01  5.2036e-03 -1.1150e+01 -1.3340e-01 -5.2023e-03  1.4491e+01  4.8834e-02  2.9816e-03 -1.4491e+01 -4.8842e-02 -2.9806e-03
-4.2750e+00     1.2987e+01  2.2834e-01  7.5781e-03 -1.2990e+01 -2.2850e-01 -7.5777e-03  1.4591e+01  5.0338e-02  3.0348e-03 -1.4591e+01 -5.0347e-02 -3.0338e-03
-4.2667e+00     1.3370e+01  2.4652e-01  8.0635e-03 -1.3370e+01 -2.4662e-01 -8.0614e-03  1.4701e+01  5.2313e-02  3.0998e-03 -1.4701e+01 -5.2324e-02 -3.0988e-03
-4.2583e+00     1.3767e+01  2.3177e-01  7.7194e-03 -1.3767e+01 -2.3183e-01 -7.7167e-03  1.4814e+01  5.4303e-02  3.1655e-03 -1.4814e+01 -5.4314e-02 -3.1644e-03
-4.2500e+00     1.9273e+01  3.3392e-01  1.2910e-02 -1.9268e+01 -3.3392e-01 -1.2901e-02  1.4951e+01  5.6656e-02  3.2513e-03 -1.4951e+01 -5.6667e-02 -3.2502e-03
-4.2417e+00     1.8468e+01  2.6203e-01  9.7330e-03 -1.8468e+01 -2.6214e-01 -9.7311e-03  1.5108e+01  5.9135e-02  3.3455e-03 -1.5108e+01 -5.9147e-02 -3.3444e-03
-4.2333e+00     1.5655e+01  2.3440e-01  8.9846e-03 -1.5655e+01 -2.3445e-01 -8.9809e-03  1.5250e+01  6.1200e-02  3.4233e-03 -1.5250e+01 -6.1212e-02 -3.4222e-03
-4.2250e+00     1.6626e+01  2.3955e-01  1.0367e-02 -1.6623e+01 -2.3957e-01 -1.0363e-02  1.5385e+01  6.3172e-02  3.5038e-03 -1.5385e+01 -6.3184e-02 -3.5027e-03
-4.2167e+00     1.4376e+01  2.0746e-01  1.1268e-02 -1.4377e+01 -2.0753e-01 -1.1264e-02  1.5514e+01  6.5031e-02  3.5938e-03 -1.5514e+01 -6.5044e-02 -3.5926e-03
-4.2083e+00     1.5647e+01  2.2243e-01  1.3729e-02 -1.5647e+01 -2.2252e-01 -1.3724e-02  1.5638e+01  6.6819e-02  3.6978e-03 -1.5638e+01 -6.6833e-02 -3.6966e-03
-4.2000e+00     1.8110e+01  3.4163e-01  2.4372e-02 -1.8116e+01 -3.4189e-01 -2.4372e-02  1.5779e+01  6.9166e-02  3.8563e-03 -1.5779e+01 -6.9181e-02 -3.8550e-03
-4.1917e+00     3.1127e+01  5.2297e-01  4.4389e-02 -3.1120e+01 -5.2305e-01 -4.4355e-02  1.5984e+01  7.2762e-02  4.1423e-03 -1.5984e+01 -7.2779e-02 -4.1409e-03
-4.1833e+00     2.1840e+01  3.4361e-01  2.7558e-02 -2.1838e+01 -3.4368e-01 -2.7541e-02  1.6204e+01  7.6367e-02  4.4416e-03 -1.6204e+01 -7.6384e-02 -4.4400e-03
-4.1750e+00     1.8214e+01  2.9839e-01  2.3832e-02 -1.8211e+01 -2.9843e-01 -2.3815e-02  1.6371e+01  7.9038e-02  4.6554e-03 -1.6371e+01 -7.9055e-02 -4.6536e-03
-4.1667e+00     1.5291e+01  2.5569e-01  2.1242e-02 -1.5289e+01 -2.5573e-01 -2.1227e-02  1.6510e+01  8.1342e-02  4.8429e-03 -1.6510e+01 -8.1360e-02 -4.8410e-03
-4.1583e+00     1.9940e+01  2.7302e-01  2.4011e-02 -1.9943e+01 -2.7311e-01 -2.3998e-02  1.6656e+01  8.3542e-02  5.0311e-03 -1.6656e+01 -8.3560e-02 -5.0291e-03
-4.1500e+00     2.9962e+01  3.6195e-01  3.3019e-02 -2.9964e+01 -3.6206e-01 -3.2999e-02  1.6864e+01  8.6183e-02  5.2683e-03 -1.6864e+01 -8.6202e-02 -5.2662e-03
-4.1417e+00     2.4881e+01  2.9442e-01  2.1044e-02 -2.4883e+01 -2.9454e-01 -2.1033e-02  1.7092e+01  8.8913e-02  5.4932e-03 -1.7092e+01 -8.8933e-02 -5.4910e-03
-4.1333e+00     1.7324e+01  1.8355e-01  1.3831e-02 -1.7313e+01 -1.8345e-01 -1.3815e-02  1.7268e+01  9.0902e-02  5.6383e-03 -1.7268e+01 -9.0922e-02 -5.6359e-03
-4.1250e+00     9.2709e+00  9.2054e-02  7.8399e-03 -9.2686e+00 -9.2076e-02 -7.8350e-03  1.7378e+01  9.2048e-02  5.7284e-03 -1.7378e+01 -9.2068e-02 -5.7260e-03
-4.1167e+00     1.3441e+01  1.8182e-01  1.3671e-02 -1.3441e+01 -1.8188e-01 -1.3665e-02  1.7473e+01  9.3187e-02  5.8179e-03 -1.7473e+01 -9.3207e-02 -5.8154e-03
-4.1083e+00     1.2687e+01  1.5987e-01  1.3980e-02 -1.2679e+01 -1.5977e-01 -1.3960e-02  1.7582e+01  9.4609e-02  5.9329e-03 -1.7581e+01 -9.4629e-02 -5.9303e-03
-4.1000e+00     1.0327e+01  1.4992e-01  1.2229e-02 -1.0327e+01 -1.5000e-01 -1.2224e-02  1.7677e+01  9.5897e-02  6.0420e-03 -1.7677e+01 -9.5917e-02 -6.0392e-03
-4.0917e+00     1.0506e+01  1.7002e-01  1.3409e-02 -1.0507e+01 -1.7011e-01 -1.3404e-02  1.7764e+01  9.7228e-02  6.1486e-03 -1.7764e+01 -9.7249e-02 -6.1458e-03
-4.0833e+00     1.0987e+01  1.9432e-01  1.4942e-02 -1.0988e+01 -1.9442e-01 -1.4936e-02  1.7853e+01  9.8744e-02  6.2665e-03 -1.7853e+01 -9.8765e-02 -6.2637e-03
-4.0750e+00     1.3678e+01  3.0140e-01  2.0767e-02 -1.3685e+01 -3.0180e-01 -2.0771e-02  1.7956e+01  1.0081e-01  6.4151e-03 -1.7956e+01 -1.0083e-01 -6.4123e-03
-4.0667e+00     1.2459e+01  2.9115e-01  2.1189e-02 -1.2460e+01 -2.9135e-01 -2.1183e-02  1.8065e+01  1.0327e-01  6.5896e-03 -1.8065e+01 -1.0330e-01 -6.5868e-03
-4.0583e+00     9.7879e+00  2.4335e-01  1.5740e-02 -9.7844e+00 -2.4338e-01 -1.5726e-02  1.8157e+01  1.0549e-01  6.7432e-03 -1.8157e+01 -1.0552e-01 -6.7403e-03
-4.0500e+00     5.8065e+00  1.5193e-01  7.7483e-03 -5.8046e+00 -1.5197e-01 -7.7433e-03  1.8222e+01  1.0714e-01  6.8409e-03 -1.8222e+01 -1.0717e-01 -6.8379e-03
-4.0417e+00     1.1661e+01  4.8226e-01  2.6825e-02 -1.1685e+01 -4.8366e-01 -2.6887e-02  1.8295e+01  1.0978e-01  6.9847e-03 -1.8295e+01 -1.0981e-01 -6.9820e-03
-4.0333e+00     1.1785e+01  6.6272e-01  3.9394e-02 -1.1786e+01 -6.6295e-01 -3.9371e-02  1.8392e+01  1.1454e-01  7.2602e-03 -1.8392e+01 -1.1458e-01 -7.2576e-03
-4.0250e+00     2.2878e+01  9.0411e-01  4.7649e-02 -2.2936e+01 -9.0610e-01 -4.7692e-02  1.8536e+01  1.2106e-01  7.6223e-03 -1.8537e+01 -1.2111e-01 -7.6198e-03
-4.0167e+00     2.6190e+01  1.4555e+00  7.8989e-02 -2.6218e+01 -1.4577e+00 -7.9024e-02  1.8741e+01  1.3087e-01  8.1490e-03 -1.8741e+01 -1.3094e-01 -8.1469e-03
-4.0083e+00     2.5776e+01  1.5264e+00  9.4038e-02 -2.5745e+01 -1.5252e+00 -9.3871e-02  1.8957e+01  1.4328e-01  8.8688e-03 -1.8957e+01 -1.4335e-01 -8.8661e-03
-4.0000e+00     1.7550e+01  1.1196e+00  7.2090e-02 -1.7543e+01 -1.1192e+00 -7.2007e-02  1.9137e+01  1.5428e-01  9.5598e-03 -1.9137e+01 -1.5435e-01 -9.5561e-03
-3.9917e+00     1.2241e+01  7.6254e-01  5.2545e-02 -1.2230e+01 -7.6177e-01 -5.2453e-02  1.9261e+01  1.6211e-01  1.0078e-02 -1.9261e+01 -1.6217e-01 -1.0074e-02
-3.9833e+00     6.9748e+00  3.6793e-01  2.9121e-02 -6.9654e+00 -3.6724e-01 -2.9052e-02  1.9341e+01  1.6681e-01  1.0418e-02 -1.9341e+01 -1.6687e-01 -1.0413e-02
-3.9750e+00     7.5320e+00  4.7946e-01  4.1221e-02 -7.5242e+00 -4.7875e-01 -4.1126e-02  1.9401e+01  1.7034e-01  1.0711e-02 -1.9401e+01 -1.7039e-01 -1.0705e-02
-3.9667e+00     1.0024e+01  5.7838e-01  3.3026e-02 -1.0071e+01 -5.8156e-01 -3.3081e-02  1.9474e+01  1.7474e-01  1.1019e-02 -1.9475e+01 -1.7480e-01 -1.1013e-02
-3.9583e+00     3.0448e+01  1.4881e+00  7.5519e-02 -3.0297e+01 -1.4780e+00 -7.4859e-02  1.9643e+01  1.8334e-01  1.1471e-02 -1.9643e+01 -1.8336e-01 -1.1462e-02
-3.9500e+00     1.5305e+01  5.3945e-01  2.3001e-02 -1.5295e+01 -5.3896e-01 -2.2964e-02  1.9833e+01  1.9177e-01  1.1881e-02 -1.9832e+01 -1.9175e-01 -1.1869e-02
-3.9417e+00     1.1686e+01  4.0926e-01  1.8566e-02 -1.1684e+01 -4.0911e-01 -1.8546e-02  1.9945e+01  1.9572e-01  1.2054e-02 -1.9944e+01 -1.9570e-01 -1.2042e-02
-3.9333e+00     1.1590e+01  3.5402e-01  1.7117e-02 -1.1589e+01 -3.5388e-01 -1.7098e-02  2.0042e+01  1.9889e-01  1.2202e-02 -2.0041e+01 -1.9887e-01 -1.2190e-02
-3.9250e+00     1.3389e+01  3.6004e-01  1.7568e-02 -1.3391e+01 -3.6003e-01 -1.7554e-02  2.0146e+01  2.0186e-01  1.2346e-02 -2.0145e+01 -2.0184e-01 -1.2334e-02
-3.9167e+00     1.9729e+01  3.9665e-01  1.9523e-02 -1.9711e+01 -3.9643e-01 -1.9500e-02  2.0284e+01  2.0501e-01  1.2501e-02 -2.0283e+01 -2.0499e-01 -1.2489e-02
-3.9083e+00     1.1575e+01  2.7042e-01  1.6581e-02 -1.1577e+01 -2.7049e-01 -1.6599e-02  2.0414e+01  2.0778e-01  1.2651e-02 -2.0413e+01 -2.0776e-01 -1.2639e-02
-3.9000e+00     1.4412e+01  4.1847e-01  5.2800e-02 -1.4407e+01 -4.1829e-01 -5.2730e-02  2.0522e+01  2.1065e-01  1.2939e-02 -2.0521e+01 -2.1063e-01 -1.2927e-02
-3.8917e+00     1.1664e+01  3.2088e-01  5.0128e-02 -1.1662e+01 -3.2076e-01 -5.0093e-02  2.0630e+01  2.1373e-01  1.3368e-02 -2.0630e+01 -2.1370e-01 -1.3355e-02
-3.8833e+00     1.1061e+01  2.4721e-01  5.3552e-02 -1.1060e+01 -2.4711e-01 -5.3514e-02  2.0725e+01  2.1609e-01  1.3799e-02 -2.0724e+01 -2.1606e-01 -1.3786e-02
-3.8750e+00     1.3880e+01  2.3994e-01  6.8433e-02 -1.3884e+01 -2.3996e-01 -6.8401e-02  2.0829e+01  2.1811e-01  1.4306e-02 -2.0828e+01 -2.1809e-01 -1.4293e-02
-3.8667e+00     2.0557e+01  3.1930e-01  9.8264e-02 -2.0569e+01 -3.1949e-01 -9.8243e-02  2.0972e+01  2.2044e-01  1.5000e-02 -2.0971e+01 -2.2042e-01 -1.4986e-02
-3.8583e+00     4.5083e+01  5.9892e-01  2.2018e-01 -4.5109e+01 -5.9928e-01 -2.2011e-01  2.1245e+01  2.2426e-01  1.6324e-02 -2.1244e+01 -2.2424e-01 -1.6310e-02
-3.8500e+00     2.3979e+01  4.3301e-01  9.6763e-02 -2.3973e+01 -4.3284e-01 -9.6646e-02  2.1532e+01  2.2855e-01  1.7643e-02 -2.1532e+01 -2.2853e-01 -1.7628e-02
-3.8417e+00     1.1289e+01  2.3164e-01  3.9949e-02 -1.1280e+01 -2.3144e-01 -3.9865e-02  2.1679e+01  2.3132e-01  1.8211e-02 -2.1678e+01 -2.3130e-01 -1.8196e-02
-3.8333e+00     7.4921e+00  1.7541e-01  2.1756e-02 -7.4923e+00 -1.7541e-01 -2.1735e-02  2.1757e+01  2.3301e-01  1.8468e-02 -2.1756e+01 -2.3299e-01 -1.8452e-02
-3.8250e+00     7.8946e+00  1.9276e-01  2.2983e-02 -7.8960e+00 -1.9278e-01 -2.2963e-02  2.1821e+01  2.3454e-01  1.8654e-02 -2.1820e+01 -2.3452e-01 -1.8638e-02
-3.8167e+00     9.7639e+00  2.2596e-01  2.5852e-02 -9.7660e+00 -2.2600e-01 -2.5830e-02  2.1895e+01  2.3628e-01  1.8857e-02 -2.1894e+01 -2.3626e-01 -1.8841e-02
-3.8083e+00     1.0836e+01  2.4428e-01  2.6343e-02 -1.0834e+01 -2.4424e-01 -2.6310e-02  2.1980e+01  2.3824e-01  1.9074e-02 -2.1980e+01 -2.3822e-01 -1.9058e-02
-3.8000e+00     8.3772e+00  1.9926e-01  1.9779e-02 -8.3775e+00 -1.9929e-01 -1.9760e-02  2.2060e+01  2.4009e-01  1.9266e-02 -2.2060e+01 -2.4006e-01 -1.9250e-02
-3.7917e+00     9.2690e+00  2.3422e-01  2.2065e-02 -9.2706e+00 -2.3431e-01 -2.2049e-02  2.2134e+01  2.4189e-01  1.9440e-02 -2.2133e+01 -2.4187e-01 -1.9424e-02
-3.7833e+00     1.0934e+01  2.8449e-01  2.6191e-02 -1.0936e+01 -2.8461e-01 -2.6174e-02  2.2218e+01  2.4405e-01  1.9641e-02 -2.2217e+01 -2.4403e-01 -1.9624e-02
-3.7750e+00     9.3939e+00  2.4204e-01  2.2056e-02 -9.3941e+00 -2.4211e-01 -2.2038e-02  2.2302e+01  2.4624e-01  1.9842e-02 -2.2302e+01 -2.4622e-01 -1.9825e-02
-3.7667e+00     1.2510e+01  3.0274e-01  2.7291e-02 -1.2516e+01 -3.0291e-01 -2.7277e-02  2.2393e+01  2.4850e-01  2.0047e-02 -2.2393e+01 -2.4848e-01 -2.0030e-02
-3.7583e+00     1.4572e+01  3.2988e-01  3.2826e-02 -1.4567e+01 -3.2973e-01 -3.2778e-02  2.2506e+01  2.5113e-01  2.0297e-02 -2.2505e+01 -2.5111e-01 -2.0280e-02
-3.7500e+00     1.2931e+01  3.0155e-01  3.0639e-02 -1.2935e+01 -3.0170e-01 -3.0616e-02  2.2620e+01  2.5376e-01  2.0561e-02 -2.2620e+01 -2.5374e-01 -2.0543e-02
-3.7417e+00     1.7208e+01  4.3759e-01  4.1695e-02 -1.7211e+01 -4.3762e-01 -4.1654e-02  2.2746e+01  2.5684e-01  2.0862e-02 -2.2745e+01 -2.5682e-01 -2.0844e-02
-3.7333e+00     1.7428e+01  3.8400e-01  4.8903e-02 -1.7432e+01 -3.8404e-01 -4.8864e-02  2.2890e+01  2.6025e-01  2.1239e-02 -2.2889e+01 -2.6023e-01 -2.1220e-02
-3.7250e+00     2.3415e+01  5.7606e-01  8.0103e-02 -2.3380e+01 -5.7532e-01 -7.9908e-02  2.3060e+01  2.6425e-01  2.1776e-02 -2.3059e+01 -2.6423e-01 -2.1756e-02
-3.7167e+00     1.5701e+01  3.8538e-01  5.1690e-02 -1.5699e+01 -3.8544e-01 -5.1633e-02  2.3222e+01  2.6825e-01  2.2324e-02 -2.3222e+01 -2.6822e-01 -2.2303e-02
-3.7083e+00     9.6450e+00  3.1749e-01  3.3109e-02 -9.6420e+00 -3.1748e-01 -3.3062e-02  2.3328e+01  2.7117e-01  2.2677e-02 -2.3327e+01 -2.7115e-01 -2.2656e-02
-3.7000e+00     6.0219e+00  2.5391e-01  2.0399e-02 -6.0195e+00 -2.5384e-01 -2.0367e-02  2.3393e+01  2.7355e-01  2.2899e-02 -2.3392e+01 -2.7352e-01 -2.2878e-02
-3.6917e+00     3.3521e+00  1.8758e-01  1.1330e-02 -3.3498e+00 -1.8749e-01 -1.1306e-02  2.3432e+01  2.7538e-01  2.3031e-02 -2.3431e+01 -2.7536e-01 -2.3010e-02
-3.6833e+00     2.7042e+00  1.3393e-01  8.6541e-03 -2.7040e+00 -1.3383e-01 -8.6405e-03  2.3457e+01  2.7672e-01  2.3114e-02 -2.3456e+01 -2.7669e-01 -2.3093e-02
-3.6750e+00     3.3235e+00  4.1724e-02  1.0591e-02 -3.3207e+00 -4.1435e-02 -1.0573e-02  2.3482e+01  2.7745e-01  2.3194e-02 -2.3481e+01 -2.7742e-01 -2.3172e-02
-3.6667e+00     1.2808e+01  2.4955e-01  3.3055e-02 -1.2818e+01 -2.4977e-01 -3.3045e-02  2.3549e+01  2.7866e-01  2.3376e-02 -2.3548e+01 -2.7864e-01 -2.3354e-02
-3.6583e+00     1.5265e+01  2.8904e-01  4.0053e-02 -1.5265e+01 -2.8903e-01 -4.0014e-02  2.3666e+01  2.8090e-01  2.3680e-02 -2.3665e+01 -2.8088e-01 -2.3658e-02
-3.6500e+00     1.3194e+01  2.3413e-01  3.5254e-02 -1.3189e+01 -2.3397e-01 -3.5209e-02  2.3785e+01  2.8308e-01  2.3993e-02 -2.3784e+01 -2.8305e-01 -2.3971e-02
-3.6417e+00     1.2569e+01  2.3720e-01  2.7132e-02 -1.2573e+01 -2.3726e-01 -2.7107e-02  2.3892e+01  2.8504e-01  2.4253e-02 -2.3891e+01 -2.8501e-01 -2.4230e-02
-3.6333e+00     1.6591e+01  2.9908e-01  3.3978e-02 -1.6595e+01 -2.9910e-01 -3.3946e-02  2.4013e+01  2.8727e-01  2.4507e-02 -2.4012e+01 -2.8724e-01 -2.4484e-02
-3.6250e+00     1.8128e+01  3.1352e-01  3.7531e-02 -1.8126e+01 -3.1343e-01 -3.7490e-02  2.4157e+01  2.8982e-01  2.4804e-02 -2.4157e+01 -2.8979e-01 -2.4781e-02
-3.6167e+00     1.3573e+01  1.9901e-01  2.6422e-02 -1.3567e+01 -1.9871e-01 -2.6382e-02  2.4289e+01  2.9195e-01  2.5070e-02 -2.4288e+01 -2.9192e-01 -2.5047e-02
-3.6083e+00     1.0837e+01  1.5590e-01  1.8514e-02 -1.0833e+01 -1.5579e-01 -1.8486e-02  2.4391e+01  2.9343e-01  2.5257e-02 -2.4390e+01 -2.9340e-01 -2.5233e-02
-3.6000e+00     4.8477e+00  7.2745e-02  8.1349e-03 -4.8302e+00 -7.2408e-02 -8.0940e-03  2.4456e+01  2.9438e-01  2.5368e-02 -2.4455e+01 -2.9435e-01 -2.5344e-02
-3.5917e+00     2.1305e-01  2.1919e-03  8.7647e-04 -2.1473e-01 -2.2087e-03 -8.8259e-04  2.4477e+01  2.9469e-01  2.5406e-02 -2.4476e+01 -2.9466e-01 -2.5381e-02
-3.5833e+00     5.2202e+00  5.4029e-02  2.2033e-02 -5.2216e+00 -5.4032e-02 -2.2018e-02  2.4500e+01  2.9492e-01  2.5501e-02 -2.4499e+01 -2.9489e-01 -2.5477e-02
-3.5750e+00     8.1302e+00  8.6086e-02  3.5021e-02 -8.1321e+00 -8.6091e-02 -3.4999e-02  2.4555e+01  2.9551e-01  2.5738e-02 -2.4554e+01 -2.9547e-01 -2.5714e-02
-3.5667e+00     1.2083e+01  1.3174e-01  5.4098e-02 -1.2086e+01 -1.3174e-01 -5.4063e-02  2.4639e+01  2.9641e-01  2.6109e-02 -2.4638e+01 -2.9638e-01 -2.6084e-02
-3.5583e+00     1.4570e+01  1.3557e-01  7.0086e-02 -1.4572e+01 -1.3558e-01 -7.0040e-02  2.4750e+01  2.9752e-01  2.6626e-02 -2.4749e+01 -2.9749e-01 -2.6600e-02
-3.5500e+00     1.6587e+01  1.5556e-01  8.8143e-02 -1.6587e+01 -1.5556e-01 -8.8070e-02  2.4880e+01  2.9874e-01  2.7284e-02 -2.4879e+01 -2.9870e-01 -2.7258e-02
-3.5417e+00     1.4031e+01  1.0999e-01  5.9382e-02 -1.4026e+01 -1.0992e-01 -5.9286e-02  2.5007e+01  2.9984e-01  2.7897e-02 -2.5006e+01 -2.9981e-01 -2.7871e-02
-3.5333e+00     1.1947e+01  6.6435e-02  3.1068e-02 -1.1948e+01 -6.6433e-02 -3.1038e-02  2.5115e+01  3.0057e-01  2.8274e-02 -2.5114e+01 -3.0054e-01 -2.8247e-02
-3.5250e+00     1.3193e+01  5.7808e-02  3.0163e-02 -1.3193e+01 -5.7803e-02 -3.0132e-02  2.5220e+01  3.0109e-01  2.8528e-02 -2.5219e+01 -3.0106e-01 -2.8501e-02
-3.5167e+00     1.2356e+01  4.6310e-02  2.8845e-02 -1.2355e+01 -4.6305e-02 -2.8813e-02  2.5326e+01  3.0152e-01  2.8774e-02 -2.5325e+01 -3.0149e-01 -2.8747e-02
-3.5083e+00     2.8143e+01  8.4005e-02  5.2901e-02 -2.8070e+01 -8.3778e-02 -5.2703e-02  2.5495e+01  3.0207e-01  2.9114e-02 -2.5493e+01 -3.0203e-01 -2.9086e-02
-3.5000e+00     0.0000e+00  0.0000e+00  0.0000e+00 -0.0000e+00 -0.0000e+00 -0.0000e+00  2.5612e+01  3.0242e-01  2.9334e-02 -2.5610e+01 -3.0238e-01 -2.9305e-02
-3.4917e+00     3.9750e+00  4.1608e-03  2.1039e-03 -3.9752e+00 -4.1610e-03 -2.1017e-03  2.5628e+01  3.0243e-01  2.9343e-02 -2.5627e+01 -3.0240e-01 -2.9314e-02
-3.4833e+00     5.5696e+00  6.6754e-03  3.6666e-03 -5.5698e+00 -6.6752e-03 -3.6627e-03  2.5668e+01  3.0248e-01  2.9367e-02 -2.5666e+01 -3.0244e-01 -2.9338e-02
-3.4750e+00     6.4869e+00  8.5862e-03  5.0100e-03 -6.4869e+00 -8.5857e-03 -5.0047e-03  2.5718e+01  3.0254e-01  2.9403e-02 -2.5716e+01 -3.0250e-01 -2.9374e-02
-3.4667e+00     6.3665e+00  1.3811e-02  7.0239e-03 -6.3667e+00 -1.3813e-02 -7.0168e-03  2.5771e+01  3.0263e-01  2.9453e-02 -2.5770e+01 -3.0260e-01 -2.9424e-02
-3.4583e+00     6.8592e+00  1.8690e-02  9.0633e-03 -6.8596e+00 -1.8694e-02 -9.0544e-03  2.5826e+01  3.0277e-01  2.9520e-02 -2.5825e+01 -3.0273e-01 -2.9490e-02
-3.4500e+00     8.0464e+00  2.4342e-02  1.1284e-02 -8.0469e+00 -2.4348e-02 -1.1273e-02  2.5888e+01  3.0295e-01  2.9604e-02 -2.5887e+01 -3.0291e-01 -2.9575e-02
-3.4417e+00     9.1912e+00  2.8714e-02  1.2795e-02 -9.1917e+00 -2.8723e-02 -1.2783e-02  2.5960e+01  3.0317e-01  2.9705e-02 -2.5959e+01 -3.0313e-01 -2.9675e-02
-3.4333e+00     1.3358e+01  7.0464e-02  2.2793e-02 -1.3363e+01 -7.0543e-02 -2.2785e-02  2.6054e+01  3.0358e-01  2.9853e-02 -2.6052e+01 -3.0355e-01 -2.9823e-02
-3.4250e+00     4.9170e+01  1.2160e+00  2.8270e-01 -4.9298e+01 -1.2223e+00 -2.8389e-01  2.6314e+01  3.0893e-01  3.1123e-02 -2.6313e+01 -3.0892e-01 -3.1099e-02
-3.4167e+00     1.3168e+01  2.0469e-01  4.9777e-02 -1.3164e+01 -2.0472e-01 -4.9722e-02  2.6573e+01  3.1484e-01  3.2506e-02 -2.6573e+01 -3.1486e-01 -3.2486e-02
-3.4083e+00     7.3120e+00  1.1364e-01  2.7114e-02 -7.3062e+00 -1.1358e-01 -2.7065e-02  2.6659e+01  3.1617e-01  3.2826e-02 -2.6658e+01 -3.1618e-01 -3.2806e-02
-3.4000e+00     2.4274e+00  2.7830e-02  7.3088e-03 -2.4225e+00 -2.7749e-02 -7.2821e-03  2.6699e+01  3.1676e-01  3.2969e-02 -2.6699e+01 -3.1677e-01 -3.2949e-02
-3.3917e+00     4.5464e-01  9.3128e-04  7.5738e-04 -4.5454e-01 -9.3116e-04 -7.5631e-04  2.6711e+01  3.1688e-01  3.3003e-02 -2.6710e+01 -3.1689e-01 -3.2982e-02
-3.3833e+00     2.6454e-02  2.1668e-03  7.6469e-04 -2.7143e-02 -2.2221e-03 -7.8316e-04  2.6713e+01  3.1689e-01  3.3009e-02 -2.6712e+01 -3.1690e-01 -3.2989e-02
-3.3750e+00     1.2214e+00  1.0030e-01  3.4378e-02 -1.2242e+00 -1.0048e-01 -3.4397e-02  2.6718e+01  3.1731e-01  3.3155e-02 -2.6718e+01 -3.1733e-01 -3.3135e-02
-3.3667e+00     2.7423e+00  2.2865e-01  7.6793e-02 -2.7465e+00 -2.2892e-01 -7.6779e-02  2.6735e+01  3.1868e-01  3.3618e-02 -2.6734e+01 -3.1870e-01 -3.3597e-02
-3.3583e+00     4.0815e+00  3.6225e-01  1.1748e-01 -4.0853e+00 -3.6247e-01 -1.1739e-01  2.6763e+01  3.2114e-01  3.4426e-02 -2.6763e+01 -3.2116e-01 -3.4405e-02
-3.3500e+00     5.0286e+00  4.6265e-01  1.4556e-01 -5.0318e+00 -4.6279e-01 -1.4540e-01  2.6801e+01  3.2457e-01  3.5520e-02 -2.6801e+01 -3.2459e-01 -3.5498e-02
-3.3417e+00     5.6846e+00  5.4104e-01  1.6402e-01 -5.6877e+00 -5.4123e-01 -1.6384e-01  2.6846e+01  3.2875e-01  3.6808e-02 -2.6845e+01 -3.2877e-01 -3.6785e-02
-3.3333e+00     6.2739e+00  6.2601e-01  1.8243e-01 -6.2754e+00 -6.2603e-01 -1.8217e-01  2.6895e+01  3.3360e-01  3.8249e-02 -2.6895e+01 -3.3363e-01 -3.8224e-02
-3.3250e+00     6.2756e+00  6.4243e-01  1.8751e-01 -6.2754e+00 -6.4226e-01 -1.8720e-01  2.6948e+01  3.3888e-01  3.9788e-02 -2.6947e+01 -3.3890e-01 -3.9760e-02
-3.3167e+00     6.0307e+00  6.2715e-01  1.8846e-01 -6.0295e+00 -6.2690e-01 -1.8813e-01  2.6999e+01  3.4416e-01  4.1352e-02 -2.6998e+01 -3.4418e-01 -4.1322e-02
-3.3083e+00     5.4931e+00  5.8095e-01  1.8246e-01 -5.4908e+00 -5.8061e-01 -1.8211e-01  2.7047e+01  3.4919e-01  4.2895e-02 -2.7046e+01 -3.4920e-01 -4.2862e-02
-3.3000e+00     4.6775e+00  5.0527e-01  1.7088e-01 -4.6748e+00 -5.0492e-01 -1.7056e-01  2.7089e+01  3.5370e-01  4.4365e-02 -2.7088e+01 -3.5372e-01 -4.4329e-02
-3.2917e+00     4.0833e+00  4.5120e-01  1.6937e-01 -4.0810e+00 -4.5093e-01 -1.6906e-01  2.7125e+01  3.5768e-01  4.5780e-02 -2.7125e+01 -3.5770e-01 -4.5741e-02
-3.2833e+00     4.0584e+00  4.5228e-01  1.7813e-01 -4.0582e+00 -4.5221e-01 -1.7783e-01  2.7159e+01  3.6144e-01  4.7225e-02 -2.7159e+01 -3.6145e-01 -4.7184e-02
-3.2750e+00     4.2329e+00  4.7061e-01  1.8733e-01 -4.2323e+00 -4.7050e-01 -1.8700e-01  2.7194e+01  3.6528e-01  4.8746e-02 -2.7193e+01 -3.6529e-01 -4.8702e-02
-3.2667e+00     4.2859e+00  4.7557e-01  1.9123e-01 -4.2851e+00 -4.7543e-01 -1.9088e-01  2.7229e+01  3.6922e-01  5.0320e-02 -2.7229e+01 -3.6923e-01 -5.0274e-02
-3.2583e+00     4.2174e+00  4.6718e-01  1.8983e-01 -4.2164e+00 -4.6702e-01 -1.8947e-01  2.7265e+01  3.7314e-01  5.1906e-02 -2.7264e+01 -3.7315e-01 -5.1856e-02
-3.2500e+00     4.0275e+00  4.4543e-01  1.8312e-01 -4.0263e+00 -4.4526e-01 -1.8277e-01  2.7299e+01  3.7693e-01  5.3457e-02 -2.7298e+01 -3.7694e-01 -5.3404e-02
-3.2417e+00     3.7160e+00  4.1032e-01  1.7112e-01 -3.7148e+00 -4.1015e-01 -1.7078e-01  2.7331e+01  3.8049e-01  5.4930e-02 -2.7331e+01 -3.8050e-01 -5.4875e-02
-3.2333e+00     4.5412e+00  4.8949e-01  2.4419e-01 -4.5406e+00 -4.8941e-01 -2.4377e-01  2.7365e+01  3.8424e-01  5.6658e-02 -2.7365e+01 -3.8424e-01 -5.6600e-02
-3.2250e+00     5.4574e+00  5.8420e-01  3.2057e-01 -5.4570e+00 -5.8414e-01 -3.2002e-01  2.7407e+01  3.8870e-01  5.9007e-02 -2.7406e+01 -3.8871e-01 -5.8945e-02
-3.2167e+00     7.5501e+00  8.0789e-01  4.6918e-01 -7.5507e+00 -8.0796e-01 -4.6844e-01  2.7461e+01  3.9449e-01  6.2292e-02 -2.7461e+01 -3.9450e-01 -6.2225e-02
-3.2083e+00     8.5800e+00  9.1438e-01  5.3922e-01 -8.5766e+00 -9.1403e-01 -5.3810e-01  2.7528e+01  4.0166e-01  6.6487e-02 -2.7528e+01 -4.0166e-01 -6.6412e-02
-3.2000e+00     8.5267e+00  9.0549e-01  5.4120e-01 -8.5232e+00 -9.0513e-01 -5.4006e-01  2.7599e+01  4.0923e-01  7.0981e-02 -2.7599e+01 -4.0923e-01 -7.0896e-02
-3.1917e+00     7.4879e+00  7.9185e-01  4.8182e-01 -7.4857e+00 -7.9162e-01 -4.8085e-01  2.7666e+01  4.1629e-01  7.5237e-02 -2.7665e+01 -4.1629e-01 -7.5143e-02
-3.1833e+00     1.2331e+00  1.2974e-01  7.9083e-02 -1.2410e+00 -1.3057e-01 -7.9456e-02  2.7702e+01  4.2012e-01  7.7570e-02 -2.7702e+01 -4.2012e-01 -7.7474e-02
-3.1750e+00     0.0000e+00  0.0000e+00  0.0000e+00 -0.0000e+00 -0.0000e+00 -0.0000e+00  2.7707e+01  4.2066e-01  7.7899e-02 -2.7707e+01 -4.2067e-01 -7.7804e-02
-3.1667e+00     0.0000e+00  0.0000e+00  0.0000e+00 -0.0000e+00 -0.0000e+00 -0.0000e+00  2.7707e+01  4.2066e-01  7.7899e-02 -2.7707e+01 -4.2067e-01 -7.7804e-02
-3.1583e+00     0.0000e+00  0.0000e+00  0.0000e+00 -0.0000e+00 -0.0000e+00 -0.0000e+00  2.7707e+01  4.2066e-01  7.7899e-02 -2.7707e+01 -4.2067e-01 -7.7804e-02
-3.1500e+00     0.0000e+00  0.0000e+00  0.0000e+00 -0.0000e+00 -0.0000e+00 -0.0000e+00  2.7707e+01  4.2066e-01  7.7899e-02 -2.7707e+01 -4.2067e-01 -7.7804e-02
-3.1417e+00     0.0000e+00  0.0000e+00  0.0000e+00 -0.0000e+00 -0.0000e+00 -0.0000e+00  2.7707e+01  4.2066e-01  7.7899e-02 -2.7707e+01 -4.2067e-01 -7.7804e-02
-3.1333e+00     0.0000e+00  0.0000e+00  0.0000e+00 -0.0000e+00 -0.0000e+00 -0.0000e+00  2.7707e+01  4.2066e-01  7.7899e-02 -2.7707e+01 -4.2067e-01 -7.7804e-02
-3.1250e+00     0.0000e+00  0.0000e+00  0.0000e+00 -0.0000e+00 -0.0000e+00 -0.0000e+00  2.7707e+01  4.2066e-01  7.7899e-02 -2.7707e+01 -4.2067e-01 -7.7804e-02
-3.1167e+00     0.0000e+00  0.0000e+00  0.0000e+00 -0.0000e+00 -0.0000e+00 -0.0000e+00  2.7707e+01  4.2066e-01  7.7899e-02 -2.7707e+01 -4.2067e-01 -7.7804e-02
-3.1083e+00     0.0000e+00  0.0000e+00  0.0000e+00 -0.0000e+00 -0.0000e+00 -0.0000e+00  2.7707e+01  4.2066e-01  7.7899e-02 -2.7707e+01 -4.2067e-01 -7.7804e-02
-3.1000e+00     0.0000e+00  0.0000e+00  0.0000e+00 -0.0000e+00 -0.0000e+00 -0.0000e+00  2.7707e+01  4.2066e-01  7.7899e-02 -2.7707e+01 -4.2067e-01 -7.7804e-02
-3.0917e+00     0.0000e+00  0.0000e+00  0.0000e+00 -0.0000e+00 -0.0000e+00 -0.0000e+00  2.7707e+01  4.2066e-01  7.7899e-02 -2.7707e+01 -4.2067e-01 -7.7804e-02
-3.0833e+00     0.0000e+00  0.0000e+00  0.0000e+00 -0.0000e+00 -0.0000e+00 -0.0000e+00  2.7707e+01  4.2066e-01  7.7899e-02 -2.7707e+01 -4.2067e-01 -7.7804e-02
-3.0750e+00     0.0000e+00  0.0000e+00  0.0000e+00 -0.0000e+00 -0.0000e+00 -0.0000e+00  2.7707e+01  4.2066e-01  7.7899e-02 -2.7707e+01 -4.2067e-01 -7.7804e-02
-3.0667e+00     0.0000e+00  0.0000e+00  0.0000e+00 -0.0000e+00 -0.0000e+00 -0.0000e+00  2.7707e+01  4.2066e-01  7.7899e-02 -2.7707e+01 -4.2067e-01 -7.7804e-02
-3.0583e+00     0.0000e+00  0.0000e+00  0.0000e+00 -0.0000e+00 -0.0000e+00 -0.0000e+00  2.7707e+01  4.2066e-01  7.7899e-02 -2.7707e+01 -4.2067e-01 -7.7804e-02
-3.0500e+00     0.0000e+00  0.0000e+00  0.0000e+00 -0.0000e+00 -0.0000e+00 -0.0000e+00  2.7707e+01  4.2066e-01  7.7899e-02 -2.7707e+01 -4.2067e-01 -7.7804e-02
-3.0417e+00     3.1989e-02  4.7450e-05  4.5872e-04 -3.1511e-02 -4.6725e-05 -4.5076e-04  2.7708e+01  4.2066e-01  7.7901e-02 -2.7707e+01 -4.2067e-01 -7.7806e-02
-3.0333e+00     2.8815e+00  3.2695e-03  3.7567e-02 -2.8802e+00 -3.2656e-03 -3.7452e-02  2.7720e+01  4.2067e-01  7.8059e-02 -2.7719e+01 -4.2068e-01 -7.7964e-02
-3.0250e+00     6.2793e+00  6.7880e-03  7.8953e-02 -6.2790e+00 -6.7821e-03 -7.8741e-02  2.7758e+01  4.2072e-01  7.8544e-02 -2.7757e+01 -4.2072e-01 -7.8447e-02
-3.0167e+00     7.8386e+00  8.1170e-03  9.4637e-02 -7.8392e+00 -8.1109e-03 -9.4391e-02  2.7817e+01  4.2078e-01  7.9266e-02 -2.7816e+01 -4.2078e-01 -7.9167e-02
-3.0083e+00     1.0054e+01  1.1892e-02  1.0603e-01 -1.0056e+01 -1.1884e-02 -1.0576e-01  2.7891e+01  4.2086e-01  8.0101e-02 -2.7890e+01 -4.2087e-01 -8.0000e-02
-3.0000e+00     1.3841e+01  1.6225e-02  1.3037e-01 -1.3842e+01 -1.6215e-02 -1.3003e-01  2.7990e+01  4.2098e-01  8.1084e-02 -2.7990e+01 -4.2098e-01 -8.0981e-02
-2.9917e+00     1.4089e+01  1.7218e-02  1.2785e-01 -1.4090e+01 -1.7206e-02 -1.2752e-01  2.8107e+01  4.2112e-01  8.2158e-02 -2.8106e+01 -4.2112e-01 -8.2052e-02
-2.9833e+00     1.4508e+01  1.9513e-02  1.2343e-01 -1.4513e+01 -1.9510e-02 -1.2314e-01  2.8225e+01  4.2127e-01  8.3203e-02 -2.8225e+01 -4.2127e-01 -8.3095e-02
-2.9750e+00     2.8634e+01  6.1746e-02  2.1041e-01 -2.8643e+01 -6.1750e-02 -2.0995e-01  2.8405e+01  4.2161e-01  8.4592e-02 -2.8404e+01 -4.2161e-01 -8.4480e-02
-2.9667e+00     2.7923e+01  4.6935e-02  1.9594e-01 -2.7875e+01 -4.6754e-02 -1.9516e-01  2.8640e+01  4.2206e-01  8.6282e-02 -2.8640e+01 -4.2206e-01 -8.6165e-02
-2.9583e+00     0.0000e+00  0.0000e+00  0.0000e+00 -0.0000e+00 -0.0000e+00 -0.0000e+00  2.8756e+01  4.2226e-01  8.7097e-02 -2.8756e+01 -4.2226e-01 -8.6977e-02
-2.9500e+00     2.6153e-01  2.5839e-03  6.4345e-04 -2.6233e-01 -2.5918e-03 -6.4390e-04  2.8757e+01  4.2227e-01  8.7100e-02 -2.8757e+01 -4.2227e-01 -8.6980e-02
-2.9417e+00     8.8438e-01  8.8390e-03  2.3540e-03 -8.8522e-01 -8.8473e-03 -2.3505e-03  2.8762e+01  4.2231e-01  8.7112e-02 -2.8761e+01 -4.2232e-01 -8.6992e-02
-2.9333e+00     1.6091e+00  1.6246e-02  4.5573e-03 -1.6099e+00 -1.6255e-02 -4.5482e-03  2.8773e+01  4.2242e-01  8.7141e-02 -2.8772e+01 -4.2242e-01 -8.7021e-02
-2.9250e+00     3.0597e+00  3.0017e-02  1.1510e-02 -3.0610e+00 -3.0029e-02 -1.1480e-02  2.8792e+01  4.2261e-01  8.7208e-02 -2.8791e+01 -4.2261e-01 -8.7088e-02
-2.9167e+00     1.1911e+01  1.1183e-01  5.2456e-02 -1.1910e+01 -1.1182e-01 -5.2299e-02  2.8854e+01  4.2320e-01  8.7474e-02 -2.8853e+01 -4.2320e-01 -8.7353e-02
-2.9083e+00     1.6368e+01  1.5161e-01  9.0634e-02 -1.6368e+01 -1.5161e-01 -9.0341e-02  2.8972e+01  4.2430e-01  8.8069e-02 -2.8971e+01 -4.2430e-01 -8.7946e-02
-2.9000e+00     1.3632e+01  1.3212e-01  8.1902e-02 -1.3631e+01 -1.3211e-01 -8.1622e-02  2.9097e+01  4.2548e-01  8.8787e-02 -2.9096e+01 -4.2548e-01 -8.8662e-02
-2.8917e+00     1.1879e+01  1.2273e-01  7.9666e-02 -1.1879e+01 -1.2274e-01 -7.9392e-02  2.9203e+01  4.2654e-01  8.9459e-02 -2.9202e+01 -4.2654e-01 -8.9331e-02
-2.8833e+00     1.3018e+01  1.4257e-01  9.1696e-02 -1.3023e+01 -1.4264e-01 -9.1402e-02  2.9306e+01  4.2764e-01  9.0172e-02 -2.9306e+01 -4.2764e-01 -9.0042e-02
-2.8750e+00     1.0677e+01  1.1653e-01  9.3568e-02 -1.0674e+01 -1.1649e-01 -9.3211e-02  2.9405e+01  4.2872e-01  9.0943e-02 -2.9404e+01 -4.2872e-01 -9.0810e-02
-2.8667e+00     1.0677e+01  1.1587e-01  1.0426e-01 -1.0675e+01 -1.1584e-01 -1.0386e-01  2.9494e+01  4.2969e-01  9.1766e-02 -2.9493e+01 -4.2969e-01 -9.1630e-02
-2.8583e+00     6.6617e+00  6.4640e-02  6.8921e-02 -6.6606e+00 -6.4613e-02 -6.8627e-02  2.9566e+01  4.3044e-01  9.2486e-02 -2.9565e+01 -4.3044e-01 -9.2347e-02
-2.8500e+00     7.9506e+00  7.3479e-02  8.2456e-02 -7.9468e+00 -7.3425e-02 -8.2069e-02  2.9627e+01  4.3101e-01  9.3116e-02 -2.9626e+01 -4.3101e-01 -9.2974e-02
-2.8417e+00     6.1351e+00  5.5187e-02  6.3652e-02 -6.1374e+00 -5.5191e-02 -6.3408e-02  2.9685e+01  4.3155e-01  9.3723e-02 -2.9684e+01 -4.3155e-01 -9.3579e-02
-2.8333e+00     2.7789e-02  2.5989e-04  2.8589e-04 -2.8857e-02 -2.6984e-04 -2.9589e-04  2.9711e+01  4.3178e-01  9.3989e-02 -2.9710e+01 -4.3178e-01 -9.3844e-02
-2.8250e+00     0.0000e+00  0.0000e+00  0.0000e+00 -0.0000e+00 -0.0000e+00 -0.0000e+00  2.9711e+01  4.3178e-01  9.3991e-02 -2.9710e+01 -4.3178e-01 -9.3845e-02
-2.8167e+00     0.0000e+00  0.0000e+00  0.0000e+00 -0.0000e+00 -0.0000e+00 -0.0000e+00  2.9711e+01  4.3178e-01  9.3991e-02 -2.9710e+01 -4.3178e-01 -9.3845e-02
-2.8083e+00     0.0000e+00  0.0000e+00  0.0000e+00 -0.0000e+00 -0.0000e+00 -0.0000e+00  2.9711e+01  4.3178e-01  9.3991e-02 -2.9710e+01 -4.3178e-01 -9.3845e-02
-2.8000e+00     0.0000e+00  0.0000e+00  0.0000e+00 -0.0000e+00 -0.0000e+00 -0.0000e+00  2.9711e+01  4.3178e-01  9.3991e-02 -2.9710e+01 -4.3178e-01 -9.3845e-02
-2.7917e+00     0.0000e+00  0.0000e+00  0.0000e+00 -0.0000e+00 -0.0000e+00 -0.0000e+00  2.9711e+01  4.3178e-01  9.3991e-02 -2.9710e+01 -4.3178e-01 -9.3845e-02
-2.7833e+00     0.0000e+00  0.0000e+00  0.0000e+00 -0.0000e+00 -0.0000e+00 -0.0000e+00  2.9711e+01  4.3178e-01  9.3991e-02 -2.9710e+01 -4.3178e-01 -9.3845e-02
-2.7750e+00     0.0000e+00  0.0000e+00  0.0000e+00 -0.0000e+00 -0.0000e+00 -0.0000e+00  2.9711e+01  4.3178e-01  9.3991e-02 -2.9710e+01 -4.3178e-01 -9.3845e-02
-2.7667e+00     0.0000e+00  0.0000e+00  0.0000e+00 -0.0000e+00 -0.0000e+00 -0.0000e+00  2.9711e+01  4.3178e-01  9.3991e-02 -2.9710e+01 -4.3178e-01 -9.3845e-02
-2.7583e+00     0.0000e+00  0.0000e+00  0.0000e+00 -0.0000e+00 -0.0000e+00 -0.0000e+00  2.9711e+01  4.3178e-01  9.3991e-02 -2.9710e+01 -4.3178e-01 -9.3845e-02
-2.7500e+00     0.0000e+00  0.0000e+00  0.0000e+00 -0.0000e+00 -0.0000e+00 -0.0000e+00  2.9711e+01  4.3178e-01  9.3991e-02 -2.9710e+01 -4.3178e-01 -9.3845e-02
-2.7417e+00     0.0000e+00  0.0000e+00  0.0000e+00 -0.0000e+00 -0.0000e+00 -0.0000e+00  2.9711e+01  4.3178e-01  9.3991e-02 -2.9710e+01 -4.3178e-01 -9.3845e-02
-2.7333e+00     0.0000e+00  0.0000e+00  0.0000e+00 -0.0000e+00 -0.0000e+00 -0.0000e+00  2.9711e+01  4.3178e-01  9.3991e-02 -2.9710e+01 -4.3178e-01 -9.3845e-02
-2.7250e+00     0.0000e+00  0.0000e+00  0.0000e+00 -0.0000e+00 -0.0000e+00 -0.0000e+00  2.9711e+01  4.3178e-01  9.3991e-02 -2.9710e+01 -4.3178e-01 -9.3845e-02
-2.7167e+00     0.0000e+00  0.0000e+00  0.0000e+00 -0.0000e+00 -0.0000e+00 -0.0000e+00  2.9711e+01  4.3178e-01  9.3991e-02 -2.9710e+01 -4.3178e-01 -9.3845e-02
-2.7083e+00     0.0000e+00  0.0000e+00  0.0000e+00 -0.0000e+00 -0.0000e+00 -0.0000e+00  2.9711e+01  4.3178e-01  9.3991e-02 -2.9710e+01 -4.3178e-01 -9.3845e-02
-2.7000e+00     0.0000e+00  0.0000e+00  0.0000e+00 -0.0000e+00 -0.0000e+00 -0.0000e+00  2.9711e+01  4.3178e-01  9.3991e-02 -2.9710e+01 -4.3178e-01 -9.3845e-02
-2.6917e+00     9.7685e-02  9.1989e-03  2.1401e-02 -6.3151e-02 -6.0399e-03 -1.3528e-02  2.9711e+01  4.3182e-01  9.4080e-02 -2.9710e+01 -4.3181e-01 -9.3902e-02
-2.6833e+00     3.3001e+01  2.6576e+00  9.7827e+00 -3.2140e+01 -2.5970e+00 -9.4735e+00  2.9849e+01  4.4291e-01  1.3486e-01 -2.9844e+01 -4.4263e-01 -1.3336e-01
-2.6750e+00     4.1075e+01  3.2749e+00  1.2484e+01 -4.1376e+01 -3.3114e+00 -1.2516e+01  3.0157e+01  4.6759e-01  2.2749e-01 -3.0150e+01 -4.6721e-01 -2.2484e-01
-2.6667e+00     2.7975e+01  1.9653e+00  1.0058e+01 -2.8147e+01 -1.9909e+00 -1.0041e+01  3.0444e+01  4.8938e-01  3.2126e-01 -3.0439e+01 -4.8927e-01 -3.1867e-01
-2.6583e+00     1.7706e+01  1.0480e+00  7.7814e+00 -1.9903e+01 -1.1822e+00 -8.7216e+00  3.0634e+01  5.0192e-01  3.9546e-01 -3.0639e+01 -5.0247e-01 -3.9672e-01
-2.6500e+00     9.6680e-01  5.2989e-02  4.5541e-01 -1.1592e+00 -6.3746e-02 -5.4532e-01  3.0712e+01  5.0650e-01  4.2973e-01 -3.0727e+01 -5.0765e-01 -4.3526e-01
-2.6417e+00     0.0000e+00  0.0000e+00  0.0000e+00 -0.0000e+00 -0.0000e+00 -0.0000e+00  3.0716e+01  5.0672e-01  4.3162e-01 -3.0732e+01 -5.0791e-01 -4.3753e-01
-2.6333e+00     0.0000e+00  0.0000e+00  0.0000e+00 -0.0000e+00 -0.0000e+00 -0.0000e+00  3.0716e+01  5.0672e-01  4.3162e-01 -3.0732e+01 -5.0791e-01 -4.3753e-01
-2.6250e+00     0.0000e+00  0.0000e+00  0.0000e+00 -0.0000e+00 -0.0000e+00 -0.0000e+00  3.0716e+01  5.0672e-01  4.3162e-01 -3.0732e+01 -5.0791e-01 -4.3753e-01
-2.6167e+00     0.0000e+00  0.0000e+00  0.0000e+00 -0.0000e+00 -0.0000e+00 -0.0000e+00  3.0716e+01  5.0672e-01  4.3162e-01 -3.0732e+01 -5.0791e-01 -4.3753e-01
-2.6083e+00     0.0000e+00  0.0000e+00  0.0000e+00 -0.0000e+00 -0.0000e+00 -0.0000e+00  3.0716e+01  5.0672e-01  4.3162e-01 -3.0732e+01 -5.0791e-01 -4.3753e-01
-2.6000e+00     0.0000e+00  0.0000e+00  0.0000e+00 -0.0000e+00 -0.0000e+00 -0.0000e+00  3.0716e+01  5.0672e-01  4.3162e-01 -3.0732e+01 -5.0791e-01 -4.3753e-01
-2.5917e+00     0.0000e+00  0.0000e+00  0.0000e+00 -0.0000e+00 -0.0000e+00 -0.0000e+00  3.0716e+01  5.0672e-01  4.3162e-01 -3.0732e+01 -5.0791e-01 -4.3753e-01
-2.5833e+00     0.0000e+00  0.0000e+00  0.0000e+00 -0.0000e+00 -0.0000e+00 -0.0000e+00  3.0716e+01  5.0672e-01  4.3162e-01 -3.0732e+01 -5.0791e-01 -4.3753e-01
-2.5750e+00     0.0000e+00  0.0000e+00  0.0000e+00 -0.0000e+00 -0.0000e+00 -0.0000e+00  3.0716e+01  5.0672e-01  4.3162e-01 -3.0732e+01 -5.0791e-01 -4.3753e-01
-2.5667e+00     0.0000e+00  0.0000e+00  0.0000e+00 -0.0000e+00 -0.0000e+00 -0.0000e+00  3.0716e+01  5.0672e-01  4.3162e-01 -3.0732e+01 -5.0791e-01 -4.3753e-01
-2.5583e+00     0.0000e+00  0.0000e+00  0.0000e+00 -0.0000e+00 -0.0000e+00 -0.0000e+00  3.0716e+01  5.0672e-01  4.3162e-01 -3.0732e+01 -5.0791e-01 -4.3753e-01
-2.5500e+00     0.0000e+00  0.0000e+00  0.0000e+00 -0.0000e+00 -0.0000e+00 -0.0000e+00  3.0716e+01  5.0672e-01  4.3162e-01 -3.0732e+01 -5.0791e-01 -4.3753e-01
-2.5417e+00     0.0000e+00  0.0000e+00  0.0000e+00 -0.0000e+00 -0.0000e+00 -0.0000e+00  3.0716e+01  5.0672e-01  4.3162e-01 -3.0732e+01 -5.0791e-01 -4.3753e-01
-2.5333e+00     0.0000e+00  0.0000e+00  0.0000e+00 -0.0000e+00 -0.0000e+00 -0.0000e+00  3.0716e+01  5.0672e-01  4.3162e-01 -3.0732e+01 -5.0791e-01 -4.3753e-01
-2.5250e+00     0.0000e+00  0.0000e+00  0.0000e+00 -0.0000e+00 -0.0000e+00 -0.0000e+00  3.0716e+01  5.0672e-01  4.3162e-01 -3.0732e+01 -5.0791e-01 -4.3753e-01
-2.5167e+00     5.1868e-02  1.8927e-03  2.2389e-02 -3.3399e-02 -1.2111e-03 -1.4441e-02  3.0716e+01  5.0673e-01  4.3171e-01 -3.0732e+01 -5.0792e-01 -4.3759e-01
-2.5083e+00     1.3069e+00  4.7689e-02  5.6411e-01 -1.2153e+00 -4.4070e-02 -5.2547e-01  3.0722e+01  5.0693e-01  4.3415e-01 -3.0737e+01 -5.0811e-01 -4.3984e-01
-2.5000e+00     1.6230e+01  5.8161e-01  6.4170e+00 -1.6041e+01 -5.7196e-01 -6.3917e+00  3.0795e+01  5.0955e-01  4.6319e-01 -3.0809e+01 -5.1067e-01 -4.6861e-01
-2.4917e+00     1.8092e+01  6.2954e-01  6.3964e+00 -1.8427e+01 -6.3611e-01 -6.5475e+00  3.0938e+01  5.1459e-01  5.1649e-01 -3.0952e+01 -5.1570e-01 -5.2243e-01
-2.4833e+00     1.2744e+01  4.4793e-01  3.8356e+00 -1.2963e+01 -4.5290e-01 -3.9388e+00  3.1066e+01  5.1907e-01  5.5906e-01 -3.1083e+01 -5.2023e-01 -5.6605e-01
-2.4750e+00     1.1286e+01  3.7490e-01  2.3318e+00 -1.1383e+01 -3.7635e-01 -2.3745e+00  3.1166e+01  5.2249e-01  5.8471e-01 -3.1184e+01 -5.2367e-01 -5.9232e-01
-2.4667e+00     1.1321e+01  3.6464e-01  1.9479e+00 -1.1388e+01 -3.6493e-01 -1.9682e+00  3.1260e+01  5.2557e-01  6.0251e-01 -3.1279e+01 -5.2676e-01 -6.1038e-01
-2.4583e+00     1.0942e+01  3.4840e-01  1.5699e+00 -1.0996e+01 -3.4841e-01 -1.5850e+00  3.1353e+01  5.2854e-01  6.1715e-01 -3.1372e+01 -5.2973e-01 -6.2516e-01
-2.4500e+00     1.3473e+01  4.4663e-01  1.4359e+00 -1.3477e+01 -4.4489e-01 -1.4429e+00  3.1454e+01  5.3184e-01  6.2965e-01 -3.1474e+01 -5.3303e-01 -6.3776e-01
-2.4417e+00     1.5025e+01  4.3875e-01  1.1239e+00 -1.5057e+01 -4.3819e-01 -1.1301e+00  3.1573e+01  5.3553e-01  6.4030e-01 -3.1592e+01 -5.3670e-01 -6.4846e-01
-2.4333e+00     9.7029e+00  2.4310e-01  4.9353e-01 -9.7085e+00 -2.4254e-01 -4.9533e-01  3.1676e+01  5.3836e-01  6.4703e-01 -3.1695e+01 -5.3953e-01 -6.5522e-01
-2.4250e+00     4.2661e-01  1.2077e-02  2.1137e-02 -4.2495e-01 -1.1992e-02 -2.1116e-02  3.1718e+01  5.3942e-01  6.4917e-01 -3.1738e+01 -5.4059e-01 -6.5737e-01
-2.4167e+00     8.0171e+00  2.7115e-01  5.8329e-01 -7.9769e+00 -2.6967e-01 -5.8503e-01  3.1753e+01  5.4060e-01  6.5168e-01 -3.1772e+01 -5.4176e-01 -6.5989e-01
-2.4083e+00     1.5136e+01  4.1013e-01  9.9456e-01 -1.5128e+01 -4.0961e-01 -1.0001e+00  3.1849e+01  5.4344e-01  6.5825e-01 -3.1869e+01 -5.4459e-01 -6.6648e-01
-2.4000e+00     2.4228e+01  5.5443e-01  1.4732e+00 -2.4209e+01 -5.5396e-01 -1.4807e+00  3.2013e+01  5.4745e-01  6.6851e-01 -3.2032e+01 -5.4859e-01 -6.7680e-01
-2.3917e+00     3.0658e+01  4.6552e-01  1.7792e+00 -3.0598e+01 -4.6493e-01 -1.7847e+00  3.2241e+01  5.5169e-01  6.8204e-01 -3.2260e+01 -5.5283e-01 -6.9039e-01
-2.3833e+00     2.9290e+01  3.7446e-01  1.5302e+00 -2.9377e+01 -3.7486e-01 -1.5441e+00  3.2491e+01  5.5519e-01  6.9581e-01 -3.2510e+01 -5.5633e-01 -7.0423e-01
-2.3750e+00     1.2088e+01  1.4049e-01  5.3775e-01 -1.2134e+01 -1.4110e-01 -5.4346e-01  3.2663e+01  5.5733e-01  7.0441e-01 -3.2682e+01 -5.5847e-01 -7.1292e-01
-2.3667e+00     8.5643e-01  7.1155e-03  3.3724e-02 -8.6485e-01 -7.2014e-03 -3.4319e-02  3.2717e+01  5.5794e-01  7.0679e-01 -3.2736e+01 -5.5909e-01 -7.1532e-01
-2.3583e+00     0.0000e+00  0.0000e+00  0.0000e+00 -0.0000e+00 -0.0000e+00 -0.0000e+00  3.2720e+01  5.5797e-01  7.0693e-01 -3.2740e+01 -5.5912e-01 -7.1546e-01
-2.3500e+00     4.3098e+00  5.8941e-02  1.0724e-01 -4.3126e+00 -5.8971e-02 -1.0802e-01  3.2738e+01  5.5822e-01  7.0737e-01 -3.2758e+01 -5.5936e-01 -7.1591e-01
-2.3417e+00     1.0563e+01  2.3384e-01  4.1504e-01 -1.0572e+01 -2.3380e-01 -4.1775e-01  3.2800e+01  5.5943e-01  7.0954e-01 -3.2820e+01 -5.6058e-01 -7.1810e-01
-2.3333e+00     1.3717e+01  3.3115e-01  5.9030e-01 -1.3731e+01 -3.3124e-01 -5.9441e-01  3.2901e+01  5.6178e-01  7.1373e-01 -3.2921e+01 -5.6293e-01 -7.2231e-01
-2.3250e+00     9.5189e+00  1.7330e-01  3.4178e-01 -9.5111e+00 -1.7283e-01 -3.4310e-01  3.2998e+01  5.6388e-01  7.1760e-01 -3.3018e+01 -5.6503e-01 -7.2621e-01
-2.3167e+00     5.7676e+00  8.6826e-02  1.7097e-01 -5.7656e+00 -8.6697e-02 -1.7181e-01  3.3061e+01  5.6496e-01  7.1974e-01 -3.3081e+01 -5.6611e-01 -7.2835e-01
-2.3083e+00     4.6065e+00  6.6796e-02  1.3047e-01 -4.6052e+00 -6.6696e-02 -1.3108e-01  3.3104e+01  5.6560e-01  7.2099e-01 -3.3124e+01 -5.6675e-01 -7.2961e-01
-2.3000e+00     4.0244e+00  5.3983e-02  1.0315e-01 -4.0239e+00 -5.3917e-02 -1.0364e-01  3.3140e+01  5.6611e-01  7.2196e-01 -3.3160e+01 -5.6725e-01 -7.3059e-01
-2.2917e+00     3.9648e+00  5.0497e-02  9.4841e-02 -3.9643e+00 -5.0441e-02 -9.5280e-02  3.3173e+01  5.6654e-01  7.2279e-01 -3.3193e+01 -5.6768e-01 -7.3142e-01
-2.2833e+00     3.9313e+00  4.7419e-02  8.7363e-02 -3.9308e+00 -4.7372e-02 -8.7750e-02  3.3206e+01  5.6695e-01  7.2354e-01 -3.3226e+01 -5.6809e-01 -7.3218e-01
-2.2750e+00     3.9238e+00  4.4748e-02  8.0713e-02 -3.9234e+00 -4.4710e-02 -8.1052e-02  3.3239e+01  5.6733e-01  7.2424e-01 -3.3259e+01 -5.6847e-01 -7.3288e-01
-2.2667e+00     3.9425e+00  4.2484e-02  7.4892e-02 -3.9421e+00 -4.2454e-02 -7.5186e-02  3.3272e+01  5.6769e-01  7.2489e-01 -3.3292e+01 -5.6884e-01 -7.3353e-01
-2.2583e+00     4.0761e+00  4.0236e-02  7.2545e-02 -4.0760e+00 -4.0216e-02 -7.2818e-02  3.3305e+01  5.6804e-01  7.2550e-01 -3.3325e+01 -5.6918e-01 -7.3415e-01
-2.2500e+00     4.6024e+00  4.2306e-02  7.7814e-02 -4.6022e+00 -4.2297e-02 -7.8089e-02  3.3341e+01  5.6838e-01  7.2613e-01 -3.3361e+01 -5.6952e-01 -7.3477e-01
-2.2417e+00     5.2438e+00  4.7282e-02  8.4856e-02 -5.2436e+00 -4.7281e-02 -8.5139e-02  3.3382e+01  5.6875e-01  7.2681e-01 -3.3402e+01 -5.6990e-01 -7.3545e-01
-2.2333e+00     5.8714e+00  5.3601e-02  9.0978e-02 -5.8713e+00 -5.3611e-02 -9.1267e-02  3.3428e+01  5.6917e-01  7.2754e-01 -3.3448e+01 -5.7031e-01 -7.3619e-01
-2.2250e+00     7.8250e+00  7.5482e-02  1.0900e-01 -7.8267e+00 -7.5533e-02 -1.0935e-01  3.3485e+01  5.6971e-01  7.2837e-01 -3.3505e+01 -5.7085e-01 -7.3702e-01
-2.2167e+00     1.9951e+01  1.3067e-01  3.4004e-01 -1.9982e+01 -1.3080e-01 -3.4177e-01  3.3601e+01  5.7057e-01  7.3024e-01 -3.3621e+01 -5.7171e-01 -7.3890e-01
-2.2083e+00     3.8810e+00  6.8566e-02  3.3442e-02 -3.8699e+00 -6.8426e-02 -3.3413e-02  3.3700e+01  5.7140e-01  7.3179e-01 -3.3720e+01 -5.7254e-01 -7.4046e-01
-2.2000e+00     5.7458e-01  1.1067e-02  4.4741e-03 -5.7156e-01 -1.1012e-02 -4.4565e-03  3.3719e+01  5.7173e-01  7.3195e-01 -3.3739e+01 -5.7287e-01 -7.4062e-01
-2.1917e+00     3.1478e+00  4.4349e-02  2.8088e-02 -3.1561e+00 -4.4515e-02 -2.8219e-02  3.3734e+01  5.7196e-01  7.3208e-01 -3.3754e+01 -5.7310e-01 -7.4075e-01
-2.1833e+00     1.1063e+01  1.4890e-01  1.0969e-01 -1.1067e+01 -1.4904e-01 -1.1005e-01  3.3793e+01  5.7276e-01  7.3266e-01 -3.3813e+01 -5.7391e-01 -7.4133e-01
-2.1750e+00     1.5138e+01  2.2283e-01  1.9195e-01 -1.5133e+01 -2.2284e-01 -1.9243e-01  3.3902e+01  5.7431e-01  7.3391e-01 -3.3922e+01 -5.7545e-01 -7.4258e-01
-2.1667e+00     1.6454e+01  3.1536e-01  2.5748e-01 -1.6450e+01 -3.1529e-01 -2.5806e-01  3.4034e+01  5.7655e-01  7.3578e-01 -3.4054e+01 -5.7769e-01 -7.4446e-01
-2.1583e+00     1.5526e+01  4.9123e-01  3.4386e-01 -1.5521e+01 -4.9080e-01 -3.4440e-01  3.4167e+01  5.7990e-01  7.3828e-01 -3.4187e+01 -5.8104e-01 -7.4696e-01
-2.1500e+00     1.4376e+01  6.0099e-01  3.6842e-01 -1.4383e+01 -6.0122e-01 -3.6963e-01  3.4291e+01  5.8445e-01  7.4124e-01 -3.4311e+01 -5.8559e-01 -7.4994e-01
-2.1417e+00     1.3855e+01  5.3325e-01  2.6645e-01 -1.3865e+01 -5.3389e-01 -2.6749e-01  3.4408e+01  5.8916e-01  7.4389e-01 -3.4429e+01 -5.9031e-01 -7.5259e-01
-2.1333e+00     1.6351e+01  7.4057e-01  3.2088e-01 -1.6322e+01 -7.3998e-01 -3.2157e-01  3.4534e+01  5.9446e-01  7.4633e-01 -3.4554e+01 -5.9561e-01 -7.5504e-01
-2.1250e+00     7.9679e+00  4.6304e-01  1.7891e-01 -7.9651e+00 -4.6326e-01 -1.7948e-01  3.4635e+01  5.9947e-01  7.4841e-01 -3.4655e+01 -6.0061e-01 -7.5712e-01
-2.1167e+00     9.8333e+00  5.5705e-01  3.0165e-01 -9.8192e+00 -5.5634e-01 -3.0223e-01  3.4709e+01  6.0371e-01  7.5041e-01 -3.4729e+01 -6.0485e-01 -7.5912e-01
-2.1083e+00     1.0486e+01  5.4833e-01  3.0850e-01 -1.0489e+01 -5.4855e-01 -3.0963e-01  3.4794e+01  6.0831e-01  7.5294e-01 -3.4814e+01 -6.0945e-01 -7.6167e-01
-2.1000e+00     1.3817e+01  7.1984e-01  3.7226e-01 -1.3853e+01 -7.2163e-01 -3.7413e-01  3.4895e+01  6.1359e-01  7.5578e-01 -3.4915e+01 -6.1473e-01 -7.6451e-01
-2.0917e+00     1.8572e+01  1.0090e+00  4.4266e-01 -1.8609e+01 -1.0111e+00 -4.4484e-01  3.5030e+01  6.2078e-01  7.5917e-01 -3.5050e+01 -6.2194e-01 -7.6792e-01
-2.0833e+00     1.9202e+01  1.0642e+00  3.4756e-01 -1.9207e+01 -1.0647e+00 -3.4869e-01  3.5187e+01  6.2940e-01  7.6245e-01 -3.5207e+01 -6.3058e-01 -7.7122e-01
-2.0750e+00     1.9970e+01  1.1728e+00  3.6239e-01 -1.9990e+01 -1.1738e+00 -3.6369e-01  3.5350e+01  6.3871e-01  7.6541e-01 -3.5370e+01 -6.3989e-01 -7.7418e-01
-2.0667e+00     2.0954e+01  1.2248e+00  4.2449e-01 -2.0895e+01 -1.2198e+00 -4.2463e-01  3.5520e+01  6.4868e-01  7.6868e-01 -3.5540e+01 -6.4984e-01 -7.7746e-01
-2.0583e+00     1.0963e+01  6.0841e-01  2.6499e-01 -1.0931e+01 -6.0706e-01 -2.6551e-01  3.5653e+01  6.5631e-01  7.7155e-01 -3.5673e+01 -6.5744e-01 -7.8033e-01
-2.0500e+00     3.7576e+00  3.1861e-01  1.6556e-01 -3.7554e+00 -3.1843e-01 -1.6594e-01  3.5714e+01  6.6016e-01  7.7334e-01 -3.5734e+01 -6.6129e-01 -7.8213e-01
-2.0417e+00     1.8780e+00  1.5439e-01  8.1266e-02 -1.8761e+00 -1.5423e-01 -8.1413e-02  3.5737e+01  6.6213e-01  7.7437e-01 -3.5757e+01 -6.6326e-01 -7.8316e-01
-2.0333e+00     3.8100e-01  2.6922e-02  1.4555e-02 -3.8043e-01 -2.6856e-02 -1.4559e-02  3.5747e+01  6.6288e-01  7.7476e-01 -3.5767e+01 -6.6401e-01 -7.8356e-01
-2.0250e+00     1.1663e+01  1.2169e-01  4.3692e-02 -1.1681e+01 -1.2185e-01 -4.3871e-02  3.5797e+01  6.6350e-01  7.7501e-01 -3.5817e+01 -6.6463e-01 -7.8380e-01
-2.0167e+00     2.6526e+01  4.2100e-01  1.8819e-01 -2.6534e+01 -4.2098e-01 -1.8870e-01  3.5956e+01  6.6576e-01  7.7597e-01 -3.5976e+01 -6.6689e-01 -7.8477e-01
-2.0083e+00     1.6587e+01  3.1183e-01  1.3544e-01 -1.6575e+01 -3.1158e-01 -1.3569e-01  3.6135e+01  6.6881e-01  7.7732e-01 -3.6155e+01 -6.6994e-01 -7.8612e-01
-2.0000e+00     1.1529e+01  2.3317e-01  8.8963e-02 -1.1530e+01 -2.3312e-01 -8.9173e-02  3.6252e+01  6.7108e-01  7.7825e-01 -3.6272e+01 -6.7220e-01 -7.8705e-01
-1.9917e+00     9.9767e+00  2.0631e-01  7.0477e-02 -9.9754e+00 -2.0618e-01 -7.0609e-02  3.6341e+01  6.7290e-01  7.7891e-01 -3.6362e+01 -6.7403e-01 -7.8772e-01
-1.9833e+00     8.7422e+00  1.7705e-01  5.2888e-02 -8.7421e+00 -1.7696e-01 -5.2988e-02  3.6419e+01  6.7450e-01  7.7943e-01 -3.6439e+01 -6.7562e-01 -7.8823e-01
-1.9750e+00     7.9901e+00  1.5584e-01  3.8213e-02 -7.9903e+00 -1.5576e-01 -3.8275e-02  3.6489e+01  6.7588e-01  7.7981e-01 -3.6509e+01 -6.7701e-01 -7.8861e-01
-1.9667e+00     1.2656e+01  1.7080e-01  2.8999e-02 -1.2670e+01 -1.7077e-01 -2.9044e-02  3.6575e+01  6.7724e-01  7.8009e-01 -3.6595e+01 -6.7837e-01 -7.8889e-01
-1.9583e+00     1.7512e+01  1.8531e-01  2.5629e-02 -1.7509e+01 -1.8513e-01 -2.5661e-02  3.6700e+01  6.7872e-01  7.8031e-01 -3.6720e+01 -6.7985e-01 -7.8912e-01
-1.9500e+00     1.4500e+01  1.3644e-01  1.8503e-02 -1.4493e+01 -1.3624e-01 -1.8518e-02  3.6833e+01  6.8006e-01  7.8050e-01 -3.6854e+01 -6.8118e-01 -7.8930e-01
-1.9417e+00     8.5355e+00  5.7004e-02  9.3258e-03 -8.5287e+00 -5.6867e-02 -9.3324e-03  3.6929e+01  6.8087e-01  7.8061e-01 -3.6949e+01 -6.8199e-01 -7.8942e-01
-1.9333e+00     8.7362e+00  5.2711e-02  1.1091e-02 -8.7405e+00 -5.2708e-02 -1.1120e-02  3.7001e+01  6.8132e-01  7.8070e-01 -3.7021e+01 -6.8244e-01 -7.8950e-01
-1.9250e+00     1.0519e+01  6.6433e-02  1.6170e-02 -1.0517e+01 -6.6382e-02 -1.6194e-02  3.7081e+01  6.8182e-01  7.8081e-01 -3.7101e+01 -6.8294e-01 -7.8962e-01
-1.9167e+00     9.5220e+00  6.0402e-02  1.5349e-02 -9.5209e+00 -6.0358e-02 -1.5373e-02  3.7165e+01  6.8235e-01  7.8094e-01 -3.7185e+01 -6.8347e-01 -7.8975e-01
-1.9083e+00     8.8552e+00  5.4038e-02  1.4887e-02 -8.8537e+00 -5.3993e-02 -1.4909e-02  3.7241e+01  6.8282e-01  7.8107e-01 -3.7261e+01 -6.8394e-01 -7.8987e-01
-1.9000e+00     8.2588e+00  4.6407e-02  1.3991e-02 -8.2584e+00 -4.6373e-02 -1.4014e-02  3.7312e+01  6.8324e-01  7.8119e-01 -3.7332e+01 -6.8436e-01 -7.8999e-01
-1.8917e+00     8.6285e+00  4.5912e-02  1.4913e-02 -8.6287e+00 -4.5883e-02 -1.4938e-02  3.7382e+01  6.8362e-01  7.8131e-01 -3.7402e+01 -6.8474e-01 -7.9011e-01
-1.8833e+00     9.9268e+00  5.1373e-02  1.7869e-02 -9.9279e+00 -5.1346e-02 -1.7901e-02  3.7460e+01  6.8403e-01  7.8144e-01 -3.7480e+01 -6.8515e-01 -7.9025e-01
-1.8750e+00     1.0911e+01  5.7155e-02  1.9756e-02 -1.0909e+01 -5.7110e-02 -1.9783e-02  3.7546e+01  6.8448e-01  7.8160e-01 -3.7566e+01 -6.8560e-01 -7.9041e-01
-1.8667e+00     9.3386e+00  5.5471e-02  1.3366e-02 -9.3436e+00 -5.5466e-02 -1.3395e-02  3.7631e+01  6.8495e-01  7.8174e-01 -3.7651e+01 -6.8607e-01 -7.9055e-01
-1.8583e+00     1.0745e+01  7.1730e-02  1.0242e-02 -1.0619e+01 -7.0837e-02 -1.0089e-02  3.7714e+01  6.8548e-01  7.8184e-01 -3.7734e+01 -6.8659e-01 -7.9064e-01
-1.8500e+00     0.0000e+00  0.0000e+00  0.0000e+00 -0.0000e+00 -0.0000e+00 -0.0000e+00  3.7759e+01  6.8578e-01  7.8188e-01 -3.7778e+01 -6.8689e-01 -7.9069e-01
-1.8417e+00     0.0000e+00  0.0000e+00  0.0000e+00 -0.0000e+00 -0.0000e+00 -0.0000e+00  3.7759e+01  6.8578e-01  7.8188e-01 -3.7778e+01 -6.8689e-01 -7.9069e-01
-1.8333e+00     0.0000e+00  0.0000e+00  0.0000e+00 -0.0000e+00 -0.0000e+00 -0.0000e+00  3.7759e+01  6.8578e-01  7.8188e-01 -3.7778e+01 -6.8689e-01 -7.9069e-01
-1.8250e+00     0.0000e+00  0.0000e+00  0.0000e+00 -0.0000e+00 -0.0000e+00 -0.0000e+00  3.7759e+01  6.8578e-01  7.8188e-01 -3.7778e+01 -6.8689e-01 -7.9069e-01
-1.8167e+00     0.0000e+00  0.0000e+00  0.0000e+00 -0.0000e+00 -0.0000e+00 -0.0000e+00  3.7759e+01  6.8578e-01  7.8188e-01 -3.7778e+01 -6.8689e-01 -7.9069e-01
-1.8083e+00     0.0000e+00  0.0000e+00  0.0000e+00 -0.0000e+00 -0.0000e+00 -0.0000e+00  3.7759e+01  6.8578e-01  7.8188e-01 -3.7778e+01 -6.8689e-01 -7.9069e-01
-1.8000e+00     0.0000e+00  0.0000e+00  0.0000e+00 -0.0000e+00 -0.0000e+00 -0.0000e+00  3.7759e+01  6.8578e-01  7.8188e-01 -3.7778e+01 -6.8689e-01 -7.9069e-01
-1.7917e+00     0.0000e+00  0.0000e+00  0.0000e+00 -0.0000e+00 -0.0000e+00 -0.0000e+00  3.7759e+01  6.8578e-01  7.8188e-01 -3.7778e+01 -6.8689e-01 -7.9069e-01
-1.7833e+00     0.0000e+00  0.0000e+00  0.0000e+00 -0.0000e+00 -0.0000e+00 -0.0000e+00  3.7759e+01  6.8578e-01  7.8188e-01 -3.7778e+01 -6.8689e-01 -7.9069e-01
-1.7750e+00     0.0000e+00  0.0000e+00  0.0000e+00 -0.0000e+00 -0.0000e+00 -0.0000e+00  3.7759e+01  6.8578e-01  7.8188e-01 -3.7778e+01 -6.8689e-01 -7.9069e-01
-1.7667e+00     0.0000e+00  0.0000e+00  0.0000e+00 -0.0000e+00 -0.0000e+00 -0.0000e+00  3.7759e+01  6.8578e-01  7.8188e-01 -3.7778e+01 -6.8689e-01 -7.9069e-01
-1.7583e+00     0.0000e+00  0.0000e+00  0.0000e+00 -0.0000e+00 -0.0000e+00 -0.0000e+00  3.7759e+01  6.8578e-01  7.8188e-01 -3.7778e+01 -6.8689e-01 -7.9069e-01
-1.7500e+00     0.0000e+00  0.0000e+00  0.0000e+00 -0.0000e+00 -0.0000e+00 -0.0000e+00  3.7759e+01  6.8578e-01  7.8188e-01 -3.7778e+01 -6.8689e-01 -7.9069e-01
-1.7417e+00     0.0000e+00  0.0000e+00  0.0000e+00 -0.0000e+00 -0.0000e+00 -0.0000e+00  3.7759e+01  6.8578e-01  7.8188e-01 -3.7778e+01 -6.8689e-01 -7.9069e-01
-1.7333e+00     1.5534e+00  1.0650e-02  1.8416e-03 -1.5582e+00 -1.0678e-02 -1.8489e-03  3.7765e+01  6.8582e-01  7.8189e-01 -3.7784e+01 -6.8693e-01 -7.9069e-01
-1.7250e+00     7.4467e+00  5.2077e-02  9.2768e-03 -7.4493e+00 -5.2068e-02 -9.2892e-03  3.7803e+01  6.8608e-01  7.8193e-01 -3.7822e+01 -6.8719e-01 -7.9074e-01
-1.7167e+00     9.3657e+00  6.2595e-02  1.2283e-02 -9.3686e+00 -6.2647e-02 -1.2297e-02  3.7873e+01  6.8656e-01  7.8202e-01 -3.7892e+01 -6.8767e-01 -7.9083e-01
-1.7083e+00     1.1790e+01  1.2773e-01  1.4771e-02 -1.1795e+01 -1.2776e-01 -1.4792e-02  3.7961e+01  6.8735e-01  7.8214e-01 -3.7980e+01 -6.8846e-01 -7.9094e-01
-1.7000e+00     2.0712e+01  2.2945e-01  2.6385e-02 -2.0723e+01 -2.2953e-01 -2.6426e-02  3.8096e+01  6.8884e-01  7.8231e-01 -3.8115e+01 -6.8995e-01 -7.9111e-01
-1.6917e+00     5.5732e+01  8.7165e-01  6.4328e-02 -5.5747e+01 -8.7165e-01 -6.4404e-02  3.8414e+01  6.9342e-01  7.8268e-01 -3.8433e+01 -6.9453e-01 -7.9149e-01
-1.6833e+00     1.4570e+01  1.0014e-01  2.4048e-02 -1.4562e+01 -1.0003e-01 -2.4062e-02  3.8706e+01  6.9746e-01  7.8305e-01 -3.8726e+01 -6.9857e-01 -7.9186e-01
-1.6750e+00     7.6408e+00  3.1076e-02  1.2894e-02 -7.6369e+00 -3.1042e-02 -1.2902e-02  3.8799e+01  6.9800e-01  7.8321e-01 -3.8818e+01 -6.9911e-01 -7.9201e-01
-1.6667e+00     0.0000e+00  0.0000e+00  0.0000e+00 -0.0000e+00 -0.0000e+00 -0.0000e+00  3.8830e+01  6.9813e-01  7.8326e-01 -3.8850e+01 -6.9924e-01 -7.9207e-01
-1.6583e+00     2.2000e-01  3.4898e-04  1.9197e-04 -2.2040e-01 -3.4950e-04 -1.9256e-04  3.8831e+01  6.9813e-01  7.8326e-01 -3.8851e+01 -6.9925e-01 -7.9207e-01
-1.6500e+00     1.5404e+00  2.3848e-03  1.3911e-03 -1.5410e+00 -2.3850e-03 -1.3935e-03  3.8839e+01  6.9815e-01  7.8327e-01 -3.8858e+01 -6.9926e-01 -7.9207e-01
-1.6417e+00     3.1060e+00  4.7126e-03  2.8899e-03 -3.1070e+00 -4.7126e-03 -2.8944e-03  3.8858e+01  6.9818e-01  7.8328e-01 -3.8877e+01 -6.9929e-01 -7.9209e-01
-1.6333e+00     4.6348e+00  6.5912e-03  4.4369e-03 -4.6355e+00 -6.5904e-03 -4.4432e-03  3.8890e+01  6.9822e-01  7.8331e-01 -3.8909e+01 -6.9933e-01 -7.9212e-01
-1.6250e+00     6.0460e+00  7.9564e-03  5.3929e-03 -6.0484e+00 -7.9576e-03 -5.4007e-03  3.8935e+01  6.9828e-01  7.8336e-01 -3.8954e+01 -6.9939e-01 -7.9216e-01
-1.6167e+00     1.4122e+01  1.5271e-02  1.0820e-02 -1.4133e+01 -1.5279e-02 -1.0839e-02  3.9018e+01  6.9838e-01  7.8342e-01 -3.9038e+01 -6.9949e-01 -7.9223e-01
-1.6083e+00     1.1638e+01  1.3320e-02  8.3666e-03 -1.1637e+01 -1.3317e-02 -8.3740e-03  3.9126e+01  6.9850e-01  7.8350e-01 -3.9145e+01 -6.9961e-01 -7.9231e-01
-1.6000e+00     1.0059e+01  1.1975e-02  7.0851e-03 -1.0058e+01 -1.1972e-02 -7.0915e-03  3.9216e+01  6.9860e-01  7.8357e-01 -3.9235e+01 -6.9971e-01 -7.9238e-01
-1.5917e+00     8.1625e+00  1.0025e-02  5.8810e-03 -8.1616e+00 -1.0022e-02 -5.8868e-03  3.9292e+01  6.9870e-01  7.8362e-01 -3.9311e+01 -6.9981e-01 -7.9243e-01
-1.5833e+00     7.6207e+00  9.6936e-03  5.5639e-03 -7.6203e+00 -9.6910e-03 -5.5699e-03  3.9357e+01  6.9878e-01  7.8367e-01 -3.9377e+01 -6.9989e-01 -7.9248e-01
-1.5750e+00     7.4668e+00  9.7599e-03  4.7227e-03 -7.4666e+00 -9.7574e-03 -4.7274e-03  3.9420e+01  6.9886e-01  7.8371e-01 -3.9440e+01 -6.9997e-01 -7.9252e-01
-1.5667e+00     7.6436e+00  1.0230e-02  4.1153e-03 -7.6437e+00 -1.0228e-02 -4.1194e-03  3.9483e+01  6.9894e-01  7.8375e-01 -3.9502e+01 -7.0005e-01 -7.9256e-01
-1.5583e+00     8.1221e+00  9.8505e-03  3.9217e-03 -8.1224e+00 -9.8481e-03 -3.9256e-03  3.9549e+01  6.9902e-01  7.8378e-01 -3.9568e+01 -7.0014e-01 -7.9259e-01
-1.5500e+00     9.1146e+00  9.1954e-03  3.8861e-03 -9.1153e+00 -9.1929e-03 -3.8898e-03  3.9620e+01  6.9910e-01  7.8381e-01 -3.9640e+01 -7.0021e-01 -7.9262e-01
-1.5417e+00     9.2870e+00  9.6557e-03  3.8852e-03 -9.2867e+00 -9.6537e-03 -3.8887e-03  3.9697e+01  6.9918e-01  7.8385e-01 -3.9716e+01 -7.0029e-01 -7.9265e-01
-1.5333e+00     9.4264e+00  1.0732e-02  3.9944e-03 -9.4267e+00 -1.0730e-02 -3.9981e-03  3.9775e+01  6.9927e-01  7.8388e-01 -3.9794e+01 -7.0038e-01 -7.9269e-01
-1.5250e+00     9.2907e+00  1.0453e-02  3.7418e-03 -9.2899e+00 -1.0450e-02 -3.7448e-03  3.9852e+01  6.9936e-01  7.8391e-01 -3.9872e+01 -7.0047e-01 -7.9272e-01
-1.5167e+00     9.1246e+00  1.0236e-02  3.3624e-03 -9.1262e+00 -1.0237e-02 -3.3659e-03  3.9929e+01  6.9944e-01  7.8394e-01 -3.9949e+01 -7.0055e-01 -7.9275e-01
-1.5083e+00     1.5102e+01  1.9744e-02  5.6376e-03 -1.5093e+01 -1.9725e-02 -5.6392e-03  4.0030e+01  6.9957e-01  7.8398e-01 -4.0049e+01 -7.0068e-01 -7.9279e-01
-1.5000e+00     6.0279e+00  5.9323e-03  1.9117e-03 -6.0272e+00 -5.9300e-03 -1.9132e-03  4.0118e+01  6.9967e-01  7.8401e-01 -4.0137e+01 -7.0078e-01 -7.9282e-01
-1.4917e+00     5.3259e+00  5.0747e-03  1.5290e-03 -5.3264e+00 -5.0747e-03 -1.5304e-03  4.0165e+01  6.9972e-01  7.8402e-01 -4.0184e+01 -7.0083e-01 -7.9283e-01
-1.4833e+00     7.3750e+00  8.6716e-03  2.0552e-03 -7.3764e+00 -8.6723e-03 -2.0571e-03  4.0218e+01  6.9978e-01  7.8404e-01 -4.0237e+01 -7.0089e-01 -7.9285e-01
-1.4750e+00     1.0626e+01  1.2670e-02  3.1936e-03 -1.0628e+01 -1.2670e-02 -3.1968e-03  4.0293e+01  6.9986e-01  7.8406e-01 -4.0312e+01 -7.0098e-01 -7.9287e-01
-1.4667e+00     1.1300e+01  1.3573e-02  3.5176e-03 -1.1298e+01 -1.3568e-02 -3.5197e-03  4.0384e+01  6.9997e-01  7.8409e-01 -4.0403e+01 -7.0108e-01 -7.9290e-01
-1.4583e+00     9.2199e+00  1.0089e-02  3.0261e-03 -9.2193e+00 -1.0086e-02 -3.0286e-03  4.0469e+01  7.0007e-01  7.8412e-01 -4.0489e+01 -7.0118e-01 -7.9292e-01
-1.4500e+00     8.3381e+00  9.8197e-03  2.9754e-03 -8.3385e+00 -9.8184e-03 -2.9781e-03  4.0542e+01  7.0016e-01  7.8414e-01 -4.0562e+01 -7.0127e-01 -7.9295e-01
-1.4417e+00     1.1236e+01  1.1368e-02  3.8399e-03 -1.1239e+01 -1.1367e-02 -3.8439e-03  4.0624e+01  7.0024e-01  7.8417e-01 -4.0643e+01 -7.0135e-01 -7.9298e-01
-1.4333e+00     1.5105e+01  1.3105e-02  4.9004e-03 -1.5105e+01 -1.3103e-02 -4.9046e-03  4.0733e+01  7.0035e-01  7.8421e-01 -4.0753e+01 -7.0146e-01 -7.9301e-01
-1.4250e+00     6.2983e+00  5.9115e-03  1.7037e-03 -6.2984e+00 -5.9106e-03 -1.7050e-03  4.0822e+01  7.0042e-01  7.8423e-01 -4.0842e+01 -7.0153e-01 -7.9304e-01
-1.4167e+00     7.1359e+00  7.8837e-03  2.0989e-03 -7.1367e+00 -7.8844e-03 -2.1009e-03  4.0878e+01  7.0048e-01  7.8425e-01 -4.0898e+01 -7.0159e-01 -7.9306e-01
-1.4083e+00     8.6753e+00  1.0858e-02  2.8119e-03 -8.6766e+00 -1.0858e-02 -2.8145e-03  4.0944e+01  7.0056e-01  7.8427e-01 -4.0963e+01 -7.0167e-01 -7.9308e-01
-1.4000e+00     1.2543e+01  1.5923e-02  3.9173e-03 -1.2546e+01 -1.5924e-02 -3.9209e-03  4.1032e+01  7.0067e-01  7.8430e-01 -4.1052e+01 -7.0178e-01 -7.9311e-01
-1.3917e+00     2.1516e+01  2.7322e-02  6.4808e-03 -2.1519e+01 -2.7323e-02 -6.4867e-03  4.1174e+01  7.0085e-01  7.8434e-01 -4.1193e+01 -7.0196e-01 -7.9315e-01
-1.3833e+00     2.5193e+01  3.3178e-02  7.6147e-03 -2.5196e+01 -3.3179e-02 -7.6212e-03  4.1368e+01  7.0110e-01  7.8440e-01 -4.1388e+01 -7.0221e-01 -7.9321e-01
-1.3750e+00     2.1651e+01  2.8705e-02  6.3592e-03 -2.1645e+01 -2.8692e-02 -6.3628e-03  4.1563e+01  7.0136e-01  7.8446e-01 -4.1583e+01 -7.0247e-01 -7.9327e-01
-1.3667e+00     1.4669e+01  1.9359e-02  4.2259e-03 -1.4670e+01 -1.9355e-02 -4.2295e-03  4.1714e+01  7.0156e-01  7.8450e-01 -4.1734e+01 -7.0267e-01 -7.9331e-01
-1.3583e+00     1.1923e+01  1.5146e-02  3.2743e-03 -1.1924e+01 -1.5144e-02 -3.2771e-03  4.1825e+01  7.0170e-01  7.8453e-01 -4.1844e+01 -7.0281e-01 -7.9334e-01
-1.3500e+00     1.5511e+01  1.7573e-02  4.0859e-03 -1.5511e+01 -1.7570e-02 -4.0887e-03  4.1939e+01  7.0184e-01  7.8456e-01 -4.1958e+01 -7.0295e-01 -7.9337e-01
-1.3417e+00     1.8751e+01  2.0151e-02  4.8238e-03 -1.8750e+01 -2.0147e-02 -4.8265e-03  4.2081e+01  7.0200e-01  7.8460e-01 -4.2101e+01 -7.0311e-01 -7.9341e-01
-1.3333e+00     1.1126e+01  1.1914e-02  2.7219e-03 -1.1122e+01 -1.1907e-02 -2.7227e-03  4.2206e+01  7.0213e-01  7.8463e-01 -4.2225e+01 -7.0324e-01 -7.9344e-01
-1.3250e+00     8.8998e+00  8.4363e-03  2.0308e-03 -8.9001e+00 -8.4346e-03 -2.0321e-03  4.2289e+01  7.0221e-01  7.8465e-01 -4.2308e+01 -7.0332e-01 -7.9346e-01
-1.3167e+00     1.0150e+01  9.1008e-03  1.9892e-03 -1.0151e+01 -9.0990e-03 -1.9904e-03  4.2368e+01  7.0229e-01  7.8467e-01 -4.2388e+01 -7.0340e-01 -7.9348e-01
-1.3083e+00     1.0859e+01  8.9405e-03  1.8818e-03 -1.0859e+01 -8.9385e-03 -1.8829e-03  4.2456e+01  7.0236e-01  7.8468e-01 -4.2475e+01 -7.0347e-01 -7.9349e-01
-1.3000e+00     8.4302e+00  6.3190e-03  1.5865e-03 -8.4258e+00 -6.3146e-03 -1.5870e-03  4.2536e+01  7.0243e-01  7.8470e-01 -4.2555e+01 -7.0354e-01 -7.9351e-01
-1.2917e+00     9.2688e+00  7.1688e-03  1.8297e-03 -9.2690e+00 -7.1678e-03 -1.8308e-03  4.2609e+01  7.0248e-01  7.8471e-01 -4.2629e+01 -7.0359e-01 -7.9352e-01
-1.2833e+00     1.1196e+01  8.0912e-03  2.1376e-03 -1.1196e+01 -8.0902e-03 -2.1390e-03  4.2695e+01  7.0255e-01  7.8473e-01 -4.2714e+01 -7.0366e-01 -7.9354e-01
-1.2750e+00     1.3652e+01  9.1762e-03  2.5242e-03 -1.3652e+01 -9.1750e-03 -2.5259e-03  4.2798e+01  7.0262e-01  7.8475e-01 -4.2817e+01 -7.0373e-01 -7.9356e-01
-1.2667e+00     1.3003e+01  8.9719e-03  2.4580e-03 -1.3003e+01 -8.9704e-03 -2.4596e-03  4.2909e+01  7.0269e-01  7.8477e-01 -4.2928e+01 -7.0380e-01 -7.9358e-01
-1.2583e+00     1.1169e+01  8.1875e-03  2.2355e-03 -1.1168e+01 -8.1862e-03 -2.2370e-03  4.3009e+01  7.0276e-01  7.8479e-01 -4.3029e+01 -7.0387e-01 -7.9360e-01
-1.2500e+00     8.1406e+00  6.6973e-03  1.8750e-03 -8.1399e+00 -6.6961e-03 -1.8762e-03  4.3090e+01  7.0283e-01  7.8481e-01 -4.3109e+01 -7.0394e-01 -7.9362e-01
-1.2417e+00     7.3279e+00  6.5010e-03  1.7849e-03 -7.3281e+00 -6.5005e-03 -1.7861e-03  4.3154e+01  7.0288e-01  7.8482e-01 -4.3173e+01 -7.0399e-01 -7.9363e-01
-1.2333e+00     8.0284e+00  7.5739e-03  1.9248e-03 -8.0287e+00 -7.5737e-03 -1.9261e-03  4.3218e+01  7.0294e-01  7.8484e-01 -4.3237e+01 -7.0405e-01 -7.9365e-01
-1.2250e+00     8.9089e+00  8.9068e-03  2.0820e-03 -8.9092e+00 -8.9064e-03 -2.0833e-03  4.3288e+01  7.0301e-01  7.8485e-01 -4.3308e+01 -7.0412e-01 -7.9366e-01
-1.2167e+00     1.0003e+01  1.0394e-02  2.2517e-03 -1.0003e+01 -1.0394e-02 -2.2530e-03  4.3367e+01  7.0309e-01  7.8487e-01 -4.3386e+01 -7.0420e-01 -7.9368e-01
-1.2083e+00     1.3504e+01  1.3480e-02  2.8991e-03 -1.3505e+01 -1.3480e-02 -2.9011e-03  4.3465e+01  7.0319e-01  7.8489e-01 -4.3484e+01 -7.0430e-01 -7.9370e-01
-1.2000e+00     1.7657e+01  1.7933e-02  3.4513e-03 -1.7658e+01 -1.7932e-02 -3.4535e-03  4.3594e+01  7.0332e-01  7.8492e-01 -4.3614e+01 -7.0443e-01 -7.9373e-01
-1.1917e+00     1.9253e+01  2.0570e-02  3.1823e-03 -1.9253e+01 -2.0569e-02 -3.1842e-03  4.3748e+01  7.0348e-01  7.8495e-01 -4.3767e+01 -7.0459e-01 -7.9376e-01
-1.1833e+00     1.2633e+01  1.3035e-02  2.3763e-03 -1.2632e+01 -1.3033e-02 -2.3777e-03  4.3881e+01  7.0362e-01  7.8497e-01 -4.3900e+01 -7.0473e-01 -7.9378e-01
-1.1750e+00     1.2368e+01  1.3239e-02  2.3371e-03 -1.2368e+01 -1.3238e-02 -2.3385e-03  4.3985e+01  7.0373e-01  7.8499e-01 -4.4004e+01 -7.0484e-01 -7.9380e-01
-1.1667e+00     1.2363e+01  1.3747e-02  2.3405e-03 -1.2363e+01 -1.3746e-02 -2.3419e-03  4.4088e+01  7.0384e-01  7.8501e-01 -4.4107e+01 -7.0495e-01 -7.9382e-01
-1.1583e+00     1.2945e+01  1.5005e-02  2.4845e-03 -1.2945e+01 -1.5005e-02 -2.4860e-03  4.4193e+01  7.0396e-01  7.8503e-01 -4.4212e+01 -7.0507e-01 -7.9384e-01
-1.1500e+00     1.3704e+01  1.6457e-02  2.6572e-03 -1.3705e+01 -1.6456e-02 -2.6587e-03  4.4304e+01  7.0409e-01  7.8505e-01 -4.4323e+01 -7.0520e-01 -7.9386e-01
-1.1417e+00     1.5418e+01  1.9736e-02  3.3316e-03 -1.5418e+01 -1.9735e-02 -3.3334e-03  4.4425e+01  7.0424e-01  7.8508e-01 -4.4444e+01 -7.0535e-01 -7.9388e-01
-1.1333e+00     1.4418e+01  2.0652e-02  3.2760e-03 -1.4418e+01 -2.0651e-02 -3.2778e-03  4.4549e+01  7.0441e-01  7.8510e-01 -4.4568e+01 -7.0552e-01 -7.9391e-01
-1.1250e+00     1.4348e+01  2.1474e-02  3.4766e-03 -1.4348e+01 -2.1472e-02 -3.4785e-03  4.4669e+01  7.0458e-01  7.8513e-01 -4.4688e+01 -7.0569e-01 -7.9394e-01
-1.1167e+00     1.3408e+01  2.2049e-02  3.5707e-03 -1.3408e+01 -2.2047e-02 -3.5726e-03  4.4784e+01  7.0477e-01  7.8516e-01 -4.4803e+01 -7.0587e-01 -7.9397e-01
-1.1083e+00     1.2612e+01  2.1703e-02  3.5676e-03 -1.2611e+01 -2.1701e-02 -3.5695e-03  4.4892e+01  7.0495e-01  7.8519e-01 -4.4912e+01 -7.0606e-01 -7.9400e-01
-1.1000e+00     1.2325e+01  2.1318e-02  3.5956e-03 -1.2325e+01 -2.1317e-02 -3.5975e-03  4.4996e+01  7.0513e-01  7.8522e-01 -4.5015e+01 -7.0624e-01 -7.9403e-01
-1.0917e+00     1.4029e+01  2.2606e-02  3.8667e-03 -1.4030e+01 -2.2606e-02 -3.8688e-03  4.5106e+01  7.0531e-01  7.8525e-01 -4.5125e+01 -7.0642e-01 -7.9406e-01
-1.0833e+00     1.8597e+01  2.6566e-02  4.6095e-03 -1.8599e+01 -2.6567e-02 -4.6122e-03  4.5241e+01  7.0551e-01  7.8529e-01 -4.5261e+01 -7.0662e-01 -7.9410e-01
-1.0750e+00     1.7550e+01  2.5341e-02  4.4459e-03 -1.7550e+01 -2.5340e-02 -4.4480e-03  4.5392e+01  7.0573e-01  7.8532e-01 -4.5411e+01 -7.0684e-01 -7.9413e-01
-1.0667e+00     1.6809e+01  2.6067e-02  4.4526e-03 -1.6808e+01 -2.6066e-02 -4.4547e-03  4.5535e+01  7.0594e-01  7.8536e-01 -4.5554e+01 -7.0705e-01 -7.9417e-01
-1.0583e+00     1.5401e+01  2.6510e-02  4.2882e-03 -1.5401e+01 -2.6509e-02 -4.2902e-03  4.5669e+01  7.0616e-01  7.8540e-01 -4.5688e+01 -7.0727e-01 -7.9421e-01
-1.0500e+00     1.5306e+01  2.7230e-02  4.1246e-03 -1.5307e+01 -2.7229e-02 -4.1266e-03  4.5796e+01  7.0639e-01  7.8543e-01 -4.5816e+01 -7.0750e-01 -7.9424e-01
-1.0417e+00     1.6302e+01  2.8499e-02  4.0609e-03 -1.6304e+01 -2.8500e-02 -4.0633e-03  4.5928e+01  7.0662e-01  7.8547e-01 -4.5947e+01 -7.0773e-01 -7.9428e-01
-1.0333e+00     1.7604e+01  3.1113e-02  4.5013e-03 -1.7604e+01 -3.1111e-02 -4.5034e-03  4.6069e+01  7.0687e-01  7.8550e-01 -4.6088e+01 -7.0797e-01 -7.9431e-01
-1.0250e+00     1.6458e+01  2.8976e-02  4.3467e-03 -1.6457e+01 -2.8973e-02 -4.3487e-03  4.6211e+01  7.0712e-01  7.8554e-01 -4.6230e+01 -7.0822e-01 -7.9435e-01
-1.0167e+00     1.4806e+01  2.5699e-02  3.8631e-03 -1.4806e+01 -2.5697e-02 -3.8648e-03  4.6341e+01  7.0734e-01  7.8557e-01 -4.6360e+01 -7.0845e-01 -7.9438e-01
-1.0083e+00     1.4570e+01  2.5503e-02  3.8379e-03 -1.4570e+01 -2.5502e-02 -3.8398e-03  4.6463e+01  7.0756e-01  7.8560e-01 -4.6482e+01 -7.0867e-01 -7.9441e-01
-1.0000e+00     1.5969e+01  2.8549e-02  4.2701e-03 -1.5970e+01 -2.8549e-02 -4.2723e-03  4.6590e+01  7.0778e-01  7.8564e-01 -4.6609e+01 -7.0889e-01 -7.9445e-01
-9.9167e-01     2.0978e+01  3.8979e-02  5.7432e-03 -2.0981e+01 -3.8984e-02 -5.7468e-03  4.6744e+01  7.0806e-01  7.8568e-01 -4.6763e+01 -7.0917e-01 -7.9449e-01
-9.8333e-01     1.8525e+01  3.5181e-02  5.1781e-03 -1.8523e+01 -3.5173e-02 -5.1796e-03  4.6908e+01  7.0837e-01  7.8573e-01 -4.6927e+01 -7.0948e-01 -7.9454e-01
-9.7500e-01     1.5643e+01  2.9864e-02  4.2929e-03 -1.5642e+01 -2.9860e-02 -4.2944e-03  4.7050e+01  7.0864e-01  7.8577e-01 -4.7069e+01 -7.0975e-01 -7.9457e-01
-9.6667e-01     1.3713e+01  2.6950e-02  3.8596e-03 -1.3712e+01 -2.6948e-02 -3.8611e-03  4.7172e+01  7.0888e-01  7.8580e-01 -4.7191e+01 -7.0999e-01 -7.9461e-01
-9.5833e-01     1.2950e+01  2.6703e-02  3.6940e-03 -1.2950e+01 -2.6701e-02 -3.6954e-03  4.7283e+01  7.0910e-01  7.8583e-01 -4.7302e+01 -7.1021e-01 -7.9464e-01
-9.5000e-01     1.3417e+01  2.8370e-02  3.7728e-03 -1.3417e+01 -2.8369e-02 -3.7744e-03  4.7393e+01  7.0933e-01  7.8586e-01 -4.7412e+01 -7.1044e-01 -7.9467e-01
-9.4167e-01     1.4377e+01  3.0332e-02  3.8753e-03 -1.4377e+01 -3.0331e-02 -3.8768e-03  4.7508e+01  7.0957e-01  7.8589e-01 -4.7528e+01 -7.1068e-01 -7.9470e-01
-9.3333e-01     1.5226e+01  3.1849e-02  3.7864e-03 -1.5226e+01 -3.1847e-02 -3.7879e-03  4.7631e+01  7.0983e-01  7.8593e-01 -4.7651e+01 -7.1094e-01 -7.9473e-01
-9.2500e-01     1.6202e+01  3.3616e-02  3.7518e-03 -1.6203e+01 -3.3615e-02 -3.7533e-03  4.7762e+01  7.1010e-01  7.8596e-01 -4.7782e+01 -7.1121e-01 -7.9477e-01
-9.1667e-01     1.7311e+01  3.6561e-02  3.8148e-03 -1.7311e+01 -3.6558e-02 -3.8160e-03  4.7902e+01  7.1040e-01  7.8599e-01 -4.7921e+01 -7.1151e-01 -7.9480e-01
-9.0833e-01     1.7795e+01  3.6539e-02  3.8389e-03 -1.7796e+01 -3.6538e-02 -3.8404e-03  4.8048e+01  7.1070e-01  7.8602e-01 -4.8067e+01 -7.1181e-01 -7.9483e-01
-9.0000e-01     1.8426e+01  3.7377e-02  3.9360e-03 -1.8425e+01 -3.7374e-02 -3.9372e-03  4.8198e+01  7.1101e-01  7.8605e-01 -4.8218e+01 -7.1212e-01 -7.9486e-01
-8.9167e-01     1.6024e+01  3.5737e-02  3.8253e-03 -1.6022e+01 -3.5734e-02 -3.8264e-03  4.8342e+01  7.1131e-01  7.8608e-01 -4.8361e+01 -7.1242e-01 -7.9489e-01
-8.8333e-01     1.5878e+01  3.7718e-02  4.1848e-03 -1.5881e+01 -3.7721e-02 -4.1867e-03  4.8474e+01  7.1162e-01  7.8612e-01 -4.8494e+01 -7.1273e-01 -7.9493e-01
-8.7500e-01     1.6718e+01  3.8738e-02  4.3118e-03 -1.6717e+01 -3.8735e-02 -4.3129e-03  4.8610e+01  7.1194e-01  7.8615e-01 -4.8629e+01 -7.1304e-01 -7.9496e-01
-8.6667e-01     2.0873e+01  4.2813e-02  5.5675e-03 -2.0867e+01 -4.2804e-02 -5.5679e-03  4.8766e+01  7.1227e-01  7.8619e-01 -4.8786e+01 -7.1338e-01 -7.9500e-01
-8.5833e-01     2.0766e+01  5.2911e-02  6.5278e-03 -2.0766e+01 -5.2910e-02 -6.5298e-03  4.8939e+01  7.1267e-01  7.8624e-01 -4.8959e+01 -7.1378e-01 -7.9505e-01
-8.5000e-01     2.0807e+01  5.3623e-02  6.3879e-03 -2.0807e+01 -5.3623e-02 -6.3898e-03  4.9112e+01  7.1312e-01  7.8630e-01 -4.9132e+01 -7.1423e-01 -7.9511e-01
-8.4167e-01     2.1647e+01  5.5768e-02  6.4605e-03 -2.1647e+01 -5.5768e-02 -6.4624e-03  4.9289e+01  7.1357e-01  7.8635e-01 -4.9308e+01 -7.1468e-01 -7.9516e-01
-8.3333e-01     2.3998e+01  6.2653e-02  7.7060e-03 -2.3999e+01 -6.2657e-02 -7.7092e-03  4.9479e+01  7.1406e-01  7.8641e-01 -4.9498e+01 -7.1517e-01 -7.9522e-01
-8.2500e-01     1.5138e+01  4.0817e-02  4.9981e-03 -1.5137e+01 -4.0811e-02 -4.9992e-03  4.9642e+01  7.1449e-01  7.8646e-01 -4.9661e+01 -7.1560e-01 -7.9527e-01
-8.1667e-01     1.2568e+01  3.3550e-02  4.2223e-03 -1.2568e+01 -3.3548e-02 -4.2235e-03  4.9757e+01  7.1480e-01  7.8650e-01 -4.9776e+01 -7.1591e-01 -7.9531e-01
-8.0833e-01     1.3023e+01  3.4514e-02  4.3049e-03 -1.3023e+01 -3.4514e-02 -4.3064e-03  4.9863e+01  7.1509e-01  7.8654e-01 -4.9883e+01 -7.1620e-01 -7.9535e-01
-8.0000e-01     1.7485e+01  4.4039e-02  5.2206e-03 -1.7489e+01 -4.4045e-02 -5.2228e-03  4.9990e+01  7.1541e-01  7.8658e-01 -5.0010e+01 -7.1652e-01 -7.9539e-01
-7.9167e-01     1.4913e+01  3.5804e-02  4.6087e-03 -1.4913e+01 -3.5802e-02 -4.6101e-03  5.0125e+01  7.1575e-01  7.8662e-01 -5.0144e+01 -7.1685e-01 -7.9543e-01
-7.8333e-01     1.4309e+01  3.2351e-02  4.4464e-03 -1.4308e+01 -3.2349e-02 -4.4477e-03  5.0247e+01  7.1603e-01  7.8666e-01 -5.0266e+01 -7.1714e-01 -7.9547e-01
-7.7500e-01     1.4558e+01  3.1685e-02  4.5781e-03 -1.4559e+01 -3.1688e-02 -4.5800e-03  5.0367e+01  7.1630e-01  7.8669e-01 -5.0386e+01 -7.1740e-01 -7.9550e-01
-7.6667e-01     2.0399e+01  4.7114e-02  6.5613e-03 -2.0401e+01 -4.7119e-02 -6.5639e-03  5.0512e+01  7.1662e-01  7.8674e-01 -5.0531e+01 -7.1773e-01 -7.9555e-01
-7.5833e-01     2.2692e+01  5.6116e-02  7.5307e-03 -2.2692e+01 -5.6116e-02 -7.5327e-03  5.0691e+01  7.1705e-01  7.8680e-01 -5.0711e+01 -7.1816e-01 -7.9561e-01
-7.5000e-01     2.2891e+01  6.0274e-02  7.9061e-03 -2.2891e+01 -6.0273e-02 -7.9081e-03  5.0881e+01  7.1754e-01  7.8686e-01 -5.0900e+01 -7.1865e-01 -7.9567e-01
-7.4167e-01     2.5483e+01  7.7593e-02  8.8989e-03 -2.5491e+01 -7.7632e-02 -8.9041e-03  5.1082e+01  7.1811e-01  7.8693e-01 -5.1102e+01 -7.1922e-01 -7.9574e-01
-7.3333e-01     1.5919e+01  3.8976e-02  5.5985e-03 -1.5919e+01 -3.8975e-02 -5.6000e-03  5.1254e+01  7.1859e-01  7.8699e-01 -5.1274e+01 -7.1970e-01 -7.9580e-01
-7.2500e-01     1.5827e+01  3.8790e-02  5.5816e-03 -1.5827e+01 -3.8790e-02 -5.5833e-03  5.1386e+01  7.1892e-01  7.8704e-01 -5.1406e+01 -7.2003e-01 -7.9585e-01
-7.1667e-01     1.7778e+01  4.2243e-02  6.2563e-03 -1.7779e+01 -4.2244e-02 -6.2581e-03  5.1526e+01  7.1926e-01  7.8709e-01 -5.1546e+01 -7.2037e-01 -7.9590e-01
-7.0833e-01     1.8144e+01  4.2890e-02  6.1697e-03 -1.8144e+01 -4.2889e-02 -6.1709e-03  5.1676e+01  7.1961e-01  7.8714e-01 -5.1695e+01 -7.2072e-01 -7.9595e-01
-7.0000e-01     1.6263e+01  4.0626e-02  5.5178e-03 -1.6263e+01 -4.0625e-02 -5.5191e-03  5.1819e+01  7.1996e-01  7.8719e-01 -5.1838e+01 -7.2107e-01 -7.9600e-01
-6.9167e-01     1.6883e+01  4.2267e-02  5.4740e-03 -1.6884e+01 -4.2267e-02 -5.4755e-03  5.1957e+01  7.2030e-01  7.8723e-01 -5.1976e+01 -7.2141e-01 -7.9604e-01
-6.8333e-01     1.6294e+01  4.0572e-02  5.5401e-03 -1.6291e+01 -4.0562e-02 -5.5408e-03  5.2095e+01  7.2065e-01  7.8728e-01 -5.2114e+01 -7.2176e-01 -7.9609e-01
-6.7500e-01     1.5417e+01  3.6965e-02  5.3289e-03 -1.5417e+01 -3.6964e-02 -5.3301e-03  5.2227e+01  7.2097e-01  7.8733e-01 -5.2246e+01 -7.2208e-01 -7.9614e-01
-6.6667e-01     1.5921e+01  3.7842e-02  5.5377e-03 -1.5921e+01 -3.7842e-02 -5.5388e-03  5.2357e+01  7.2128e-01  7.8737e-01 -5.2376e+01 -7.2239e-01 -7.9618e-01
-6.5833e-01     1.6828e+01  3.9979e-02  5.9217e-03 -1.6829e+01 -3.9980e-02 -5.9229e-03  5.2493e+01  7.2160e-01  7.8742e-01 -5.2513e+01 -7.2271e-01 -7.9623e-01
-6.5000e-01     1.8633e+01  4.5112e-02  6.7789e-03 -1.8634e+01 -4.5114e-02 -6.7803e-03  5.2641e+01  7.2196e-01  7.8747e-01 -5.2660e+01 -7.2307e-01 -7.9628e-01
-6.4167e-01     2.0474e+01  5.1431e-02  7.8013e-03 -2.0476e+01 -5.1436e-02 -7.8033e-03  5.2803e+01  7.2236e-01  7.8753e-01 -5.2823e+01 -7.2347e-01 -7.9634e-01
-6.3333e-01     2.0794e+01  5.6792e-02  9.7251e-03 -2.0794e+01 -5.6792e-02 -9.7269e-03  5.2975e+01  7.2281e-01  7.8760e-01 -5.2994e+01 -7.2392e-01 -7.9641e-01
-6.2500e-01     1.9039e+01  5.8621e-02  1.0558e-02 -1.9039e+01 -5.8621e-02 -1.0559e-02  5.3141e+01  7.2329e-01  7.8769e-01 -5.3160e+01 -7.2440e-01 -7.9650e-01
-6.1667e-01     1.8133e+01  6.1883e-02  1.1102e-02 -1.8133e+01 -6.1884e-02 -1.1104e-02  5.3295e+01  7.2379e-01  7.8778e-01 -5.3315e+01 -7.2490e-01 -7.9659e-01
-6.0833e-01     1.8535e+01  6.4804e-02  1.1179e-02 -1.8535e+01 -6.4803e-02 -1.1180e-02  5.3448e+01  7.2432e-01  7.8787e-01 -5.3467e+01 -7.2543e-01 -7.9668e-01
-6.0000e-01     1.9522e+01  6.8319e-02  1.1464e-02 -1.9523e+01 -6.8319e-02 -1.1466e-02  5.3606e+01  7.2487e-01  7.8797e-01 -5.3626e+01 -7.2598e-01 -7.9678e-01
-5.9167e-01     2.1389e+01  7.1587e-02  1.1941e-02 -2.1389e+01 -7.1586e-02 -1.1943e-02  5.3776e+01  7.2545e-01  7.8806e-01 -5.3796e+01 -7.2656e-01 -7.9687e-01
-5.8333e-01     2.1546e+01  7.1909e-02  1.1820e-02 -2.1545e+01 -7.1905e-02 -1.1821e-02  5.3955e+01  7.2605e-01  7.8816e-01 -5.3974e+01 -7.2716e-01 -7.9697e-01
-5.7500e-01     1.6265e+01  5.7287e-02  1.0204e-02 -1.6264e+01 -5.7284e-02 -1.0206e-02  5.4112e+01  7.2659e-01  7.8825e-01 -5.4132e+01 -7.2770e-01 -7.9706e-01
-5.6667e-01     1.6391e+01  6.2937e-02  1.1061e-02 -1.6391e+01 -6.2941e-02 -1.1063e-02  5.4248e+01  7.2709e-01  7.8834e-01 -5.4268e+01 -7.2820e-01 -7.9715e-01
-5.5833e-01     1.6996e+01  7.1408e-02  1.2181e-02 -1.6996e+01 -7.1410e-02 -1.2183e-02  5.4387e+01  7.2765e-01  7.8844e-01 -5.4406e+01 -7.2876e-01 -7.9725e-01
-5.5000e-01     1.7191e+01  7.2116e-02  1.1815e-02 -1.7191e+01 -7.2116e-02 -1.1817e-02  5.4529e+01  7.2824e-01  7.8854e-01 -5.4549e+01 -7.2935e-01 -7.9735e-01
-5.4167e-01     1.8915e+01  7.7465e-02  1.3012e-02 -1.8916e+01 -7.7466e-02 -1.3014e-02  5.4679e+01  7.2887e-01  7.8864e-01 -5.4699e+01 -7.2998e-01 -7.9745e-01
-5.3333e-01     2.1651e+01  9.1369e-02  1.5198e-02 -2.1653e+01 -9.1381e-02 -1.5201e-02  5.4848e+01  7.2957e-01  7.8876e-01 -5.4868e+01 -7.3068e-01 -7.9757e-01
-5.2500e-01     2.5026e+01  1.0234e-01  1.6381e-02 -2.5021e+01 -1.0231e-01 -1.6380e-02  5.5042e+01  7.3037e-01  7.8889e-01 -5.5062e+01 -7.3148e-01 -7.9770e-01
-5.1667e-01     2.0817e+01  7.5056e-02  1.4142e-02 -2.0816e+01 -7.5047e-02 -1.4143e-02  5.5233e+01  7.3111e-01  7.8902e-01 -5.5252e+01 -7.3222e-01 -7.9783e-01
-5.0833e-01     1.8919e+01  7.3876e-02  1.3534e-02 -1.8921e+01 -7.3885e-02 -1.3537e-02  5.5398e+01  7.3173e-01  7.8913e-01 -5.5418e+01 -7.3284e-01 -7.9794e-01
-5.0000e-01     2.5615e+01  1.2119e-01  2.1285e-02 -2.5606e+01 -1.2111e-01 -2.1277e-02  5.5583e+01  7.3254e-01  7.8928e-01 -5.5603e+01 -7.3365e-01 -7.9809e-01
-4.9167e-01     1.8491e+01  6.3519e-02  1.3155e-02 -1.8490e+01 -6.3512e-02 -1.3155e-02  5.5767e+01  7.3331e-01  7.8942e-01 -5.5786e+01 -7.3442e-01 -7.9823e-01
-4.8333e-01     1.7701e+01  5.7083e-02  1.2034e-02 -1.7701e+01 -5.7081e-02 -1.2035e-02  5.5917e+01  7.3381e-01  7.8953e-01 -5.5937e+01 -7.3492e-01 -7.9834e-01
-4.7500e-01     1.8574e+01  5.8701e-02  1.2402e-02 -1.8574e+01 -5.8700e-02 -1.2403e-02  5.6068e+01  7.3429e-01  7.8963e-01 -5.6088e+01 -7.3540e-01 -7.9844e-01
-4.6667e-01     1.8264e+01  5.6205e-02  1.1579e-02 -1.8263e+01 -5.6204e-02 -1.1580e-02  5.6222e+01  7.3477e-01  7.8973e-01 -5.6241e+01 -7.3588e-01 -7.9854e-01
-4.5833e-01     2.0740e+01  6.2373e-02  1.2983e-02 -2.0739e+01 -6.2369e-02 -1.2984e-02  5.6384e+01  7.3527e-01  7.8983e-01 -5.6403e+01 -7.3637e-01 -7.9864e-01
-4.5000e-01     1.8329e+01  5.3785e-02  1.1964e-02 -1.8328e+01 -5.3782e-02 -1.1966e-02  5.6546e+01  7.3575e-01  7.8993e-01 -5.6566e+01 -7.3686e-01 -7.9874e-01
-4.4167e-01     1.7659e+01  4.9933e-02  1.1415e-02 -1.7659e+01 -4.9931e-02 -1.1416e-02  5.6696e+01  7.3618e-01  7.9003e-01 -5.6715e+01 -7.3729e-01 -7.9884e-01
-4.3333e-01     1.9286e+01  5.2914e-02  1.1784e-02 -1.9286e+01 -5.2912e-02 -1.1785e-02  5.6850e+01  7.3661e-01  7.9013e-01 -5.6869e+01 -7.3772e-01 -7.9894e-01
-4.2500e-01     2.9304e+01  8.2408e-02  2.0394e-02 -2.9302e+01 -8.2407e-02 -2.0396e-02  5.7052e+01  7.3717e-01  7.9026e-01 -5.7071e+01 -7.3828e-01 -7.9907e-01
-4.1667e-01     2.2616e+01  6.4898e-02  1.5795e-02 -2.2614e+01 -6.4892e-02 -1.5796e-02  5.7268e+01  7.3778e-01  7.9041e-01 -5.7287e+01 -7.3889e-01 -7.9922e-01
-4.0833e-01     1.9773e+01  5.6823e-02  1.4109e-02 -1.9773e+01 -5.6822e-02 -1.4111e-02  5.7444e+01  7.3829e-01  7.9054e-01 -5.7464e+01 -7.3940e-01 -7.9935e-01
-4.0000e-01     1.8806e+01  5.3862e-02  1.3672e-02 -1.8806e+01 -5.3860e-02 -1.3673e-02  5.7605e+01  7.3875e-01  7.9065e-01 -5.7624e+01 -7.3986e-01 -7.9946e-01
-3.9167e-01     2.0088e+01  5.6456e-02  1.5632e-02 -2.0089e+01 -5.6455e-02 -1.5635e-02  5.7766e+01  7.3921e-01  7.9077e-01 -5.7786e+01 -7.4032e-01 -7.9958e-01
-3.8333e-01     2.2076e+01  5.5624e-02  1.8203e-02 -2.2076e+01 -5.5622e-02 -1.8206e-02  5.7942e+01  7.3968e-01  7.9091e-01 -5.7961e+01 -7.4078e-01 -7.9972e-01
-3.7500e-01     3.5645e+01  7.8284e-02  3.0129e-02 -3.5650e+01 -7.8290e-02 -3.0135e-02  5.8182e+01  7.4023e-01  7.9111e-01 -5.8201e+01 -7.4134e-01 -7.9993e-01
-3.6667e-01     2.6573e+01  6.4937e-02  2.3549e-02 -2.6570e+01 -6.4932e-02 -2.3550e-02  5.8441e+01  7.4083e-01  7.9134e-01 -5.8460e+01 -7.4194e-01 -8.0015e-01
-3.5833e-01     2.3988e+01  5.9803e-02  2.2201e-02 -2.3987e+01 -5.9799e-02 -2.2202e-02  5.8651e+01  7.4135e-01  7.9153e-01 -5.8670e+01 -7.4246e-01 -8.0034e-01
-3.5000e-01     2.0073e+01  5.0277e-02  1.9201e-02 -2.0072e+01 -5.0274e-02 -1.9202e-02  5.8834e+01  7.4181e-01  7.9170e-01 -5.8854e+01 -7.4291e-01 -8.0051e-01
-3.4167e-01     1.8083e+01  4.4911e-02  1.7716e-02 -1.8083e+01 -4.4909e-02 -1.7717e-02  5.8993e+01  7.4220e-01  7.9185e-01 -5.9012e+01 -7.4331e-01 -8.0066e-01
-3.3333e-01     1.6421e+01  4.2039e-02  1.6614e-02 -1.6421e+01 -4.2039e-02 -1.6616e-02  5.9137e+01  7.4256e-01  7.9200e-01 -5.9156e+01 -7.4367e-01 -8.0081e-01
-3.2500e-01     1.7498e+01  4.5028e-02  1.8210e-02 -1.7498e+01 -4.5029e-02 -1.8212e-02  5.9278e+01  7.4293e-01  7.9214e-01 -5.9297e+01 -7.4403e-01 -8.0095e-01
-3.1667e-01     1.9067e+01  4.8825e-02  2.0385e-02 -1.9067e+01 -4.8826e-02 -2.0387e-02  5.9430e+01  7.4332e-01  7.9230e-01 -5.9449e+01 -7.4442e-01 -8.0111e-01
-3.0833e-01     2.2118e+01  5.3929e-02  2.4264e-02 -2.2119e+01 -5.3928e-02 -2.4267e-02  5.9601e+01  7.4374e-01  7.9249e-01 -5.9620e+01 -7.4485e-01 -8.0130e-01
-3.0000e-01     2.3229e+01  5.5921e-02  2.6430e-02 -2.3230e+01 -5.5922e-02 -2.6433e-02  5.9790e+01  7.4420e-01  7.9270e-01 -5.9809e+01 -7.4531e-01 -8.0151e-01
-2.9167e-01     2.5009e+01  6.3057e-02  3.1874e-02 -2.5009e+01 -6.3058e-02 -3.1877e-02  5.9990e+01  7.4470e-01  7.9294e-01 -6.0010e+01 -7.4580e-01 -8.0175e-01
-2.8333e-01     2.2222e+01  5.7428e-02  3.1202e-02 -2.2222e+01 -5.7427e-02 -3.1204e-02  6.0187e+01  7.4520e-01  7.9320e-01 -6.0206e+01 -7.4630e-01 -8.0201e-01
-2.7500e-01     2.1038e+01  5.4510e-02  3.0899e-02 -2.1038e+01 -5.4509e-02 -3.0902e-02  6.0367e+01  7.4566e-01  7.9346e-01 -6.0386e+01 -7.4677e-01 -8.0227e-01
-2.6667e-01     2.2318e+01  5.5439e-02  3.1712e-02 -2.2317e+01 -5.5438e-02 -3.1714e-02  6.0547e+01  7.4612e-01  7.9372e-01 -6.0567e+01 -7.4723e-01 -8.0253e-01
-2.5833e-01     1.8710e+01  4.6476e-02  2.6168e-02 -1.8710e+01 -4.6474e-02 -2.6169e-02  6.0718e+01  7.4654e-01  7.9396e-01 -6.0737e+01 -7.4765e-01 -8.0277e-01
-2.5000e-01     1.7033e+01  4.2801e-02  2.3724e-02 -1.7033e+01 -4.2802e-02 -2.3727e-02  6.0867e+01  7.4691e-01  7.9417e-01 -6.0886e+01 -7.4802e-01 -8.0298e-01
-2.4167e-01     1.6821e+01  3.9886e-02  2.3472e-02 -1.6821e+01 -3.9886e-02 -2.3474e-02  6.1007e+01  7.4726e-01  7.9437e-01 -6.1027e+01 -7.4837e-01 -8.0318e-01
-2.3333e-01     2.3668e+01  4.9812e-02  3.5868e-02 -2.3670e+01 -4.9816e-02 -3.5875e-02  6.1176e+01  7.4763e-01  7.9461e-01 -6.1195e+01 -7.4874e-01 -8.0342e-01
-2.2500e-01     2.4181e+01  4.7849e-02  3.9529e-02 -2.4180e+01 -4.7849e-02 -3.9533e-02  6.1375e+01  7.4804e-01  7.9493e-01 -6.1394e+01 -7.4915e-01 -8.0374e-01
-2.1667e-01     2.0965e+01  4.2156e-02  3.6529e-02 -2.0964e+01 -4.2155e-02 -3.6532e-02  6.1563e+01  7.4841e-01  7.9524e-01 -6.1582e+01 -7.4952e-01 -8.0405e-01
-2.0833e-01     1.8533e+01  3.8266e-02  3.3097e-02 -1.8533e+01 -3.8266e-02 -3.3099e-02  6.1727e+01  7.4875e-01  7.9553e-01 -6.1746e+01 -7.4986e-01 -8.0434e-01
-2.0000e-01     1.6730e+01  3.5616e-02  2.9263e-02 -1.6729e+01 -3.5616e-02 -2.9264e-02  6.1874e+01  7.4905e-01  7.9579e-01 -6.1893e+01 -7.5016e-01 -8.0460e-01
-1.9167e-01     1.6043e+01  3.4632e-02  2.6107e-02 -1.6043e+01 -3.4633e-02 -2.6109e-02  6.2010e+01  7.4935e-01  7.9602e-01 -6.2029e+01 -7.5045e-01 -8.0483e-01
-1.8333e-01     1.8684e+01  3.8829e-02  3.1756e-02 -1.8684e+01 -3.8830e-02 -3.1759e-02  6.2154e+01  7.4965e-01  7.9626e-01 -6.2174e+01 -7.5076e-01 -8.0508e-01
-1.7500e-01     2.3571e+01  4.9460e-02  4.5601e-02 -2.3572e+01 -4.9462e-02 -4.5604e-02  6.2330e+01  7.5002e-01  7.9659e-01 -6.2349e+01 -7.5113e-01 -8.0540e-01
-1.6667e-01     1.4675e+01  3.4445e-02  3.0045e-02 -1.4674e+01 -3.4444e-02 -3.0046e-02  6.2489e+01  7.5037e-01  7.9690e-01 -6.2509e+01 -7.5148e-01 -8.0571e-01
-1.5833e-01     1.1389e+01  2.7798e-02  2.3862e-02 -1.1388e+01 -2.7797e-02 -2.3863e-02  6.2598e+01  7.5063e-01  7.9712e-01 -6.2617e+01 -7.5174e-01 -8.0594e-01
-1.5000e-01     8.1248e+00  2.0102e-02  1.6827e-02 -8.1241e+00 -2.0101e-02 -1.6827e-02  6.2679e+01  7.5083e-01  7.9729e-01 -6.2698e+01 -7.5193e-01 -8.0611e-01
-1.4167e-01     6.2790e+00  1.5204e-02  1.3071e-02 -6.2790e+00 -1.5204e-02 -1.3073e-02  6.2739e+01  7.5097e-01  7.9742e-01 -6.2758e+01 -7.5208e-01 -8.0623e-01
-1.3333e-01     5.9744e+00  1.4220e-02  1.2137e-02 -5.9744e+00 -1.4220e-02 -1.2138e-02  6.2790e+01  7.5110e-01  7.9752e-01 -6.2809e+01 -7.5220e-01 -8.0633e-01
-1.2500e-01     5.3102e+00  1.2130e-02  1.1372e-02 -5.3099e+00 -1.2130e-02 -1.1372e-02  6.2837e+01  7.5121e-01  7.9762e-01 -6.2856e+01 -7.5231e-01 -8.0643e-01
-1.1667e-01     3.5285e+00  7.7430e-03  8.5775e-03 -3.5281e+00 -7.7421e-03 -8.5770e-03  6.2873e+01  7.5129e-01  7.9770e-01 -6.2893e+01 -7.5240e-01 -8.0652e-01
-1.0833e-01     1.2959e+00  2.5439e-03  2.9518e-03 -1.2955e+00 -2.5428e-03 -2.9506e-03  6.2893e+01  7.5133e-01  7.9775e-01 -6.2913e+01 -7.5244e-01 -8.0656e-01
-1.0000e-01     1.8923e-01  3.3389e-04  4.1942e-04 -1.8916e-01 -3.3376e-04 -4.1927e-04  6.2900e+01  7.5134e-01  7.9777e-01 -6.2919e+01 -7.5245e-01 -8.0658e-01
-9.1667e-02     0.0000e+00  0.0000e+00  0.0000e+00 -0.0000e+00 -0.0000e+00 -0.0000e+00  6.2900e+01  7.5134e-01  7.9777e-01 -6.2920e+01 -7.5245e-01 -8.0658e-01
-8.3333e-02     0.0000e+00  0.0000e+00  0.0000e+00 -0.0000e+00 -0.0000e+00 -0.0000e+00  6.2900e+01  7.5134e-01  7.9777e-01 -6.2920e+01 -7.5245e-01 -8.0658e-01
-7.5000e-02     0.0000e+00  0.0000e+00  0.0000e+00 -0.0000e+00 -0.0000e+00 -0.0000e+00  6.2900e+01  7.5134e-01  7.9777e-01 -6.2920e+01 -7.5245e-01 -8.0658e-01
-6.6667e-02     0.0000e+00  0.0000e+00  0.0000e+00 -0.0000e+00 -0.0000e+00 -0.0000e+00  6.2900e+01  7.5134e-01  7.9777e-01 -6.2920e+01 -7.5245e-01 -8.0658e-01
-5.8333e-02     0.0000e+00  0.0000e+00  0.0000e+00 -0.0000e+00 -0.0000e+00 -0.0000e+00  6.2900e+01  7.5134e-01  7.9777e-01 -6.2920e+01 -7.5245e-01 -8.0658e-01
-5.0000e-02     0.0000e+00  0.0000e+00  0.0000e+00 -0.0000e+00 -0.0000e+00 -0.0000e+00  6.2900e+01  7.5134e-01  7.9777e-01 -6.2920e+01 -7.5245e-01 -8.0658e-01
-4.1667e-02     0.0000e+00  0.0000e+00  0.0000e+00 -0.0000e+00 -0.0000e+00 -0.0000e+00  6.2900e+01  7.5134e-01  7.9777e-01 -6.2920e+01 -7.5245e-01 -8.0658e-01
-3.3333e-02     0.0000e+00  0.0000e+00  0.0000e+00 -0.0000e+00 -0.0000e+00 -0.0000e+00  6.2900e+01  7.5134e-01  7.9777e-01 -6.2920e+01 -7.5245e-01 -8.0658e-01
-2.5000e-02     0.0000e+00  0.0000e+00  0.0000e+00 -0.0000e+00 -0.0000e+00 -0.0000e+00  6.2900e+01  7.5134e-01  7.9777e-01 -6.2920e+01 -7.5245e-01 -8.0658e-01
-1.6667e-02     0.0000e+00  0.0000e+00  0.0000e+00 -0.0000e+00 -0.0000e+00 -0.0000e+00  6.2900e+01  7.5134e-01  7.9777e-01 -6.2920e+01 -7.5245e-01 -8.0658e-01
-8.3333e-03     0.0000e+00  0.0000e+00  0.0000e+00 -0.0000e+00 -0.0000e+00 -0.0000e+00  6.2900e+01  7.5134e-01  7.9777e-01 -6.2920e+01 -7.5245e-01 -8.0658e-01
