-5.0000e+00     3.2860e+01  1.8933e-01 -3.2860e+01 -1.8933e-01  0.0000e+00  0.0000e+00 -0.0000e+00 -0.0000e+00
-4.9917e+00     2.8388e+01  1.5549e-01 -2.8388e+01 -1.5549e-01  2.5478e-01  1.4343e-03 -2.5478e-01 -1.4343e-03
-4.9833e+00     2.4713e+01  1.2939e-01 -2.4713e+01 -1.2939e-01  4.7566e-01  2.6194e-03 -4.7566e-01 -2.6194e-03
-4.9750e+00     2.4149e+01  1.2858e-01 -2.4149e+01 -1.2858e-01  6.7892e-01  3.6925e-03 -6.7892e-01 -3.6925e-03
-4.9667e+00     2.6425e+01  1.3928e-01 -2.6425e+01 -1.3928e-01  8.8929e-01  4.8067e-03 -8.8929e-01 -4.8067e-03
-4.9583e+00     2.5878e+01  1.4269e-01 -2.5878e+01 -1.4269e-01  1.1069e+00  5.9796e-03 -1.1069e+00 -5.9796e-03
-4.9500e+00     2.5178e+01  1.3814e-01 -2.5178e+01 -1.3814e-01  1.3192e+00  7.1478e-03 -1.3192e+00 -7.1478e-03
-4.9417e+00     2.7246e+01  1.3707e-01 -2.7246e+01 -1.3707e-01  1.5373e+00  8.2926e-03 -1.5373e+00 -8.2926e-03
-4.9333e+00     2.6647e+01  1.2605e-01 -2.6647e+01 -1.2605e-01  1.7615e+00  9.3871e-03 -1.7615e+00 -9.3871e-03
-4.9250e+00     2.1440e+01  1.1018e-01 -2.1440e+01 -1.1018e-01  1.9615e+00  1.0370e-02 -1.9615e+00 -1.0370e-02
-4.9167e+00     2.0620e+01  1.0998e-01 -2.0620e+01 -1.0998e-01  2.1365e+00  1.1286e-02 -2.1365e+00 -1.1286e-02
-4.9083e+00     2.2656e+01  1.1802e-01 -2.2656e+01 -1.1802e-01  2.3165e+00  1.2234e-02 -2.3165e+00 -1.2234e-02
-4.9000e+00     2.7172e+01  1.5149e-01 -2.7172e+01 -1.5149e-01  2.5238e+00  1.3355e-02 -2.5238e+00 -1.3355e-02
-4.8917e+00     3.0938e+01  1.7725e-01 -3.0938e+01 -1.7725e-01  2.7655e+00  1.4722e-02 -2.7655e+00 -1.4722e-02
-4.8833e+00     2.4358e+01  1.0762e-01 -2.4358e+01 -1.0762e-01  2.9955e+00  1.5907e-02 -2.9955e+00 -1.5907e-02
-4.8750e+00     1.8722e+01  8.4863e-02 -1.8722e+01 -8.4863e-02  3.1747e+00  1.6708e-02 -3.1747e+00 -1.6708e-02
-4.8667e+00     1.8859e+01  8.9032e-02 -1.8859e+01 -8.9032e-02  3.3310e+00  1.7431e-02 -3.3310e+00 -1.7431e-02
-4.8583e+00     3.1280e+01  1.8354e-01 -3.1280e+01 -1.8354e-01  3.5396e+00  1.8565e-02 -3.5396e+00 -1.8565e-02
-4.8500e+00     3.0389e+01  1.7389e-01 -3.0389e+01 -1.7389e-01  3.7961e+00  2.0052e-02 -3.7961e+00 -2.0052e-02
-4.8417e+00     3.6610e+01  1.7194e-01 -3.6610e+01 -1.7194e-01  4.0748e+00  2.1491e-02 -4.0748e+00 -2.1491e-02
-4.8333e+00     2.8996e+01  1.3261e-01 -2.8996e+01 -1.3261e-01  4.3477e+00  2.2757e-02 -4.3477e+00 -2.2757e-02
-4.8250e+00     3.0317e+01  1.5324e-01 -3.0317e+01 -1.5324e-01  4.5945e+00  2.3946e-02 -4.5945e+00 -2.3946e-02
-4.8167e+00     4.0597e+01  2.3397e-01 -4.0597e+01 -2.3397e-01  4.8894e+00  2.5557e-02 -4.8894e+00 -2.5557e-02
-4.8083e+00     3.0978e+01  1.5470e-01 -3.0978e+01 -1.5470e-01  5.1872e+00  2.7174e-02 -5.1872e+00 -2.7174e-02
-4.8000e+00     2.8044e+01  1.4157e-01 -2.8044e+01 -1.4157e-01  5.4327e+00  2.8406e-02 -5.4327e+00 -2.8406e-02
-4.7917e+00     1.7717e+01  9.7406e-02 -1.7717e+01 -9.7406e-02  5.6230e+00  2.9400e-02 -5.6230e+00 -2.9400e-02
-4.7833e+00     1.0269e+01  5.8801e-02 -1.0269e+01 -5.8801e-02  5.7395e+00  3.0050e-02 -5.7395e+00 -3.0050e-02
-4.7750e+00     1.2298e+01  7.2273e-02 -1.2298e+01 -7.2273e-02  5.8333e+00  3.0595e-02 -5.8333e+00 -3.0595e-02
-4.7667e+00     1.8439e+01  1.1377e-01 -1.8439e+01 -1.1377e-01  5.9612e+00  3.1369e-02 -5.9612e+00 -3.1369e-02
-4.7583e+00     2.8295e+01  1.7421e-01 -2.8295e+01 -1.7421e-01  6.1556e+00  3.2567e-02 -6.1556e+00 -3.2567e-02
-4.7500e+00     3.9838e+01  2.4591e-01 -3.9838e+01 -2.4591e-01  6.4390e+00  3.4315e-02 -6.4390e+00 -3.4315e-02
-4.7417e+00     2.0154e+01  1.2021e-01 -2.0154e+01 -1.2021e-01  6.6885e+00  3.5838e-02 -6.6885e+00 -3.5838e-02
-4.7333e+00     2.0119e+01  1.1591e-01 -2.0119e+01 -1.1591e-01  6.8561e+00  3.6820e-02 -6.8561e+00 -3.6820e-02
-4.7250e+00     3.0963e+01  1.7196e-01 -3.0963e+01 -1.7196e-01  7.0686e+00  3.8018e-02 -7.0686e+00 -3.8018e-02
-4.7167e+00     2.7751e+01  1.5635e-01 -2.7751e+01 -1.5635e-01  7.3128e+00  3.9383e-02 -7.3128e+00 -3.9383e-02
-4.7083e+00     2.1191e+01  1.1502e-01 -2.1191e+01 -1.1502e-01  7.5164e+00  4.0512e-02 -7.5164e+00 -4.0512e-02
-4.7000e+00     1.8115e+01  1.0197e-01 -1.8115e+01 -1.0197e-01  7.6799e+00  4.1415e-02 -7.6799e+00 -4.1415e-02
-4.6917e+00     1.5016e+01  8.9892e-02 -1.5016e+01 -8.9892e-02  7.8177e+00  4.2213e-02 -7.8177e+00 -4.2213e-02
-4.6833e+00     2.3139e+01  1.5740e-01 -2.3139e+01 -1.5740e-01  7.9764e+00  4.3241e-02 -7.9764e+00 -4.3241e-02
-4.6750e+00     3.1990e+01  2.4520e-01 -3.1990e+01 -2.4520e-01  8.2057e+00  4.4916e-02 -8.2057e+00 -4.4916e-02
-4.6667e+00     3.1292e+01  1.6451e-01 -3.1292e+01 -1.6451e-01  8.4690e+00  4.6620e-02 -8.4690e+00 -4.6620e-02
-4.6583e+00     1.5902e+01  7.0317e-02 -1.5902e+01 -7.0317e-02  8.6653e+00  4.7597e-02 -8.6653e+00 -4.7597e-02
-4.6500e+00     1.3481e+01  6.5798e-02 -1.3481e+01 -6.5798e-02  8.7875e+00  4.8163e-02 -8.7875e+00 -4.8163e-02
-4.6417e+00     2.0598e+01  9.8621e-02 -2.0598e+01 -9.8621e-02  8.9293e+00  4.8847e-02 -8.9293e+00 -4.8847e-02
-4.6333e+00     2.1912e+01  1.1194e-01 -2.1912e+01 -1.1194e-01  9.1061e+00  4.9723e-02 -9.1061e+00 -4.9723e-02
-4.6250e+00     2.3472e+01  1.2181e-01 -2.3472e+01 -1.2181e-01  9.2949e+00  5.0696e-02 -9.2949e+00 -5.0696e-02
-4.6167e+00     2.4834e+01  1.2021e-01 -2.4834e+01 -1.2021e-01  9.4958e+00  5.1702e-02 -9.4958e+00 -5.1702e-02
-4.6083e+00     1.4110e+01  6.2028e-02 -1.4110e+01 -6.2028e-02  9.6578e+00  5.2460e-02 -9.6578e+00 -5.2460e-02
-4.6000e+00     1.0077e+01  4.1884e-02 -1.0077e+01 -4.1884e-02  9.7584e+00  5.2893e-02 -9.7584e+00 -5.2893e-02
-4.5917e+00     1.2849e+01  5.9112e-02 -1.2849e+01 -5.9112e-02  9.8538e+00  5.3313e-02 -9.8538e+00 -5.3313e-02
-4.5833e+00     2.0775e+01  9.7855e-02 -2.0775e+01 -9.7855e-02  9.9937e+00  5.3966e-02 -9.9937e+00 -5.3966e-02
-4.5750e+00     2.2807e+01  9.9923e-02 -2.2807e+01 -9.9923e-02  1.0175e+01  5.4788e-02 -1.0175e+01 -5.4788e-02
-4.5667e+00     4.8467e+01  1.8180e-01 -4.8467e+01 -1.8180e-01  1.0471e+01  5.5960e-02 -1.0471e+01 -5.5960e-02
-4.5583e+00     2.0922e+01  1.0016e-01 -2.0922e+01 -1.0016e-01  1.0760e+01  5.7133e-02 -1.0760e+01 -5.7133e-02
-4.5500e+00     1.5797e+01  9.3575e-02 -1.5797e+01 -9.3575e-02  1.0913e+01  5.7939e-02 -1.0913e+01 -5.7939e-02
-4.5417e+00     1.7174e+01  9.6171e-02 -1.7174e+01 -9.6171e-02  1.1050e+01  5.8728e-02 -1.1050e+01 -5.8728e-02
-4.5333e+00     1.5051e+01  9.7271e-02 -1.5051e+01 -9.7271e-02  1.1184e+01  5.9533e-02 -1.1184e+01 -5.9533e-02
-4.5250e+00     1.4549e+01  9.2465e-02 -1.4549e+01 -9.2465e-02  1.1307e+01  6.0322e-02 -1.1307e+01 -6.0322e-02
-4.5167e+00     1.6007e+01  9.0867e-02 -1.6007e+01 -9.0867e-02  1.1434e+01  6.1085e-02 -1.1434e+01 -6.1085e-02
-4.5083e+00     2.0565e+01  1.2203e-01 -2.0565e+01 -1.2203e-01  1.1586e+01  6.1970e-02 -1.1586e+01 -6.1970e-02
-4.5000e+00     2.2769e+01  1.3510e-01 -2.2769e+01 -1.3510e-01  1.1767e+01  6.3040e-02 -1.1767e+01 -6.3040e-02
-4.4917e+00     1.7659e+01  1.0834e-01 -1.7659e+01 -1.0834e-01  1.1935e+01  6.4053e-02 -1.1935e+01 -6.4053e-02
-4.4833e+00     1.2248e+01  7.5717e-02 -1.2248e+01 -7.5717e-02  1.2059e+01  6.4818e-02 -1.2059e+01 -6.4818e-02
-4.4750e+00     2.7060e+01  1.6152e-01 -2.7060e+01 -1.6152e-01  1.2223e+01  6.5805e-02 -1.2223e+01 -6.5805e-02
-4.4667e+00     2.5495e+01  1.4876e-01 -2.5495e+01 -1.4876e-01  1.2441e+01  6.7096e-02 -1.2441e+01 -6.7096e-02
-4.4583e+00     2.4195e+01  1.2098e-01 -2.4195e+01 -1.2098e-01  1.2648e+01  6.8218e-02 -1.2648e+01 -6.8218e-02
-4.4500e+00     2.0509e+01  8.7484e-02 -2.0509e+01 -8.7484e-02  1.2834e+01  6.9085e-02 -1.2834e+01 -6.9085e-02
-4.4417e+00     1.7518e+01  6.3991e-02 -1.7518e+01 -6.3991e-02  1.2992e+01  6.9715e-02 -1.2992e+01 -6.9715e-02
-4.4333e+00     1.1619e+01  4.7190e-02 -1.1619e+01 -4.7190e-02  1.3113e+01  7.0178e-02 -1.3113e+01 -7.0178e-02
-4.4250e+00     1.2306e+01  4.8865e-02 -1.2306e+01 -4.8865e-02  1.3213e+01  7.0577e-02 -1.3213e+01 -7.0577e-02
-4.4167e+00     1.3649e+01  5.5320e-02 -1.3649e+01 -5.5320e-02  1.3321e+01  7.1011e-02 -1.3321e+01 -7.1011e-02
-4.4083e+00     2.0572e+01  8.6902e-02 -2.0572e+01 -8.6902e-02  1.3463e+01  7.1602e-02 -1.3463e+01 -7.1602e-02
-4.4000e+00     2.4360e+01  9.4269e-02 -2.4360e+01 -9.4269e-02  1.3650e+01  7.2356e-02 -1.3650e+01 -7.2356e-02
-4.3917e+00     1.8166e+01  6.8098e-02 -1.8166e+01 -6.8098e-02  1.3827e+01  7.3031e-02 -1.3827e+01 -7.3031e-02
-4.3833e+00     1.8028e+01  6.8547e-02 -1.8028e+01 -6.8547e-02  1.3978e+01  7.3600e-02 -1.3978e+01 -7.3600e-02
-4.3750e+00     2.2787e+01  7.4332e-02 -2.2787e+01 -7.4332e-02  1.4147e+01  7.4194e-02 -1.4147e+01 -7.4194e-02
-4.3667e+00     1.7046e+01  6.8693e-02 -1.7046e+01 -6.8693e-02  1.4313e+01  7.4789e-02 -1.4313e+01 -7.4789e-02
-4.3583e+00     2.1095e+01  1.0578e-01 -2.1095e+01 -1.0578e-01  1.4472e+01  7.5515e-02 -1.4472e+01 -7.5515e-02
-4.3500e+00     2.8759e+01  1.6283e-01 -2.8759e+01 -1.6283e-01  1.4679e+01  7.6632e-02 -1.4679e+01 -7.6632e-02
-4.3417e+00     2.1725e+01  1.3515e-01 -2.1725e+01 -1.3515e-01  1.4889e+01  7.7871e-02 -1.4889e+01 -7.7871e-02
-4.3333e+00     1.6521e+01  1.0534e-01 -1.6521e+01 -1.0534e-01  1.5048e+01  7.8872e-02 -1.5048e+01 -7.8872e-02
-4.3250e+00     1.8292e+01  1.0433e-01 -1.8292e+01 -1.0433e-01  1.5193e+01  7.9744e-02 -1.5193e+01 -7.9744e-02
-4.3167e+00     1.6613e+01  8.9035e-02 -1.6613e+01 -8.9035e-02  1.5338e+01  8.0548e-02 -1.5338e+01 -8.0548e-02
-4.3083e+00     1.4073e+01  7.8017e-02 -1.4073e+01 -7.8017e-02  1.5466e+01  8.1243e-02 -1.5466e+01 -8.1243e-02
-4.3000e+00     1.2701e+01  8.1252e-02 -1.2701e+01 -8.1252e-02  1.5577e+01  8.1906e-02 -1.5577e+01 -8.1906e-02
-4.2917e+00     1.5302e+01  1.0489e-01 -1.5302e+01 -1.0489e-01  1.5694e+01  8.2680e-02 -1.5694e+01 -8.2680e-02
-4.2833e+00     2.8411e+01  1.9991e-01 -2.8411e+01 -1.9991e-01  1.5875e+01  8.3948e-02 -1.5875e+01 -8.3948e-02
-4.2750e+00     2.3800e+01  1.6236e-01 -2.3800e+01 -1.6236e-01  1.6093e+01  8.5455e-02 -1.6093e+01 -8.5455e-02
-4.2667e+00     1.3927e+01  8.4009e-02 -1.3927e+01 -8.4009e-02  1.6250e+01  8.6480e-02 -1.6250e+01 -8.6480e-02
-4.2583e+00     2.2705e+01  1.3359e-01 -2.2705e+01 -1.3359e-01  1.6402e+01  8.7385e-02 -1.6402e+01 -8.7385e-02
-4.2500e+00     1.4781e+01  9.5899e-02 -1.4781e+01 -9.5899e-02  1.6558e+01  8.8340e-02 -1.6558e+01 -8.8340e-02
-4.2417e+00     1.9087e+01  1.5302e-01 -1.9087e+01 -1.5302e-01  1.6699e+01  8.9375e-02 -1.6699e+01 -8.9375e-02
-4.2333e+00     1.4082e+01  8.8802e-02 -1.4082e+01 -8.8802e-02  1.6837e+01  9.0381e-02 -1.6837e+01 -9.0381e-02
-4.2250e+00     1.8615e+01  1.0889e-01 -1.8615e+01 -1.0889e-01  1.6973e+01  9.1203e-02 -1.6973e+01 -9.1203e-02
-4.2167e+00     1.1221e+01  6.9785e-02 -1.1221e+01 -6.9785e-02  1.7097e+01  9.1947e-02 -1.7097e+01 -9.1947e-02
-4.2083e+00     8.0133e+00  4.9836e-02 -8.0133e+00 -4.9836e-02  1.7177e+01  9.2444e-02 -1.7177e+01 -9.2444e-02
-4.2000e+00     8.4357e+00  5.1053e-02 -8.4357e+00 -5.1053e-02  1.7245e+01  9.2864e-02 -1.7245e+01 -9.2864e-02
-4.1917e+00     4.7703e+00  3.2632e-02 -4.7703e+00 -3.2632e-02  1.7300e+01  9.3212e-02 -1.7300e+01 -9.3212e-02
-4.1833e+00     5.7225e+00  3.8682e-02 -5.7225e+00 -3.8682e-02  1.7344e+01  9.3509e-02 -1.7344e+01 -9.3509e-02
-4.1750e+00     1.3645e+01  7.3343e-02 -1.3645e+01 -7.3343e-02  1.7424e+01  9.3975e-02 -1.7424e+01 -9.3975e-02
-4.1667e+00     2.3921e+01  1.7856e-01 -2.3921e+01 -1.7856e-01  1.7581e+01  9.5022e-02 -1.7581e+01 -9.5022e-02
-4.1583e+00     1.7650e+01  1.3658e-01 -1.7650e+01 -1.3658e-01  1.7754e+01  9.6333e-02 -1.7754e+01 -9.6333e-02
-4.1500e+00     1.0960e+01  6.2139e-02 -1.0960e+01 -6.2139e-02  1.7873e+01  9.7160e-02 -1.7873e+01 -9.7160e-02
-4.1417e+00     1.0893e+01  6.7148e-02 -1.0893e+01 -6.7148e-02  1.7964e+01  9.7698e-02 -1.7964e+01 -9.7698e-02
-4.1333e+00     1.5402e+01  1.0227e-01 -1.5402e+01 -1.0227e-01  1.8073e+01  9.8403e-02 -1.8073e+01 -9.8403e-02
-4.1250e+00     2.1720e+01  1.5644e-01 -2.1720e+01 -1.5644e-01  1.8227e+01  9.9479e-02 -1.8227e+01 -9.9479e-02
-4.1167e+00     1.6261e+01  1.4719e-01 -1.6261e+01 -1.4719e-01  1.8385e+01  1.0074e-01 -1.8385e+01 -1.0074e-01
-4.1083e+00     1.7798e+01  1.5619e-01 -1.7798e+01 -1.5619e-01  1.8527e+01  1.0200e-01 -1.8527e+01 -1.0200e-01
-4.1000e+00     1.5280e+01  1.3774e-01 -1.5280e+01 -1.3774e-01  1.8665e+01  1.0323e-01 -1.8665e+01 -1.0323e-01
-4.0917e+00     1.5585e+01  1.6938e-01 -1.5585e+01 -1.6938e-01  1.8793e+01  1.0450e-01 -1.8793e+01 -1.0450e-01
-4.0833e+00     1.9710e+01  1.8213e-01 -1.9710e+01 -1.8213e-01  1.8940e+01  1.0597e-01 -1.8940e+01 -1.0597e-01
-4.0750e+00     1.1121e+01  1.0625e-01 -1.1121e+01 -1.0625e-01  1.9068e+01  1.0717e-01 -1.9068e+01 -1.0717e-01
-4.0667e+00     9.5632e+00  9.9307e-02 -9.5632e+00 -9.9307e-02  1.9154e+01  1.0802e-01 -1.9154e+01 -1.0802e-01
-4.0583e+00     1.3376e+01  1.4712e-01 -1.3376e+01 -1.4712e-01  1.9250e+01  1.0905e-01 -1.9250e+01 -1.0905e-01
-4.0500e+00     1.5718e+01  1.6195e-01 -1.5718e+01 -1.6195e-01  1.9371e+01  1.1033e-01 -1.9371e+01 -1.1033e-01
-4.0417e+00     1.4998e+01  1.3121e-01 -1.4998e+01 -1.3121e-01  1.9498e+01  1.1155e-01 -1.9498e+01 -1.1155e-01
-4.0333e+00     1.3086e+01  1.1334e-01 -1.3086e+01 -1.1334e-01  1.9615e+01  1.1257e-01 -1.9615e+01 -1.1257e-01
-4.0250e+00     1.0450e+01  9.1096e-02 -1.0450e+01 -9.1096e-02  1.9713e+01  1.1342e-01 -1.9713e+01 -1.1342e-01
-4.0167e+00     9.4165e+00  8.6204e-02 -9.4165e+00 -8.6204e-02  1.9796e+01  1.1416e-01 -1.9796e+01 -1.1416e-01
-4.0083e+00     1.0722e+01  1.0534e-01 -1.0722e+01 -1.0534e-01  1.9879e+01  1.1495e-01 -1.9879e+01 -1.1495e-01
-4.0000e+00     1.4890e+01  1.6164e-01 -1.4890e+01 -1.6164e-01  1.9986e+01  1.1606e-01 -1.9986e+01 -1.1606e-01
-3.9917e+00     1.3061e+01  1.4354e-01 -1.3061e+01 -1.4354e-01  2.0102e+01  1.1733e-01 -2.0102e+01 -1.1733e-01
-3.9833e+00     9.9151e+00  1.0827e-01 -9.9151e+00 -1.0827e-01  2.0198e+01  1.1838e-01 -2.0198e+01 -1.1838e-01
-3.9750e+00     8.6085e+00  9.4992e-02 -8.6085e+00 -9.4992e-02  2.0275e+01  1.1923e-01 -2.0275e+01 -1.1923e-01
-3.9667e+00     1.9053e+01  1.8047e-01 -1.9053e+01 -1.8047e-01  2.0390e+01  1.2037e-01 -2.0390e+01 -1.2037e-01
-3.9583e+00     1.3813e+01  1.3913e-01 -1.3813e+01 -1.3913e-01  2.0527e+01  1.2170e-01 -2.0527e+01 -1.2170e-01
-3.9500e+00     1.1009e+01  1.0919e-01 -1.1009e+01 -1.0919e-01  2.0630e+01  1.2273e-01 -2.0630e+01 -1.2273e-01
-3.9417e+00     1.3029e+01  1.2557e-01 -1.3029e+01 -1.2557e-01  2.0730e+01  1.2371e-01 -2.0730e+01 -1.2371e-01
-3.9333e+00     1.4418e+01  1.1825e-01 -1.4418e+01 -1.1825e-01  2.0844e+01  1.2473e-01 -2.0844e+01 -1.2473e-01
-3.9250e+00     2.3319e+01  1.6821e-01 -2.3319e+01 -1.6821e-01  2.1001e+01  1.2592e-01 -2.1001e+01 -1.2592e-01
-3.9167e+00     2.8051e+01  2.0008e-01 -2.8051e+01 -2.0008e-01  2.1215e+01  1.2745e-01 -2.1215e+01 -1.2745e-01
-3.9083e+00     1.7436e+01  1.2455e-01 -1.7436e+01 -1.2455e-01  2.1404e+01  1.2880e-01 -2.1404e+01 -1.2880e-01
-3.9000e+00     5.5894e+00  3.8768e-02 -5.5894e+00 -3.8768e-02  2.1500e+01  1.2948e-01 -2.1500e+01 -1.2948e-01
-3.8917e+00     5.6274e+00  4.3292e-02 -5.6274e+00 -4.3292e-02  2.1546e+01  1.2982e-01 -2.1546e+01 -1.2982e-01
-3.8833e+00     7.4489e+00  6.0678e-02 -7.4489e+00 -6.0678e-02  2.1601e+01  1.3025e-01 -2.1601e+01 -1.3025e-01
-3.8750e+00     9.6091e+00  8.2940e-02 -9.6091e+00 -8.2940e-02  2.1672e+01  1.3085e-01 -2.1672e+01 -1.3085e-01
-3.8667e+00     1.0553e+01  1.0498e-01 -1.0553e+01 -1.0498e-01  2.1756e+01  1.3163e-01 -2.1756e+01 -1.3163e-01
-3.8583e+00     1.5076e+01  1.2727e-01 -1.5076e+01 -1.2727e-01  2.1862e+01  1.3260e-01 -2.1862e+01 -1.3260e-01
-3.8500e+00     1.1492e+01  9.1102e-02 -1.1492e+01 -9.1102e-02  2.1973e+01  1.3351e-01 -2.1973e+01 -1.3351e-01
-3.8417e+00     1.1743e+01  8.8730e-02 -1.1743e+01 -8.8730e-02  2.2069e+01  1.3425e-01 -2.2069e+01 -1.3425e-01
-3.8333e+00     1.2816e+01  8.8913e-02 -1.2816e+01 -8.8913e-02  2.2172e+01  1.3499e-01 -2.2172e+01 -1.3499e-01
-3.8250e+00     1.4810e+01  9.4246e-02 -1.4810e+01 -9.4246e-02  2.2287e+01  1.3575e-01 -2.2287e+01 -1.3575e-01
-3.8167e+00     1.2350e+01  1.0510e-01 -1.2350e+01 -1.0510e-01  2.2399e+01  1.3658e-01 -2.2399e+01 -1.3658e-01
-3.8083e+00     2.0624e+01  2.0173e-01 -2.0624e+01 -2.0173e-01  2.2537e+01  1.3786e-01 -2.2537e+01 -1.3786e-01
-3.8000e+00     1.3845e+01  1.3250e-01 -1.3845e+01 -1.3250e-01  2.2680e+01  1.3925e-01 -2.2680e+01 -1.3925e-01
-3.7917e+00     9.8536e+00  8.7414e-02 -9.8536e+00 -8.7414e-02  2.2779e+01  1.4017e-01 -2.2779e+01 -1.4017e-01
-3.7833e+00     9.8144e+00  8.0231e-02 -9.8144e+00 -8.0231e-02  2.2860e+01  1.4086e-01 -2.2860e+01 -1.4086e-01
-3.7750e+00     1.0854e+01  8.0073e-02 -1.0854e+01 -8.0073e-02  2.2946e+01  1.4153e-01 -2.2946e+01 -1.4153e-01
-3.7667e+00     9.6130e+00  6.9509e-02 -9.6130e+00 -6.9509e-02  2.3032e+01  1.4215e-01 -2.3032e+01 -1.4215e-01
-3.7583e+00     1.2259e+01  9.5824e-02 -1.2259e+01 -9.5824e-02  2.3123e+01  1.4284e-01 -2.3123e+01 -1.4284e-01
-3.7500e+00     1.6775e+01  1.3555e-01 -1.6775e+01 -1.3555e-01  2.3243e+01  1.4380e-01 -2.3243e+01 -1.4380e-01
-3.7417e+00     1.7375e+01  1.3851e-01 -1.7375e+01 -1.3851e-01  2.3385e+01  1.4494e-01 -2.3385e+01 -1.4494e-01
-3.7333e+00     1.5012e+01  1.1863e-01 -1.5012e+01 -1.1863e-01  2.3520e+01  1.4601e-01 -2.3520e+01 -1.4601e-01
-3.7250e+00     1.5842e+01  1.2602e-01 -1.5842e+01 -1.2602e-01  2.3648e+01  1.4703e-01 -2.3648e+01 -1.4703e-01
-3.7167e+00     1.1347e+01  9.3134e-02 -1.1347e+01 -9.3134e-02  2.3762e+01  1.4794e-01 -2.3762e+01 -1.4794e-01
-3.7083e+00     9.1630e+00  8.6644e-02 -9.1630e+00 -8.6644e-02  2.3847e+01  1.4869e-01 -2.3847e+01 -1.4869e-01
-3.7000e+00     9.0386e+00  9.6345e-02 -9.0386e+00 -9.6345e-02  2.3923e+01  1.4945e-01 -2.3923e+01 -1.4945e-01
-3.6917e+00     1.0370e+01  1.1037e-01 -1.0370e+01 -1.1037e-01  2.4003e+01  1.5031e-01 -2.4003e+01 -1.5031e-01
-3.6833e+00     1.2303e+01  1.2790e-01 -1.2303e+01 -1.2790e-01  2.4098e+01  1.5130e-01 -2.4098e+01 -1.5130e-01
-3.6750e+00     2.3921e+01  2.2031e-01 -2.3921e+01 -2.2031e-01  2.4248e+01  1.5275e-01 -2.4248e+01 -1.5275e-01
-3.6667e+00     1.1067e+01  1.0779e-01 -1.1067e+01 -1.0779e-01  2.4394e+01  1.5411e-01 -2.4394e+01 -1.5411e-01
-3.6583e+00     1.3353e+01  1.1745e-01 -1.3353e+01 -1.1745e-01  2.4495e+01  1.5505e-01 -2.4495e+01 -1.5505e-01
-3.6500e+00     1.5440e+01  1.2238e-01 -1.5440e+01 -1.2238e-01  2.4615e+01  1.5605e-01 -2.4615e+01 -1.5605e-01
-3.6417e+00     1.0831e+01  8.5161e-02 -1.0831e+01 -8.5161e-02  2.4724e+01  1.5691e-01 -2.4724e+01 -1.5691e-01
-3.6333e+00     8.8978e+00  7.1123e-02 -8.8978e+00 -7.1123e-02  2.4807e+01  1.5756e-01 -2.4807e+01 -1.5756e-01
-3.6250e+00     9.0242e+00  7.4156e-02 -9.0242e+00 -7.4156e-02  2.4881e+01  1.5817e-01 -2.4881e+01 -1.5817e-01
-3.6167e+00     9.7514e+00  7.9474e-02 -9.7514e+00 -7.9474e-02  2.4959e+01  1.5881e-01 -2.4959e+01 -1.5881e-01
-3.6083e+00     1.6469e+01  1.2859e-01 -1.6469e+01 -1.2859e-01  2.5068e+01  1.5967e-01 -2.5068e+01 -1.5967e-01
-3.6000e+00     2.0357e+01  1.6053e-01 -2.0357e+01 -1.6053e-01  2.5221e+01  1.6087e-01 -2.5221e+01 -1.6087e-01
-3.5917e+00     1.1935e+01  1.0643e-01 -1.1935e+01 -1.0643e-01  2.5356e+01  1.6198e-01 -2.5356e+01 -1.6198e-01
-3.5833e+00     1.1479e+01  1.1196e-01 -1.1479e+01 -1.1196e-01  2.5453e+01  1.6289e-01 -2.5453e+01 -1.6289e-01
-3.5750e+00     1.1369e+01  1.1234e-01 -1.1369e+01 -1.1234e-01  2.5548e+01  1.6383e-01 -2.5548e+01 -1.6383e-01
-3.5667e+00     1.6245e+01  1.6698e-01 -1.6245e+01 -1.6698e-01  2.5663e+01  1.6499e-01 -2.5663e+01 -1.6499e-01
-3.5583e+00     1.6119e+01  1.7923e-01 -1.6119e+01 -1.7923e-01  2.5798e+01  1.6643e-01 -2.5798e+01 -1.6643e-01
-3.5500e+00     1.2339e+01  1.3164e-01 -1.2339e+01 -1.3164e-01  2.5916e+01  1.6772e-01 -2.5916e+01 -1.6772e-01
-3.5417e+00     9.5121e+00  9.3469e-02 -9.5121e+00 -9.3469e-02  2.6007e+01  1.6866e-01 -2.6007e+01 -1.6866e-01
-3.5333e+00     9.3829e+00  9.2141e-02 -9.3829e+00 -9.2141e-02  2.6086e+01  1.6943e-01 -2.6086e+01 -1.6943e-01
-3.5250e+00     8.0480e+00  8.3726e-02 -8.0480e+00 -8.3726e-02  2.6158e+01  1.7016e-01 -2.6158e+01 -1.7016e-01
-3.5167e+00     7.1187e+00  7.7586e-02 -7.1187e+00 -7.7586e-02  2.6221e+01  1.7083e-01 -2.6221e+01 -1.7083e-01
-3.5083e+00     6.0285e+00  6.8897e-02 -6.0285e+00 -6.8897e-02  2.6276e+01  1.7144e-01 -2.6276e+01 -1.7144e-01
-3.5000e+00     4.2647e+00  5.5015e-02 -4.2647e+00 -5.5015e-02  2.6319e+01  1.7196e-01 -2.6319e+01 -1.7196e-01
-3.4917e+00     2.8984e+00  3.7254e-02 -2.8984e+00 -3.7254e-02  2.6348e+01  1.7234e-01 -2.6348e+01 -1.7234e-01
-3.4833e+00     1.7622e+00  2.1791e-02 -1.7622e+00 -2.1791e-02  2.6368e+01  1.7259e-01 -2.6368e+01 -1.7259e-01
-3.4750e+00     2.3070e+00  3.3256e-02 -2.3070e+00 -3.3256e-02  2.6385e+01  1.7282e-01 -2.6385e+01 -1.7282e-01
-3.4667e+00     2.8538e+00  4.4893e-02 -2.8538e+00 -4.4893e-02  2.6406e+01  1.7314e-01 -2.6406e+01 -1.7314e-01
-3.4583e+00     3.4026e+00  5.6702e-02 -3.4026e+00 -5.6702e-02  2.6432e+01  1.7356e-01 -2.6432e+01 -1.7356e-01
-3.4500e+00     3.8413e+00  6.4472e-02 -3.8413e+00 -6.4472e-02  2.6462e+01  1.7407e-01 -2.6462e+01 -1.7407e-01
-3.4417e+00     9.3550e+00  1.1754e-01 -9.3550e+00 -1.1754e-01  2.6517e+01  1.7482e-01 -2.6517e+01 -1.7482e-01
-3.4333e+00     9.9212e+00  1.2642e-01 -9.9212e+00 -1.2642e-01  2.6597e+01  1.7584e-01 -2.6597e+01 -1.7584e-01
-3.4250e+00     1.2663e+01  1.7256e-01 -1.2663e+01 -1.7256e-01  2.6691e+01  1.7708e-01 -2.6691e+01 -1.7708e-01
-3.4167e+00     1.3965e+01  2.1954e-01 -1.3965e+01 -2.1954e-01  2.6802e+01  1.7871e-01 -2.6802e+01 -1.7871e-01
-3.4083e+00     1.1852e+01  1.9840e-01 -1.1852e+01 -1.9840e-01  2.6910e+01  1.8045e-01 -2.6910e+01 -1.8045e-01
-3.4000e+00     6.5756e+00  1.3811e-01 -6.5756e+00 -1.3811e-01  2.6986e+01  1.8185e-01 -2.6986e+01 -1.8185e-01
-3.3917e+00     5.0798e+00  1.1529e-01 -5.0798e+00 -1.1529e-01  2.7035e+01  1.8291e-01 -2.7035e+01 -1.8291e-01
-3.3833e+00     5.2140e+00  1.1981e-01 -5.2140e+00 -1.1981e-01  2.7078e+01  1.8388e-01 -2.7078e+01 -1.8388e-01
-3.3750e+00     7.3258e+00  1.7345e-01 -7.3258e+00 -1.7345e-01  2.7130e+01  1.8510e-01 -2.7130e+01 -1.8510e-01
-3.3667e+00     9.2451e+00  2.2127e-01 -9.2451e+00 -2.2127e-01  2.7199e+01  1.8675e-01 -2.7199e+01 -1.8675e-01
-3.3583e+00     9.9820e+00  2.3398e-01 -9.9820e+00 -2.3398e-01  2.7279e+01  1.8864e-01 -2.7279e+01 -1.8864e-01
-3.3500e+00     9.3420e+00  2.1440e-01 -9.3420e+00 -2.1440e-01  2.7359e+01  1.9050e-01 -2.7359e+01 -1.9050e-01
-3.3417e+00     9.3110e+00  2.1712e-01 -9.3110e+00 -2.1712e-01  2.7437e+01  1.9230e-01 -2.7437e+01 -1.9230e-01
-3.3333e+00     7.3458e+00  1.6189e-01 -7.3458e+00 -1.6189e-01  2.7506e+01  1.9388e-01 -2.7506e+01 -1.9388e-01
-3.3250e+00     6.9937e+00  1.5009e-01 -6.9937e+00 -1.5009e-01  2.7565e+01  1.9517e-01 -2.7565e+01 -1.9517e-01
-3.3167e+00     6.6870e+00  1.4071e-01 -6.6870e+00 -1.4071e-01  2.7622e+01  1.9638e-01 -2.7622e+01 -1.9638e-01
-3.3083e+00     6.6121e+00  1.3627e-01 -6.6121e+00 -1.3627e-01  2.7678e+01  1.9754e-01 -2.7678e+01 -1.9754e-01
-3.3000e+00     7.0372e+00  1.3965e-01 -7.0372e+00 -1.3965e-01  2.7735e+01  1.9868e-01 -2.7735e+01 -1.9868e-01
-3.2917e+00     7.6185e+00  1.4568e-01 -7.6185e+00 -1.4568e-01  2.7795e+01  1.9987e-01 -2.7795e+01 -1.9987e-01
-3.2833e+00     7.9127e+00  1.4422e-01 -7.9127e+00 -1.4422e-01  2.7860e+01  2.0108e-01 -2.7860e+01 -2.0108e-01
-3.2750e+00     7.4580e+00  1.2745e-01 -7.4580e+00 -1.2745e-01  2.7924e+01  2.0221e-01 -2.7924e+01 -2.0221e-01
-3.2667e+00     6.7312e+00  1.1252e-01 -6.7312e+00 -1.1252e-01  2.7983e+01  2.0320e-01 -2.7983e+01 -2.0320e-01
-3.2583e+00     6.3372e+00  1.1282e-01 -6.3372e+00 -1.1282e-01  2.8037e+01  2.0414e-01 -2.8037e+01 -2.0414e-01
-3.2500e+00     6.8258e+00  1.2327e-01 -6.8258e+00 -1.2327e-01  2.8092e+01  2.0512e-01 -2.8092e+01 -2.0512e-01
-3.2417e+00     6.9386e+00  1.2460e-01 -6.9386e+00 -1.2460e-01  2.8149e+01  2.0615e-01 -2.8149e+01 -2.0615e-01
-3.2333e+00     6.6947e+00  1.1901e-01 -6.6947e+00 -1.1901e-01  2.8206e+01  2.0717e-01 -2.8206e+01 -2.0717e-01
-3.2250e+00     6.1259e+00  1.0771e-01 -6.1259e+00 -1.0771e-01  2.8259e+01  2.0811e-01 -2.8259e+01 -2.0811e-01
-3.2167e+00     3.8980e+00  6.8166e-02 -3.8980e+00 -6.8166e-02  2.8301e+01  2.0884e-01 -2.8301e+01 -2.0884e-01
-3.2083e+00     0.0000e+00  0.0000e+00 -0.0000e+00 -0.0000e+00  2.8317e+01  2.0913e-01 -2.8317e+01 -2.0913e-01
-3.2000e+00     0.0000e+00  0.0000e+00 -0.0000e+00 -0.0000e+00  2.8317e+01  2.0913e-01 -2.8317e+01 -2.0913e-01
-3.1917e+00     0.0000e+00  0.0000e+00 -0.0000e+00 -0.0000e+00  2.8317e+01  2.0913e-01 -2.8317e+01 -2.0913e-01
-3.1833e+00     0.0000e+00  0.0000e+00 -0.0000e+00 -0.0000e+00  2.8317e+01  2.0913e-01 -2.8317e+01 -2.0913e-01
-3.1750e+00     0.0000e+00  0.0000e+00 -0.0000e+00 -0.0000e+00  2.8317e+01  2.0913e-01 -2.8317e+01 -2.0913e-01
-3.1667e+00     0.0000e+00  0.0000e+00 -0.0000e+00 -0.0000e+00  2.8317e+01  2.0913e-01 -2.8317e+01 -2.0913e-01
-3.1583e+00     0.0000e+00  0.0000e+00 -0.0000e+00 -0.0000e+00  2.8317e+01  2.0913e-01 -2.8317e+01 -2.0913e-01
-3.1500e+00     0.0000e+00  0.0000e+00 -0.0000e+00 -0.0000e+00  2.8317e+01  2.0913e-01 -2.8317e+01 -2.0913e-01
-3.1417e+00     0.0000e+00  0.0000e+00 -0.0000e+00 -0.0000e+00  2.8317e+01  2.0913e-01 -2.8317e+01 -2.0913e-01
-3.1333e+00     0.0000e+00  0.0000e+00 -0.0000e+00 -0.0000e+00  2.8317e+01  2.0913e-01 -2.8317e+01 -2.0913e-01
-3.1250e+00     0.0000e+00  0.0000e+00 -0.0000e+00 -0.0000e+00  2.8317e+01  2.0913e-01 -2.8317e+01 -2.0913e-01
-3.1167e+00     0.0000e+00  0.0000e+00 -0.0000e+00 -0.0000e+00  2.8317e+01  2.0913e-01 -2.8317e+01 -2.0913e-01
-3.1083e+00     0.0000e+00  0.0000e+00 -0.0000e+00 -0.0000e+00  2.8317e+01  2.0913e-01 -2.8317e+01 -2.0913e-01
-3.1000e+00     0.0000e+00  0.0000e+00 -0.0000e+00 -0.0000e+00  2.8317e+01  2.0913e-01 -2.8317e+01 -2.0913e-01
-3.0917e+00     0.0000e+00  0.0000e+00 -0.0000e+00 -0.0000e+00  2.8317e+01  2.0913e-01 -2.8317e+01 -2.0913e-01
-3.0833e+00     0.0000e+00  0.0000e+00 -0.0000e+00 -0.0000e+00  2.8317e+01  2.0913e-01 -2.8317e+01 -2.0913e-01
-3.0750e+00     0.0000e+00  0.0000e+00 -0.0000e+00 -0.0000e+00  2.8317e+01  2.0913e-01 -2.8317e+01 -2.0913e-01
-3.0667e+00     0.0000e+00  0.0000e+00 -0.0000e+00 -0.0000e+00  2.8317e+01  2.0913e-01 -2.8317e+01 -2.0913e-01
-3.0583e+00     0.0000e+00  0.0000e+00 -0.0000e+00 -0.0000e+00  2.8317e+01  2.0913e-01 -2.8317e+01 -2.0913e-01
-3.0500e+00     0.0000e+00  0.0000e+00 -0.0000e+00 -0.0000e+00  2.8317e+01  2.0913e-01 -2.8317e+01 -2.0913e-01
-3.0417e+00     0.0000e+00  0.0000e+00 -0.0000e+00 -0.0000e+00  2.8317e+01  2.0913e-01 -2.8317e+01 -2.0913e-01
-3.0333e+00     0.0000e+00  0.0000e+00 -0.0000e+00 -0.0000e+00  2.8317e+01  2.0913e-01 -2.8317e+01 -2.0913e-01
-3.0250e+00     0.0000e+00  0.0000e+00 -0.0000e+00 -0.0000e+00  2.8317e+01  2.0913e-01 -2.8317e+01 -2.0913e-01
-3.0167e+00     0.0000e+00  0.0000e+00 -0.0000e+00 -0.0000e+00  2.8317e+01  2.0913e-01 -2.8317e+01 -2.0913e-01
-3.0083e+00     0.0000e+00  0.0000e+00 -0.0000e+00 -0.0000e+00  2.8317e+01  2.0913e-01 -2.8317e+01 -2.0913e-01
-3.0000e+00     0.0000e+00  0.0000e+00 -0.0000e+00 -0.0000e+00  2.8317e+01  2.0913e-01 -2.8317e+01 -2.0913e-01
-2.9917e+00     0.0000e+00  0.0000e+00 -0.0000e+00 -0.0000e+00  2.8317e+01  2.0913e-01 -2.8317e+01 -2.0913e-01
-2.9833e+00     0.0000e+00  0.0000e+00 -0.0000e+00 -0.0000e+00  2.8317e+01  2.0913e-01 -2.8317e+01 -2.0913e-01
-2.9750e+00     0.0000e+00  0.0000e+00 -0.0000e+00 -0.0000e+00  2.8317e+01  2.0913e-01 -2.8317e+01 -2.0913e-01
-2.9667e+00     7.4910e+00  1.1910e-01 -7.4910e+00 -1.1910e-01  2.8349e+01  2.0962e-01 -2.8349e+01 -2.0962e-01
-2.9583e+00     1.1956e+01  1.9238e-01 -1.1956e+01 -1.9238e-01  2.8429e+01  2.1092e-01 -2.8429e+01 -2.1092e-01
-2.9500e+00     1.9577e+01  2.7142e-01 -1.9577e+01 -2.7142e-01  2.8561e+01  2.1285e-01 -2.8561e+01 -2.1285e-01
-2.9417e+00     2.5163e+01  3.3390e-01 -2.5163e+01 -3.3390e-01  2.8747e+01  2.1536e-01 -2.8747e+01 -2.1536e-01
-2.9333e+00     2.6815e+01  3.5247e-01 -2.6815e+01 -3.5247e-01  2.8963e+01  2.1822e-01 -2.8963e+01 -2.1822e-01
-2.9250e+00     2.4669e+01  2.5352e-01 -2.4669e+01 -2.5352e-01  2.9177e+01  2.2074e-01 -2.9177e+01 -2.2074e-01
-2.9167e+00     1.7471e+00  2.0323e-02 -1.7471e+00 -2.0323e-02  2.9287e+01  2.2188e-01 -2.9287e+01 -2.2188e-01
-2.9083e+00     3.0126e+00  3.6201e-02 -3.0126e+00 -3.6201e-02  2.9307e+01  2.2212e-01 -2.9307e+01 -2.2212e-01
-2.9000e+00     5.1836e+00  5.8927e-02 -5.1836e+00 -5.8927e-02  2.9341e+01  2.2251e-01 -2.9341e+01 -2.2251e-01
-2.8917e+00     7.6447e+00  5.7669e-02 -7.6447e+00 -5.7669e-02  2.9394e+01  2.2300e-01 -2.9394e+01 -2.2300e-01
-2.8833e+00     3.4090e+01  2.7700e-01 -3.4090e+01 -2.7700e-01  2.9568e+01  2.2439e-01 -2.9568e+01 -2.2439e-01
-2.8750e+00     4.4386e+01  1.2244e-01 -4.4386e+01 -1.2244e-01  2.9894e+01  2.2605e-01 -2.9894e+01 -2.2605e-01
-2.8667e+00     1.0868e+01  2.4534e-02 -1.0868e+01 -2.4534e-02  3.0124e+01  2.2666e-01 -3.0124e+01 -2.2666e-01
-2.8583e+00     8.9489e+00  1.6493e-02 -8.9489e+00 -1.6493e-02  3.0207e+01  2.2683e-01 -3.0207e+01 -2.2683e-01
-2.8500e+00     7.4880e+00  1.2722e-02 -7.4880e+00 -1.2722e-02  3.0275e+01  2.2695e-01 -3.0275e+01 -2.2695e-01
-2.8417e+00     1.0657e+00  1.5903e-03 -1.0657e+00 -1.5903e-03  3.0310e+01  2.2701e-01 -3.0310e+01 -2.2701e-01
-2.8333e+00     0.0000e+00  0.0000e+00 -0.0000e+00 -0.0000e+00  3.0315e+01  2.2702e-01 -3.0315e+01 -2.2702e-01
-2.8250e+00     0.0000e+00  0.0000e+00 -0.0000e+00 -0.0000e+00  3.0315e+01  2.2702e-01 -3.0315e+01 -2.2702e-01
-2.8167e+00     1.6264e+01  2.5416e-01 -1.6264e+01 -2.5416e-01  3.0383e+01  2.2808e-01 -3.0383e+01 -2.2808e-01
-2.8083e+00     1.6270e+01  3.1585e-01 -1.6270e+01 -3.1585e-01  3.0518e+01  2.3045e-01 -3.0518e+01 -2.3045e-01
-2.8000e+00     1.8369e+01  4.0288e-01 -1.8369e+01 -4.0288e-01  3.0662e+01  2.3344e-01 -3.0662e+01 -2.3344e-01
-2.7917e+00     2.2516e+01  5.0231e-01 -2.2516e+01 -5.0231e-01  3.0832e+01  2.3720e-01 -3.0832e+01 -2.3720e-01
-2.7833e+00     1.9447e+01  4.5553e-01 -1.9447e+01 -4.5553e-01  3.1007e+01  2.4119e-01 -3.1007e+01 -2.4119e-01
-2.7750e+00     1.3919e+01  3.1712e-01 -1.3919e+01 -3.1712e-01  3.1145e+01  2.4440e-01 -3.1145e+01 -2.4440e-01
-2.7667e+00     9.9680e+00  2.1442e-01 -9.9680e+00 -2.1442e-01  3.1245e+01  2.4661e-01 -3.1245e+01 -2.4661e-01
-2.7583e+00     0.0000e+00  0.0000e+00 -0.0000e+00 -0.0000e+00  3.1286e+01  2.4750e-01 -3.1286e+01 -2.4750e-01
-2.7500e+00     0.0000e+00  0.0000e+00 -0.0000e+00 -0.0000e+00  3.1286e+01  2.4750e-01 -3.1286e+01 -2.4750e-01
-2.7417e+00     0.0000e+00  0.0000e+00 -0.0000e+00 -0.0000e+00  3.1286e+01  2.4750e-01 -3.1286e+01 -2.4750e-01
-2.7333e+00     0.0000e+00  0.0000e+00 -0.0000e+00 -0.0000e+00  3.1286e+01  2.4750e-01 -3.1286e+01 -2.4750e-01
-2.7250e+00     0.0000e+00  0.0000e+00 -0.0000e+00 -0.0000e+00  3.1286e+01  2.4750e-01 -3.1286e+01 -2.4750e-01
-2.7167e+00     0.0000e+00  0.0000e+00 -0.0000e+00 -0.0000e+00  3.1286e+01  2.4750e-01 -3.1286e+01 -2.4750e-01
-2.7083e+00     0.0000e+00  0.0000e+00 -0.0000e+00 -0.0000e+00  3.1286e+01  2.4750e-01 -3.1286e+01 -2.4750e-01
-2.7000e+00     0.0000e+00  0.0000e+00 -0.0000e+00 -0.0000e+00  3.1286e+01  2.4750e-01 -3.1286e+01 -2.4750e-01
-2.6917e+00     0.0000e+00  0.0000e+00 -0.0000e+00 -0.0000e+00  3.1286e+01  2.4750e-01 -3.1286e+01 -2.4750e-01
-2.6833e+00     0.0000e+00  0.0000e+00 -0.0000e+00 -0.0000e+00  3.1286e+01  2.4750e-01 -3.1286e+01 -2.4750e-01
-2.6750e+00     0.0000e+00  0.0000e+00 -0.0000e+00 -0.0000e+00  3.1286e+01  2.4750e-01 -3.1286e+01 -2.4750e-01
-2.6667e+00     0.0000e+00  0.0000e+00 -0.0000e+00 -0.0000e+00  3.1286e+01  2.4750e-01 -3.1286e+01 -2.4750e-01
-2.6583e+00     0.0000e+00  0.0000e+00 -0.0000e+00 -0.0000e+00  3.1286e+01  2.4750e-01 -3.1286e+01 -2.4750e-01
-2.6500e+00     0.0000e+00  0.0000e+00 -0.0000e+00 -0.0000e+00  3.1286e+01  2.4750e-01 -3.1286e+01 -2.4750e-01
-2.6417e+00     0.0000e+00  0.0000e+00 -0.0000e+00 -0.0000e+00  3.1286e+01  2.4750e-01 -3.1286e+01 -2.4750e-01
-2.6333e+00     0.0000e+00  0.0000e+00 -0.0000e+00 -0.0000e+00  3.1286e+01  2.4750e-01 -3.1286e+01 -2.4750e-01
-2.6250e+00     0.0000e+00  0.0000e+00 -0.0000e+00 -0.0000e+00  3.1286e+01  2.4750e-01 -3.1286e+01 -2.4750e-01
-2.6167e+00     0.0000e+00  0.0000e+00 -0.0000e+00 -0.0000e+00  3.1286e+01  2.4750e-01 -3.1286e+01 -2.4750e-01
-2.6083e+00     0.0000e+00  0.0000e+00 -0.0000e+00 -0.0000e+00  3.1286e+01  2.4750e-01 -3.1286e+01 -2.4750e-01
-2.6000e+00     0.0000e+00  0.0000e+00 -0.0000e+00 -0.0000e+00  3.1286e+01  2.4750e-01 -3.1286e+01 -2.4750e-01
-2.5917e+00     0.0000e+00  0.0000e+00 -0.0000e+00 -0.0000e+00  3.1286e+01  2.4750e-01 -3.1286e+01 -2.4750e-01
-2.5833e+00     0.0000e+00  0.0000e+00 -0.0000e+00 -0.0000e+00  3.1286e+01  2.4750e-01 -3.1286e+01 -2.4750e-01
-2.5750e+00     0.0000e+00  0.0000e+00 -0.0000e+00 -0.0000e+00  3.1286e+01  2.4750e-01 -3.1286e+01 -2.4750e-01
-2.5667e+00     0.0000e+00  0.0000e+00 -0.0000e+00 -0.0000e+00  3.1286e+01  2.4750e-01 -3.1286e+01 -2.4750e-01
-2.5583e+00     0.0000e+00  0.0000e+00 -0.0000e+00 -0.0000e+00  3.1286e+01  2.4750e-01 -3.1286e+01 -2.4750e-01
-2.5500e+00     0.0000e+00  0.0000e+00 -0.0000e+00 -0.0000e+00  3.1286e+01  2.4750e-01 -3.1286e+01 -2.4750e-01
-2.5417e+00     0.0000e+00  0.0000e+00 -0.0000e+00 -0.0000e+00  3.1286e+01  2.4750e-01 -3.1286e+01 -2.4750e-01
-2.5333e+00     0.0000e+00  0.0000e+00 -0.0000e+00 -0.0000e+00  3.1286e+01  2.4750e-01 -3.1286e+01 -2.4750e-01
-2.5250e+00     0.0000e+00  0.0000e+00 -0.0000e+00 -0.0000e+00  3.1286e+01  2.4750e-01 -3.1286e+01 -2.4750e-01
-2.5167e+00     0.0000e+00  0.0000e+00 -0.0000e+00 -0.0000e+00  3.1286e+01  2.4750e-01 -3.1286e+01 -2.4750e-01
-2.5083e+00     0.0000e+00  0.0000e+00 -0.0000e+00 -0.0000e+00  3.1286e+01  2.4750e-01 -3.1286e+01 -2.4750e-01
-2.5000e+00     0.0000e+00  0.0000e+00 -0.0000e+00 -0.0000e+00  3.1286e+01  2.4750e-01 -3.1286e+01 -2.4750e-01
-2.4917e+00     0.0000e+00  0.0000e+00 -0.0000e+00 -0.0000e+00  3.1286e+01  2.4750e-01 -3.1286e+01 -2.4750e-01
-2.4833e+00     0.0000e+00  0.0000e+00 -0.0000e+00 -0.0000e+00  3.1286e+01  2.4750e-01 -3.1286e+01 -2.4750e-01
-2.4750e+00     4.9085e-01  1.5251e-01 -4.9085e-01 -1.5251e-01  3.1288e+01  2.4814e-01 -3.1288e+01 -2.4814e-01
-2.4667e+00     1.1538e+00  3.5871e-01 -1.1538e+00 -3.5871e-01  3.1295e+01  2.5026e-01 -3.1295e+01 -2.5026e-01
-2.4583e+00     1.8974e+00  5.9022e-01 -1.8974e+00 -5.9022e-01  3.1308e+01  2.5421e-01 -3.1308e+01 -2.5421e-01
-2.4500e+00     2.7217e+00  8.4704e-01 -2.7217e+00 -8.4704e-01  3.1327e+01  2.6019e-01 -3.1327e+01 -2.6019e-01
-2.4417e+00     9.0417e+00  2.8229e+00 -9.0417e+00 -2.8229e+00  3.1376e+01  2.7546e-01 -3.1376e+01 -2.7546e-01
-2.4333e+00     3.5644e+00  1.1022e+00 -3.5644e+00 -1.1022e+00  3.1428e+01  2.9178e-01 -3.1428e+01 -2.9178e-01
-2.4250e+00     4.1367e+00  1.2811e+00 -4.1367e+00 -1.2811e+00  3.1460e+01  3.0170e-01 -3.1460e+01 -3.0170e-01
-2.4167e+00     4.7766e+00  1.4815e+00 -4.7766e+00 -1.4815e+00  3.1498e+01  3.1319e-01 -3.1498e+01 -3.1319e-01
-2.4083e+00     5.4840e+00  1.7033e+00 -5.4840e+00 -1.7033e+00  3.1540e+01  3.2644e-01 -3.1540e+01 -3.2644e-01
-2.4000e+00     8.0981e+00  2.5010e+00 -8.0981e+00 -2.5010e+00  3.1597e+01  3.4393e-01 -3.1597e+01 -3.4393e-01
-2.3917e+00     8.6094e+00  2.7457e+00 -8.6094e+00 -2.7457e+00  3.1666e+01  3.6575e-01 -3.1666e+01 -3.6575e-01
-2.3833e+00     1.1153e+01  3.6170e+00 -1.1153e+01 -3.6170e+00  3.1748e+01  3.9222e-01 -3.1748e+01 -3.9222e-01
-2.3750e+00     2.0314e+01  6.8777e+00 -2.0314e+01 -6.8777e+00  3.1879e+01  4.3587e-01 -3.1879e+01 -4.3587e-01
-2.3667e+00     2.4086e+01  7.9743e+00 -2.4086e+01 -7.9743e+00  3.2064e+01  4.9765e-01 -3.2064e+01 -4.9765e-01
-2.3583e+00     8.6460e+00  2.8591e+00 -8.6460e+00 -2.8591e+00  3.2200e+01  5.4272e-01 -3.2200e+01 -5.4272e-01
-2.3500e+00     3.3541e+00  1.1285e+00 -3.3541e+00 -1.1285e+00  3.2250e+01  5.5930e-01 -3.2250e+01 -5.5930e-01
-2.3417e+00     6.4471e-01  2.1547e-01 -6.4471e-01 -2.1547e-01  3.2267e+01  5.6489e-01 -3.2267e+01 -5.6489e-01
-2.3333e+00     0.0000e+00  0.0000e+00 -0.0000e+00 -0.0000e+00  3.2269e+01  5.6579e-01 -3.2269e+01 -5.6579e-01
-2.3250e+00     0.0000e+00  0.0000e+00 -0.0000e+00 -0.0000e+00  3.2269e+01  5.6579e-01 -3.2269e+01 -5.6579e-01
-2.3167e+00     0.0000e+00  0.0000e+00 -0.0000e+00 -0.0000e+00  3.2269e+01  5.6579e-01 -3.2269e+01 -5.6579e-01
-2.3083e+00     0.0000e+00  0.0000e+00 -0.0000e+00 -0.0000e+00  3.2269e+01  5.6579e-01 -3.2269e+01 -5.6579e-01
-2.3000e+00     0.0000e+00  0.0000e+00 -0.0000e+00 -0.0000e+00  3.2269e+01  5.6579e-01 -3.2269e+01 -5.6579e-01
-2.2917e+00     0.0000e+00  0.0000e+00 -0.0000e+00 -0.0000e+00  3.2269e+01  5.6579e-01 -3.2269e+01 -5.6579e-01
-2.2833e+00     0.0000e+00  0.0000e+00 -0.0000e+00 -0.0000e+00  3.2269e+01  5.6579e-01 -3.2269e+01 -5.6579e-01
-2.2750e+00     0.0000e+00  0.0000e+00 -0.0000e+00 -0.0000e+00  3.2269e+01  5.6579e-01 -3.2269e+01 -5.6579e-01
-2.2667e+00     0.0000e+00  0.0000e+00 -0.0000e+00 -0.0000e+00  3.2269e+01  5.6579e-01 -3.2269e+01 -5.6579e-01
-2.2583e+00     1.2195e+01  6.4842e-01 -1.2195e+01 -6.4842e-01  3.2320e+01  5.6849e-01 -3.2320e+01 -5.6849e-01
-2.2500e+00     9.9455e+00  3.6948e-01 -9.9455e+00 -3.6948e-01  3.2412e+01  5.7272e-01 -3.2412e+01 -5.7272e-01
-2.2417e+00     9.7588e+00  3.2149e-01 -9.7588e+00 -3.2149e-01  3.2494e+01  5.7560e-01 -3.2494e+01 -5.7560e-01
-2.2333e+00     8.5946e+00  2.7506e-01 -8.5946e+00 -2.7506e-01  3.2571e+01  5.7808e-01 -3.2571e+01 -5.7808e-01
-2.2250e+00     7.9492e+00  2.4256e-01 -7.9492e+00 -2.4256e-01  3.2639e+01  5.8023e-01 -3.2639e+01 -5.8023e-01
-2.2167e+00     7.6191e+00  2.2230e-01 -7.6191e+00 -2.2230e-01  3.2704e+01  5.8216e-01 -3.2704e+01 -5.8216e-01
-2.2083e+00     8.2147e+00  2.2494e-01 -8.2147e+00 -2.2494e-01  3.2770e+01  5.8403e-01 -3.2770e+01 -5.8403e-01
-2.2000e+00     8.5667e+00  2.2367e-01 -8.5667e+00 -2.2367e-01  3.2840e+01  5.8589e-01 -3.2840e+01 -5.8589e-01
-2.1917e+00     9.2118e+00  2.3966e-01 -9.2118e+00 -2.3966e-01  3.2914e+01  5.8782e-01 -3.2914e+01 -5.8782e-01
-2.1833e+00     9.2246e+00  2.4398e-01 -9.2246e+00 -2.4398e-01  3.2990e+01  5.8983e-01 -3.2990e+01 -5.8983e-01
-2.1750e+00     6.7715e+00  1.6783e-01 -6.7715e+00 -1.6783e-01  3.3057e+01  5.9154e-01 -3.3057e+01 -5.9154e-01
-2.1667e+00     6.8277e+00  1.5221e-01 -6.8277e+00 -1.5221e-01  3.3114e+01  5.9287e-01 -3.3114e+01 -5.9287e-01
-2.1583e+00     6.9991e+00  1.3565e-01 -6.9991e+00 -1.3565e-01  3.3171e+01  5.9407e-01 -3.3171e+01 -5.9407e-01
-2.1500e+00     4.8191e+00  7.8825e-02 -4.8191e+00 -7.8825e-02  3.3220e+01  5.9496e-01 -3.3220e+01 -5.9496e-01
-2.1417e+00     0.0000e+00  0.0000e+00 -0.0000e+00 -0.0000e+00  3.3240e+01  5.9529e-01 -3.3240e+01 -5.9529e-01
-2.1333e+00     0.0000e+00  0.0000e+00 -0.0000e+00 -0.0000e+00  3.3240e+01  5.9529e-01 -3.3240e+01 -5.9529e-01
-2.1250e+00     0.0000e+00  0.0000e+00 -0.0000e+00 -0.0000e+00  3.3240e+01  5.9529e-01 -3.3240e+01 -5.9529e-01
-2.1167e+00     0.0000e+00  0.0000e+00 -0.0000e+00 -0.0000e+00  3.3240e+01  5.9529e-01 -3.3240e+01 -5.9529e-01
-2.1083e+00     0.0000e+00  0.0000e+00 -0.0000e+00 -0.0000e+00  3.3240e+01  5.9529e-01 -3.3240e+01 -5.9529e-01
-2.1000e+00     0.0000e+00  0.0000e+00 -0.0000e+00 -0.0000e+00  3.3240e+01  5.9529e-01 -3.3240e+01 -5.9529e-01
-2.0917e+00     0.0000e+00  0.0000e+00 -0.0000e+00 -0.0000e+00  3.3240e+01  5.9529e-01 -3.3240e+01 -5.9529e-01
-2.0833e+00     0.0000e+00  0.0000e+00 -0.0000e+00 -0.0000e+00  3.3240e+01  5.9529e-01 -3.3240e+01 -5.9529e-01
-2.0750e+00     0.0000e+00  0.0000e+00 -0.0000e+00 -0.0000e+00  3.3240e+01  5.9529e-01 -3.3240e+01 -5.9529e-01
-2.0667e+00     0.0000e+00  0.0000e+00 -0.0000e+00 -0.0000e+00  3.3240e+01  5.9529e-01 -3.3240e+01 -5.9529e-01
-2.0583e+00     0.0000e+00  0.0000e+00 -0.0000e+00 -0.0000e+00  3.3240e+01  5.9529e-01 -3.3240e+01 -5.9529e-01
-2.0500e+00     0.0000e+00  0.0000e+00 -0.0000e+00 -0.0000e+00  3.3240e+01  5.9529e-01 -3.3240e+01 -5.9529e-01
-2.0417e+00     0.0000e+00  0.0000e+00 -0.0000e+00 -0.0000e+00  3.3240e+01  5.9529e-01 -3.3240e+01 -5.9529e-01
-2.0333e+00     0.0000e+00  0.0000e+00 -0.0000e+00 -0.0000e+00  3.3240e+01  5.9529e-01 -3.3240e+01 -5.9529e-01
-2.0250e+00     0.0000e+00  0.0000e+00 -0.0000e+00 -0.0000e+00  3.3240e+01  5.9529e-01 -3.3240e+01 -5.9529e-01
-2.0167e+00     1.8100e-01  1.2006e-02 -1.8100e-01 -1.2006e-02  3.3241e+01  5.9534e-01 -3.3241e+01 -5.9534e-01
-2.0083e+00     7.2450e-01  4.8040e-02 -7.2450e-01 -4.8040e-02  3.3245e+01  5.9559e-01 -3.3245e+01 -5.9559e-01
-2.0000e+00     1.3158e+00  8.7191e-02 -1.3158e+00 -8.7191e-02  3.3253e+01  5.9615e-01 -3.3253e+01 -5.9615e-01
-1.9917e+00     1.9549e+00  1.2946e-01 -1.9549e+00 -1.2946e-01  3.3267e+01  5.9706e-01 -3.3267e+01 -5.9706e-01
-1.9833e+00     3.7267e+00  2.2297e-01 -3.7267e+00 -2.2297e-01  3.3290e+01  5.9852e-01 -3.3290e+01 -5.9852e-01
-1.9750e+00     7.3448e+00  3.9893e-01 -7.3448e+00 -3.9893e-01  3.3337e+01  6.0111e-01 -3.3337e+01 -6.0111e-01
-1.9667e+00     8.4402e+00  4.4462e-01 -8.4402e+00 -4.4462e-01  3.3402e+01  6.0462e-01 -3.3402e+01 -6.0462e-01
-1.9583e+00     8.5114e+00  4.2966e-01 -8.5114e+00 -4.2966e-01  3.3473e+01  6.0825e-01 -3.3473e+01 -6.0825e-01
-1.9500e+00     7.2489e+00  3.6869e-01 -7.2489e+00 -3.6869e-01  3.3538e+01  6.1158e-01 -3.3538e+01 -6.1158e-01
-1.9417e+00     6.6861e+00  3.4356e-01 -6.6861e+00 -3.4356e-01  3.3596e+01  6.1454e-01 -3.3596e+01 -6.1454e-01
-1.9333e+00     6.1939e+00  3.2123e-01 -6.1939e+00 -3.2123e-01  3.3650e+01  6.1730e-01 -3.3650e+01 -6.1730e-01
-1.9250e+00     5.8875e+00  3.0497e-01 -5.8875e+00 -3.0497e-01  3.3700e+01  6.1991e-01 -3.3700e+01 -6.1991e-01
-1.9167e+00     5.6481e+00  2.8756e-01 -5.6481e+00 -2.8756e-01  3.3748e+01  6.2237e-01 -3.3748e+01 -6.2237e-01
-1.9083e+00     9.6595e+00  3.9618e-01 -9.6595e+00 -3.9618e-01  3.3812e+01  6.2522e-01 -3.3812e+01 -6.2522e-01
-1.9000e+00     9.0276e+00  4.2066e-01 -9.0276e+00 -4.2066e-01  3.3889e+01  6.2861e-01 -3.3889e+01 -6.2861e-01
-1.8917e+00     6.1381e+00  3.6192e-01 -6.1381e+00 -3.6192e-01  3.3953e+01  6.3187e-01 -3.3953e+01 -6.3187e-01
-1.8833e+00     3.7659e+00  2.8015e-01 -3.7659e+00 -2.8015e-01  3.3994e+01  6.3454e-01 -3.3994e+01 -6.3454e-01
-1.8750e+00     3.5168e+00  2.7002e-01 -3.5168e+00 -2.7002e-01  3.4024e+01  6.3683e-01 -3.4024e+01 -6.3683e-01
-1.8667e+00     3.4687e+00  2.6575e-01 -3.4687e+00 -2.6575e-01  3.4053e+01  6.3906e-01 -3.4053e+01 -6.3906e-01
-1.8583e+00     3.4200e+00  2.6079e-01 -3.4200e+00 -2.6079e-01  3.4082e+01  6.4125e-01 -3.4082e+01 -6.4125e-01
-1.8500e+00     3.3706e+00  2.5516e-01 -3.3706e+00 -2.5516e-01  3.4110e+01  6.4339e-01 -3.4110e+01 -6.4339e-01
-1.8417e+00     3.3206e+00  2.4886e-01 -3.3206e+00 -2.4886e-01  3.4138e+01  6.4549e-01 -3.4138e+01 -6.4549e-01
-1.8333e+00     3.3596e+00  2.5962e-01 -3.3596e+00 -2.5962e-01  3.4166e+01  6.4761e-01 -3.4166e+01 -6.4761e-01
-1.8250e+00     3.7726e+00  3.1320e-01 -3.7726e+00 -3.1320e-01  3.4195e+01  6.4999e-01 -3.4195e+01 -6.4999e-01
-1.8167e+00     3.9111e+00  3.4265e-01 -3.9111e+00 -3.4265e-01  3.4227e+01  6.5272e-01 -3.4227e+01 -6.5272e-01
-1.8083e+00     3.2512e+00  2.5796e-01 -3.2512e+00 -2.5796e-01  3.4257e+01  6.5522e-01 -3.4257e+01 -6.5522e-01
-1.8000e+00     2.6279e+00  1.7396e-01 -2.6279e+00 -1.7396e-01  3.4281e+01  6.5701e-01 -3.4281e+01 -6.5701e-01
-1.7917e+00     2.0572e+00  9.4703e-02 -2.0572e+00 -9.4703e-02  3.4301e+01  6.5813e-01 -3.4301e+01 -6.5813e-01
-1.7833e+00     2.1776e+00  2.3215e-02 -2.1776e+00 -2.3215e-02  3.4319e+01  6.5862e-01 -3.4319e+01 -6.5862e-01
-1.7750e+00     3.5222e+00  1.7822e-02 -3.5222e+00 -1.7822e-02  3.4342e+01  6.5879e-01 -3.4342e+01 -6.5879e-01
-1.7667e+00     5.1509e+00  2.1940e-02 -5.1509e+00 -2.1940e-02  3.4378e+01  6.5896e-01 -3.4378e+01 -6.5896e-01
-1.7583e+00     8.9870e+00  2.7306e-02 -8.9870e+00 -2.7306e-02  3.4437e+01  6.5916e-01 -3.4437e+01 -6.5916e-01
-1.7500e+00     6.3708e+00  2.1573e-02 -6.3708e+00 -2.1573e-02  3.4501e+01  6.5936e-01 -3.4501e+01 -6.5936e-01
-1.7417e+00     6.1025e+00  2.2952e-02 -6.1025e+00 -2.2952e-02  3.4553e+01  6.5955e-01 -3.4553e+01 -6.5955e-01
-1.7333e+00     5.7762e+00  2.4371e-02 -5.7762e+00 -2.4371e-02  3.4602e+01  6.5975e-01 -3.4602e+01 -6.5975e-01
-1.7250e+00     5.3921e+00  2.5828e-02 -5.3921e+00 -2.5828e-02  3.4649e+01  6.5996e-01 -3.4649e+01 -6.5996e-01
-1.7167e+00     4.9528e+00  2.7332e-02 -4.9528e+00 -2.7332e-02  3.4692e+01  6.6018e-01 -3.4692e+01 -6.6018e-01
-1.7083e+00     4.9260e+00  3.0038e-02 -4.9260e+00 -3.0038e-02  3.4733e+01  6.6042e-01 -3.4733e+01 -6.6042e-01
-1.7000e+00     5.0377e+00  3.2970e-02 -5.0377e+00 -3.2970e-02  3.4774e+01  6.6068e-01 -3.4774e+01 -6.6068e-01
-1.6917e+00     4.9834e+00  3.5563e-02 -4.9834e+00 -3.5563e-02  3.4816e+01  6.6096e-01 -3.4816e+01 -6.6096e-01
-1.6833e+00     5.6789e+00  4.3149e-02 -5.6789e+00 -4.3149e-02  3.4860e+01  6.6129e-01 -3.4860e+01 -6.6129e-01
-1.6750e+00     6.3613e+00  5.0306e-02 -6.3613e+00 -5.0306e-02  3.4911e+01  6.6168e-01 -3.4911e+01 -6.6168e-01
-1.6667e+00     6.9266e+00  5.6359e-02 -6.9266e+00 -5.6359e-02  3.4966e+01  6.6212e-01 -3.4966e+01 -6.6212e-01
-1.6583e+00     8.4409e+00  7.5053e-02 -8.4409e+00 -7.5053e-02  3.5030e+01  6.6267e-01 -3.5030e+01 -6.6267e-01
-1.6500e+00     4.9901e+00  5.0954e-02 -4.9901e+00 -5.0954e-02  3.5086e+01  6.6319e-01 -3.5086e+01 -6.6319e-01
-1.6417e+00     3.8690e+00  3.9523e-02 -3.8690e+00 -3.9523e-02  3.5122e+01  6.6357e-01 -3.5122e+01 -6.6357e-01
-1.6333e+00     3.5939e+00  3.6452e-02 -3.5939e+00 -3.6452e-02  3.5153e+01  6.6389e-01 -3.5153e+01 -6.6389e-01
-1.6250e+00     3.3241e+00  3.3572e-02 -3.3241e+00 -3.3572e-02  3.5182e+01  6.6418e-01 -3.5182e+01 -6.6418e-01
-1.6167e+00     3.0595e+00  3.0883e-02 -3.0595e+00 -3.0883e-02  3.5209e+01  6.6445e-01 -3.5209e+01 -6.6445e-01
-1.6083e+00     2.8037e+00  2.8407e-02 -2.8037e+00 -2.8407e-02  3.5233e+01  6.6469e-01 -3.5233e+01 -6.6469e-01
-1.6000e+00     2.7560e+00  2.7573e-02 -2.7560e+00 -2.7573e-02  3.5256e+01  6.6492e-01 -3.5256e+01 -6.6492e-01
-1.5917e+00     2.7018e+00  2.7298e-02 -2.7018e+00 -2.7298e-02  3.5279e+01  6.6515e-01 -3.5279e+01 -6.6515e-01
-1.5833e+00     2.8084e+00  2.7911e-02 -2.8084e+00 -2.7911e-02  3.5302e+01  6.6538e-01 -3.5302e+01 -6.6538e-01
-1.5750e+00     2.9202e+00  2.8346e-02 -2.9202e+00 -2.8346e-02  3.5326e+01  6.6562e-01 -3.5326e+01 -6.6562e-01
-1.5667e+00     2.9729e+00  2.8454e-02 -2.9729e+00 -2.8454e-02  3.5350e+01  6.6585e-01 -3.5350e+01 -6.6585e-01
-1.5583e+00     2.9705e+00  2.8621e-02 -2.9705e+00 -2.8621e-02  3.5375e+01  6.6609e-01 -3.5375e+01 -6.6609e-01
-1.5500e+00     2.8044e+00  2.8462e-02 -2.8044e+00 -2.8462e-02  3.5399e+01  6.6633e-01 -3.5399e+01 -6.6633e-01
-1.5417e+00     2.5981e+00  2.8142e-02 -2.5981e+00 -2.8142e-02  3.5422e+01  6.6656e-01 -3.5422e+01 -6.6656e-01
-1.5333e+00     2.4108e+00  2.7964e-02 -2.4108e+00 -2.7964e-02  3.5442e+01  6.6680e-01 -3.5442e+01 -6.6680e-01
-1.5250e+00     2.2424e+00  2.7929e-02 -2.2424e+00 -2.7929e-02  3.5462e+01  6.6703e-01 -3.5462e+01 -6.6703e-01
-1.5167e+00     2.0930e+00  2.8036e-02 -2.0930e+00 -2.8036e-02  3.5480e+01  6.6726e-01 -3.5480e+01 -6.6726e-01
-1.5083e+00     1.9625e+00  2.8285e-02 -1.9625e+00 -2.8285e-02  3.5497e+01  6.6750e-01 -3.5497e+01 -6.6750e-01
-1.5000e+00     2.0216e+00  2.9517e-02 -2.0216e+00 -2.9517e-02  3.5513e+01  6.6774e-01 -3.5513e+01 -6.6774e-01
-1.4917e+00     3.4112e+00  6.0089e-02 -3.4112e+00 -6.0089e-02  3.5536e+01  6.6811e-01 -3.5536e+01 -6.6811e-01
-1.4833e+00     5.2887e+00  9.7510e-02 -5.2887e+00 -9.7510e-02  3.5572e+01  6.6876e-01 -3.5572e+01 -6.6876e-01
-1.4750e+00     5.5368e+00  9.9349e-02 -5.5368e+00 -9.9349e-02  3.5617e+01  6.6958e-01 -3.5617e+01 -6.6958e-01
-1.4667e+00     5.3199e+00  9.1806e-02 -5.3199e+00 -9.1806e-02  3.5662e+01  6.7038e-01 -3.5662e+01 -6.7038e-01
-1.4583e+00     4.7561e+00  7.9822e-02 -4.7561e+00 -7.9822e-02  3.5704e+01  6.7109e-01 -3.5704e+01 -6.7109e-01
-1.4500e+00     5.1621e+00  7.5182e-02 -5.1621e+00 -7.5182e-02  3.5745e+01  6.7174e-01 -3.5745e+01 -6.7174e-01
-1.4417e+00     6.7204e+00  8.0811e-02 -6.7204e+00 -8.0811e-02  3.5795e+01  6.7239e-01 -3.5795e+01 -6.7239e-01
-1.4333e+00     8.8360e+00  9.1036e-02 -8.8360e+00 -9.1036e-02  3.5859e+01  6.7310e-01 -3.5859e+01 -6.7310e-01
-1.4250e+00     9.9099e+00  1.0018e-01 -9.9099e+00 -1.0018e-01  3.5937e+01  6.7390e-01 -3.5937e+01 -6.7390e-01
-1.4167e+00     1.3298e+01  1.3481e-01 -1.3298e+01 -1.3481e-01  3.6034e+01  6.7487e-01 -3.6034e+01 -6.7487e-01
-1.4083e+00     1.7838e+01  1.8545e-01 -1.7838e+01 -1.8545e-01  3.6164e+01  6.7621e-01 -3.6164e+01 -6.7621e-01
-1.4000e+00     1.6365e+01  1.3764e-01 -1.6365e+01 -1.3764e-01  3.6306e+01  6.7755e-01 -3.6306e+01 -6.7755e-01
-1.3917e+00     1.1959e+01  1.0321e-01 -1.1959e+01 -1.0321e-01  3.6424e+01  6.7855e-01 -3.6424e+01 -6.7855e-01
-1.3833e+00     8.7305e+00  9.2505e-02 -8.7305e+00 -9.2505e-02  3.6510e+01  6.7937e-01 -3.6510e+01 -6.7937e-01
-1.3750e+00     6.2451e+00  8.3624e-02 -6.2451e+00 -8.3624e-02  3.6572e+01  6.8010e-01 -3.6572e+01 -6.8010e-01
-1.3667e+00     6.6680e+00  8.8734e-02 -6.6680e+00 -8.8734e-02  3.6626e+01  6.8082e-01 -3.6626e+01 -6.8082e-01
-1.3583e+00     6.9509e+00  9.0903e-02 -6.9509e+00 -9.0903e-02  3.6682e+01  6.8156e-01 -3.6682e+01 -6.8156e-01
-1.3500e+00     7.2858e+00  8.5473e-02 -7.2858e+00 -8.5473e-02  3.6742e+01  6.8230e-01 -3.6742e+01 -6.8230e-01
-1.3417e+00     9.8549e+00  1.0819e-01 -9.8549e+00 -1.0819e-01  3.6813e+01  6.8310e-01 -3.6813e+01 -6.8310e-01
-1.3333e+00     1.0871e+01  1.1529e-01 -1.0871e+01 -1.1529e-01  3.6899e+01  6.8403e-01 -3.6899e+01 -6.8403e-01
-1.3250e+00     1.1988e+01  1.2647e-01 -1.1988e+01 -1.2647e-01  3.6994e+01  6.8504e-01 -3.6994e+01 -6.8504e-01
-1.3167e+00     1.4353e+01  1.6892e-01 -1.4353e+01 -1.6892e-01  3.7104e+01  6.8627e-01 -3.7104e+01 -6.8627e-01
-1.3083e+00     1.7126e+01  2.2096e-01 -1.7126e+01 -2.2096e-01  3.7235e+01  6.8789e-01 -3.7235e+01 -6.8789e-01
-1.3000e+00     1.8254e+01  2.3562e-01 -1.8254e+01 -2.3562e-01  3.7382e+01  6.8979e-01 -3.7382e+01 -6.8979e-01
-1.2917e+00     1.3953e+01  1.5544e-01 -1.3953e+01 -1.5544e-01  3.7516e+01  6.9141e-01 -3.7516e+01 -6.9141e-01
-1.2833e+00     1.1595e+01  1.2934e-01 -1.1595e+01 -1.2934e-01  3.7622e+01  6.9260e-01 -3.7622e+01 -6.9260e-01
-1.2750e+00     1.0400e+01  1.1803e-01 -1.0400e+01 -1.1803e-01  3.7714e+01  6.9363e-01 -3.7714e+01 -6.9363e-01
-1.2667e+00     8.4959e+00  1.0325e-01 -8.4959e+00 -1.0325e-01  3.7792e+01  6.9455e-01 -3.7792e+01 -6.9455e-01
-1.2583e+00     8.3674e+00  1.0739e-01 -8.3674e+00 -1.0739e-01  3.7862e+01  6.9542e-01 -3.7862e+01 -6.9542e-01
-1.2500e+00     8.6777e+00  1.1826e-01 -8.6777e+00 -1.1826e-01  3.7933e+01  6.9636e-01 -3.7933e+01 -6.9636e-01
-1.2417e+00     1.1493e+01  1.7989e-01 -1.1493e+01 -1.7989e-01  3.8017e+01  6.9760e-01 -3.8017e+01 -6.9760e-01
-1.2333e+00     1.7102e+01  2.7777e-01 -1.7102e+01 -2.7777e-01  3.8136e+01  6.9951e-01 -3.8136e+01 -6.9951e-01
-1.2250e+00     1.2682e+01  1.9371e-01 -1.2682e+01 -1.9371e-01  3.8260e+01  7.0147e-01 -3.8260e+01 -7.0147e-01
-1.2167e+00     1.1966e+01  1.9098e-01 -1.1966e+01 -1.9098e-01  3.8363e+01  7.0307e-01 -3.8363e+01 -7.0307e-01
-1.2083e+00     1.1516e+01  1.9263e-01 -1.1516e+01 -1.9263e-01  3.8460e+01  7.0466e-01 -3.8460e+01 -7.0466e-01
-1.2000e+00     8.8321e+00  1.6201e-01 -8.8321e+00 -1.6201e-01  3.8545e+01  7.0614e-01 -3.8545e+01 -7.0614e-01
-1.1917e+00     9.8262e+00  1.7819e-01 -9.8262e+00 -1.7819e-01  3.8622e+01  7.0755e-01 -3.8622e+01 -7.0755e-01
-1.1833e+00     1.0894e+01  1.9120e-01 -1.0894e+01 -1.9120e-01  3.8709e+01  7.0909e-01 -3.8709e+01 -7.0909e-01
-1.1750e+00     1.2075e+01  2.0002e-01 -1.2075e+01 -2.0002e-01  3.8804e+01  7.1072e-01 -3.8804e+01 -7.1072e-01
-1.1667e+00     1.4363e+01  2.2947e-01 -1.4363e+01 -2.2947e-01  3.8914e+01  7.1251e-01 -3.8914e+01 -7.1251e-01
-1.1583e+00     1.8403e+01  2.9011e-01 -1.8403e+01 -2.9011e-01  3.9050e+01  7.1467e-01 -3.9050e+01 -7.1467e-01
-1.1500e+00     2.0588e+01  3.1642e-01 -2.0588e+01 -3.1642e-01  3.9213e+01  7.1719e-01 -3.9213e+01 -7.1719e-01
-1.1417e+00     1.7551e+01  2.5036e-01 -1.7551e+01 -2.5036e-01  3.9371e+01  7.1955e-01 -3.9371e+01 -7.1955e-01
-1.1333e+00     1.4882e+01  2.0425e-01 -1.4882e+01 -2.0425e-01  3.9506e+01  7.2144e-01 -3.9506e+01 -7.2144e-01
-1.1250e+00     1.1709e+01  1.7311e-01 -1.1709e+01 -1.7311e-01  3.9617e+01  7.2301e-01 -3.9617e+01 -7.2301e-01
-1.1167e+00     1.1109e+01  1.5749e-01 -1.1109e+01 -1.5749e-01  3.9712e+01  7.2438e-01 -3.9712e+01 -7.2438e-01
-1.1083e+00     1.5271e+01  1.7808e-01 -1.5271e+01 -1.7808e-01  3.9821e+01  7.2578e-01 -3.9821e+01 -7.2578e-01
-1.1000e+00     1.3455e+01  1.5055e-01 -1.3455e+01 -1.5055e-01  3.9941e+01  7.2715e-01 -3.9941e+01 -7.2715e-01
-1.0917e+00     1.1494e+01  1.2079e-01 -1.1494e+01 -1.2079e-01  4.0045e+01  7.2827e-01 -4.0045e+01 -7.2827e-01
-1.0833e+00     1.1230e+01  1.1168e-01 -1.1230e+01 -1.1168e-01  4.0139e+01  7.2924e-01 -4.0139e+01 -7.2924e-01
-1.0750e+00     1.1128e+01  1.0680e-01 -1.1128e+01 -1.0680e-01  4.0232e+01  7.3015e-01 -4.0232e+01 -7.3015e-01
-1.0667e+00     1.6691e+01  1.4453e-01 -1.6691e+01 -1.4453e-01  4.0348e+01  7.3120e-01 -4.0348e+01 -7.3120e-01
-1.0583e+00     1.6181e+01  1.4408e-01 -1.6181e+01 -1.4408e-01  4.0485e+01  7.3240e-01 -4.0485e+01 -7.3240e-01
-1.0500e+00     1.1525e+01  1.0036e-01 -1.1525e+01 -1.0036e-01  4.0600e+01  7.3341e-01 -4.0600e+01 -7.3341e-01
-1.0417e+00     1.1153e+01  9.6612e-02 -1.1153e+01 -9.6612e-02  4.0694e+01  7.3423e-01 -4.0694e+01 -7.3423e-01
-1.0333e+00     1.1412e+01  1.0311e-01 -1.1412e+01 -1.0311e-01  4.0788e+01  7.3506e-01 -4.0788e+01 -7.3506e-01
-1.0250e+00     1.3233e+01  1.2662e-01 -1.3233e+01 -1.2662e-01  4.0891e+01  7.3602e-01 -4.0891e+01 -7.3602e-01
-1.0167e+00     1.2888e+01  1.2747e-01 -1.2888e+01 -1.2747e-01  4.0999e+01  7.3708e-01 -4.0999e+01 -7.3708e-01
-1.0083e+00     1.2662e+01  1.2710e-01 -1.2662e+01 -1.2710e-01  4.1106e+01  7.3814e-01 -4.1106e+01 -7.3814e-01
-1.0000e+00     1.2664e+01  1.2310e-01 -1.2664e+01 -1.2310e-01  4.1211e+01  7.3918e-01 -4.1211e+01 -7.3918e-01
-9.9167e-01     1.1995e+01  1.1860e-01 -1.1995e+01 -1.1860e-01  4.1314e+01  7.4018e-01 -4.1314e+01 -7.4018e-01
-9.8333e-01     1.1040e+01  1.0675e-01 -1.1040e+01 -1.0675e-01  4.1409e+01  7.4112e-01 -4.1409e+01 -7.4112e-01
-9.7500e-01     1.0346e+01  9.8667e-02 -1.0346e+01 -9.8667e-02  4.1498e+01  7.4197e-01 -4.1498e+01 -7.4197e-01
-9.6667e-01     9.7256e+00  9.2262e-02 -9.7256e+00 -9.2262e-02  4.1582e+01  7.4277e-01 -4.1582e+01 -7.4277e-01
-9.5833e-01     9.7156e+00  9.1742e-02 -9.7156e+00 -9.1742e-02  4.1663e+01  7.4353e-01 -4.1663e+01 -7.4353e-01
-9.5000e-01     1.0222e+01  9.3814e-02 -1.0222e+01 -9.3814e-02  4.1746e+01  7.4430e-01 -4.1746e+01 -7.4430e-01
-9.4167e-01     1.0850e+01  9.9887e-02 -1.0850e+01 -9.9887e-02  4.1833e+01  7.4511e-01 -4.1833e+01 -7.4511e-01
-9.3333e-01     1.1864e+01  1.1329e-01 -1.1864e+01 -1.1329e-01  4.1928e+01  7.4600e-01 -4.1928e+01 -7.4600e-01
-9.2500e-01     1.4182e+01  1.4893e-01 -1.4182e+01 -1.4893e-01  4.2036e+01  7.4709e-01 -4.2036e+01 -7.4709e-01
-9.1667e-01     1.3430e+01  1.4407e-01 -1.3430e+01 -1.4407e-01  4.2151e+01  7.4831e-01 -4.2151e+01 -7.4831e-01
-9.0833e-01     1.3954e+01  1.5394e-01 -1.3954e+01 -1.5394e-01  4.2265e+01  7.4955e-01 -4.2265e+01 -7.4955e-01
-9.0000e-01     1.5155e+01  1.7183e-01 -1.5155e+01 -1.7183e-01  4.2386e+01  7.5090e-01 -4.2386e+01 -7.5090e-01
-8.9167e-01     1.2607e+01  1.6216e-01 -1.2607e+01 -1.6216e-01  4.2501e+01  7.5229e-01 -4.2501e+01 -7.5229e-01
-8.8333e-01     1.2059e+01  1.5946e-01 -1.2059e+01 -1.5946e-01  4.2604e+01  7.5363e-01 -4.2604e+01 -7.5363e-01
-8.7500e-01     1.1230e+01  1.5416e-01 -1.1230e+01 -1.5416e-01  4.2701e+01  7.5493e-01 -4.2701e+01 -7.5493e-01
-8.6667e-01     1.1587e+01  1.5900e-01 -1.1587e+01 -1.5900e-01  4.2796e+01  7.5624e-01 -4.2796e+01 -7.5624e-01
-8.5833e-01     1.1066e+01  1.4161e-01 -1.1066e+01 -1.4161e-01  4.2890e+01  7.5749e-01 -4.2890e+01 -7.5749e-01
-8.5000e-01     1.0941e+01  1.4032e-01 -1.0941e+01 -1.4032e-01  4.2982e+01  7.5866e-01 -4.2982e+01 -7.5866e-01
-8.4167e-01     1.0690e+01  1.3668e-01 -1.0690e+01 -1.3668e-01  4.3072e+01  7.5981e-01 -4.3072e+01 -7.5981e-01
-8.3333e-01     1.1366e+01  1.3577e-01 -1.1366e+01 -1.3577e-01  4.3163e+01  7.6094e-01 -4.3163e+01 -7.6094e-01
-8.2500e-01     1.2005e+01  1.3635e-01 -1.2005e+01 -1.3635e-01  4.3261e+01  7.6208e-01 -4.3261e+01 -7.6208e-01
-8.1667e-01     1.1737e+01  1.3417e-01 -1.1737e+01 -1.3417e-01  4.3359e+01  7.6320e-01 -4.3359e+01 -7.6320e-01
-8.0833e-01     1.0485e+01  1.2633e-01 -1.0485e+01 -1.2633e-01  4.3452e+01  7.6429e-01 -4.3452e+01 -7.6429e-01
-8.0000e-01     9.2740e+00  1.1581e-01 -9.2740e+00 -1.1581e-01  4.3534e+01  7.6529e-01 -4.3534e+01 -7.6529e-01
-7.9167e-01     8.9461e+00  1.1085e-01 -8.9461e+00 -1.1085e-01  4.3610e+01  7.6624e-01 -4.3610e+01 -7.6624e-01
-7.8333e-01     1.2878e+01  1.3003e-01 -1.2878e+01 -1.3003e-01  4.3701e+01  7.6724e-01 -4.3701e+01 -7.6724e-01
-7.7500e-01     1.5495e+01  1.4520e-01 -1.5495e+01 -1.4520e-01  4.3819e+01  7.6838e-01 -4.3819e+01 -7.6838e-01
-7.6667e-01     1.6983e+01  1.5620e-01 -1.6983e+01 -1.5620e-01  4.3954e+01  7.6964e-01 -4.3954e+01 -7.6964e-01
-7.5833e-01     1.3472e+01  1.4283e-01 -1.3472e+01 -1.4283e-01  4.4080e+01  7.7088e-01 -4.4080e+01 -7.7088e-01
-7.5000e-01     1.3864e+01  1.4755e-01 -1.3864e+01 -1.4755e-01  4.4194e+01  7.7209e-01 -4.4194e+01 -7.7209e-01
-7.4167e-01     1.4167e+01  1.4882e-01 -1.4167e+01 -1.4882e-01  4.4311e+01  7.7332e-01 -4.4311e+01 -7.7332e-01
-7.3333e-01     1.3628e+01  1.4647e-01 -1.3628e+01 -1.4647e-01  4.4426e+01  7.7455e-01 -4.4426e+01 -7.7455e-01
-7.2500e-01     1.2815e+01  1.3876e-01 -1.2815e+01 -1.3876e-01  4.4536e+01  7.7574e-01 -4.4536e+01 -7.7574e-01
-7.1667e-01     1.5451e+01  1.5069e-01 -1.5451e+01 -1.5069e-01  4.4654e+01  7.7694e-01 -4.4654e+01 -7.7694e-01
-7.0833e-01     1.5190e+01  1.4962e-01 -1.5190e+01 -1.4962e-01  4.4781e+01  7.7819e-01 -4.4781e+01 -7.7819e-01
-7.0000e-01     1.4838e+01  1.4519e-01 -1.4838e+01 -1.4519e-01  4.4906e+01  7.7942e-01 -4.4906e+01 -7.7942e-01
-6.9167e-01     1.5002e+01  1.4266e-01 -1.5002e+01 -1.4266e-01  4.5030e+01  7.8061e-01 -4.5030e+01 -7.8061e-01
-6.8333e-01     1.5192e+01  1.4070e-01 -1.5192e+01 -1.4070e-01  4.5156e+01  7.8179e-01 -4.5156e+01 -7.8179e-01
-6.7500e-01     1.5396e+01  1.4379e-01 -1.5396e+01 -1.4379e-01  4.5283e+01  7.8297e-01 -4.5283e+01 -7.8297e-01
-6.6667e-01     1.8015e+01  1.7068e-01 -1.8015e+01 -1.7068e-01  4.5422e+01  7.8428e-01 -4.5422e+01 -7.8428e-01
-6.5833e-01     1.7790e+01  1.7134e-01 -1.7790e+01 -1.7134e-01  4.5571e+01  7.8571e-01 -4.5571e+01 -7.8571e-01
-6.5000e-01     1.6813e+01  1.6564e-01 -1.6813e+01 -1.6564e-01  4.5715e+01  7.8711e-01 -4.5715e+01 -7.8711e-01
-6.4167e-01     1.5598e+01  1.5006e-01 -1.5598e+01 -1.5006e-01  4.5850e+01  7.8842e-01 -4.5850e+01 -7.8842e-01
-6.3333e-01     1.3659e+01  1.2098e-01 -1.3659e+01 -1.2098e-01  4.5972e+01  7.8955e-01 -4.5972e+01 -7.8955e-01
-6.2500e-01     1.3349e+01  1.2081e-01 -1.3349e+01 -1.2081e-01  4.6084e+01  7.9055e-01 -4.6084e+01 -7.9055e-01
-6.1667e-01     1.2994e+01  1.2074e-01 -1.2994e+01 -1.2074e-01  4.6194e+01  7.9156e-01 -4.6194e+01 -7.9156e-01
-6.0833e-01     1.3773e+01  1.3036e-01 -1.3773e+01 -1.3036e-01  4.6305e+01  7.9260e-01 -4.6305e+01 -7.9260e-01
-6.0000e-01     1.5800e+01  1.5133e-01 -1.5800e+01 -1.5133e-01  4.6428e+01  7.9377e-01 -4.6428e+01 -7.9377e-01
-5.9167e-01     2.0268e+01  1.9346e-01 -2.0268e+01 -1.9346e-01  4.6578e+01  7.9521e-01 -4.6578e+01 -7.9521e-01
-5.8333e-01     1.8681e+01  1.7475e-01 -1.8681e+01 -1.7475e-01  4.6740e+01  7.9674e-01 -4.6740e+01 -7.9674e-01
-5.7500e-01     1.7321e+01  1.6048e-01 -1.7321e+01 -1.6048e-01  4.6890e+01  7.9814e-01 -4.6890e+01 -7.9814e-01
-5.6667e-01     2.0832e+01  1.9686e-01 -2.0832e+01 -1.9686e-01  4.7048e+01  7.9962e-01 -4.7048e+01 -7.9962e-01
-5.5833e-01     2.0953e+01  1.9487e-01 -2.0953e+01 -1.9487e-01  4.7222e+01  8.0125e-01 -4.7222e+01 -8.0125e-01
-5.5000e-01     2.0966e+01  2.0933e-01 -2.0966e+01 -2.0933e-01  4.7397e+01  8.0293e-01 -4.7397e+01 -8.0293e-01
-5.4167e-01     1.7867e+01  1.9195e-01 -1.7867e+01 -1.9195e-01  4.7558e+01  8.0460e-01 -4.7558e+01 -8.0460e-01
-5.3333e-01     1.6511e+01  1.8029e-01 -1.6511e+01 -1.8029e-01  4.7701e+01  8.0615e-01 -4.7701e+01 -8.0615e-01
-5.2500e-01     1.6575e+01  1.8065e-01 -1.6575e+01 -1.8065e-01  4.7839e+01  8.0765e-01 -4.7839e+01 -8.0765e-01
-5.1667e-01     1.5995e+01  1.8369e-01 -1.5995e+01 -1.8369e-01  4.7974e+01  8.0917e-01 -4.7974e+01 -8.0917e-01
-5.0833e-01     1.5524e+01  1.8609e-01 -1.5524e+01 -1.8609e-01  4.8105e+01  8.1071e-01 -4.8105e+01 -8.1071e-01
-5.0000e-01     1.5527e+01  1.8033e-01 -1.5527e+01 -1.8033e-01  4.8234e+01  8.1223e-01 -4.8234e+01 -8.1223e-01
-4.9167e-01     1.7433e+01  2.0833e-01 -1.7433e+01 -2.0833e-01  4.8372e+01  8.1385e-01 -4.8372e+01 -8.1385e-01
-4.8333e-01     1.6441e+01  1.9533e-01 -1.6441e+01 -1.9533e-01  4.8512e+01  8.1553e-01 -4.8512e+01 -8.1553e-01
-4.7500e-01     1.5203e+01  1.7205e-01 -1.5203e+01 -1.7205e-01  4.8644e+01  8.1705e-01 -4.8644e+01 -8.1705e-01
-4.6667e-01     1.6476e+01  1.7831e-01 -1.6476e+01 -1.7831e-01  4.8776e+01  8.1851e-01 -4.8776e+01 -8.1851e-01
-4.5833e-01     2.1731e+01  2.2619e-01 -2.1731e+01 -2.2619e-01  4.8935e+01  8.2019e-01 -4.8935e+01 -8.2019e-01
-4.5000e-01     2.2245e+01  2.2515e-01 -2.2245e+01 -2.2515e-01  4.9118e+01  8.2207e-01 -4.9118e+01 -8.2207e-01
-4.4167e-01     1.8241e+01  1.8443e-01 -1.8241e+01 -1.8443e-01  4.9286e+01  8.2377e-01 -4.9286e+01 -8.2377e-01
-4.3333e-01     1.7821e+01  1.7237e-01 -1.7821e+01 -1.7237e-01  4.9436e+01  8.2526e-01 -4.9436e+01 -8.2526e-01
-4.2500e-01     1.7430e+01  1.7172e-01 -1.7430e+01 -1.7172e-01  4.9583e+01  8.2669e-01 -4.9583e+01 -8.2669e-01
-4.1667e-01     1.7822e+01  1.7679e-01 -1.7822e+01 -1.7679e-01  4.9729e+01  8.2814e-01 -4.9729e+01 -8.2814e-01
-4.0833e-01     2.0425e+01  2.0550e-01 -2.0425e+01 -2.0550e-01  4.9889e+01  8.2973e-01 -4.9889e+01 -8.2973e-01
-4.0000e-01     2.0062e+01  1.9446e-01 -2.0062e+01 -1.9446e-01  5.0057e+01  8.3139e-01 -5.0057e+01 -8.3139e-01
-3.9167e-01     1.7847e+01  1.8309e-01 -1.7847e+01 -1.8309e-01  5.0215e+01  8.3296e-01 -5.0215e+01 -8.3296e-01
-3.8333e-01     1.6875e+01  1.9395e-01 -1.6875e+01 -1.9395e-01  5.0359e+01  8.3453e-01 -5.0359e+01 -8.3453e-01
-3.7500e-01     1.6547e+01  1.8519e-01 -1.6547e+01 -1.8519e-01  5.0498e+01  8.3611e-01 -5.0498e+01 -8.3611e-01
-3.6667e-01     1.6591e+01  1.8245e-01 -1.6591e+01 -1.8245e-01  5.0636e+01  8.3764e-01 -5.0636e+01 -8.3764e-01
-3.5833e-01     1.7820e+01  1.9079e-01 -1.7820e+01 -1.9079e-01  5.0779e+01  8.3919e-01 -5.0779e+01 -8.3919e-01
-3.5000e-01     1.8493e+01  1.9255e-01 -1.8493e+01 -1.9255e-01  5.0930e+01  8.4079e-01 -5.0930e+01 -8.4079e-01
-3.4167e-01     1.6409e+01  1.5482e-01 -1.6409e+01 -1.5482e-01  5.1075e+01  8.4223e-01 -5.1075e+01 -8.4223e-01
-3.3333e-01     1.3468e+01  1.2694e-01 -1.3468e+01 -1.2694e-01  5.1200e+01  8.4340e-01 -5.1200e+01 -8.4340e-01
-3.2500e-01     1.6790e+01  1.4429e-01 -1.6790e+01 -1.4429e-01  5.1325e+01  8.4453e-01 -5.1325e+01 -8.4453e-01
-3.1667e-01     1.6640e+01  1.5465e-01 -1.6640e+01 -1.5465e-01  5.1465e+01  8.4578e-01 -5.1465e+01 -8.4578e-01
-3.0833e-01     1.6386e+01  1.7272e-01 -1.6386e+01 -1.7272e-01  5.1602e+01  8.4714e-01 -5.1602e+01 -8.4714e-01
-3.0000e-01     1.9830e+01  2.0952e-01 -1.9830e+01 -2.0952e-01  5.1753e+01  8.4873e-01 -5.1753e+01 -8.4873e-01
-2.9167e-01     2.1895e+01  2.2866e-01 -2.1895e+01 -2.2866e-01  5.1926e+01  8.5055e-01 -5.1926e+01 -8.5055e-01
-2.8333e-01     2.2989e+01  2.5226e-01 -2.2989e+01 -2.5226e-01  5.2113e+01  8.5255e-01 -5.2113e+01 -8.5255e-01
-2.7500e-01     2.1439e+01  2.4140e-01 -2.1439e+01 -2.4140e-01  5.2298e+01  8.5460e-01 -5.2298e+01 -8.5460e-01
-2.6667e-01     2.0137e+01  2.2896e-01 -2.0137e+01 -2.2896e-01  5.2471e+01  8.5656e-01 -5.2471e+01 -8.5656e-01
-2.5833e-01     2.0392e+01  2.3608e-01 -2.0392e+01 -2.3608e-01  5.2639e+01  8.5849e-01 -5.2639e+01 -8.5849e-01
-2.5000e-01     2.2788e+01  2.9027e-01 -2.2788e+01 -2.9027e-01  5.2819e+01  8.6068e-01 -5.2819e+01 -8.6068e-01
-2.4167e-01     2.0569e+01  2.5226e-01 -2.0569e+01 -2.5226e-01  5.2999e+01  8.6294e-01 -5.2999e+01 -8.6294e-01
-2.3333e-01     1.9309e+01  2.2765e-01 -1.9309e+01 -2.2765e-01  5.3165e+01  8.6494e-01 -5.3165e+01 -8.6494e-01
-2.2500e-01     1.9000e+01  2.1824e-01 -1.9000e+01 -2.1824e-01  5.3324e+01  8.6679e-01 -5.3324e+01 -8.6679e-01
-2.1667e-01     1.9729e+01  2.3691e-01 -1.9729e+01 -2.3691e-01  5.3485e+01  8.6869e-01 -5.3485e+01 -8.6869e-01
-2.0833e-01     2.0545e+01  2.3627e-01 -2.0545e+01 -2.3627e-01  5.3653e+01  8.7065e-01 -5.3653e+01 -8.7065e-01
-2.0000e-01     2.1233e+01  2.3366e-01 -2.1233e+01 -2.3366e-01  5.3827e+01  8.7261e-01 -5.3827e+01 -8.7261e-01
-1.9167e-01     2.1149e+01  2.4469e-01 -2.1149e+01 -2.4469e-01  5.4003e+01  8.7460e-01 -5.4003e+01 -8.7460e-01
-1.8333e-01     2.1485e+01  2.5270e-01 -2.1485e+01 -2.5270e-01  5.4180e+01  8.7667e-01 -5.4180e+01 -8.7667e-01
-1.7500e-01     2.2628e+01  2.6841e-01 -2.2628e+01 -2.6841e-01  5.4364e+01  8.7883e-01 -5.4364e+01 -8.7883e-01
-1.6667e-01     2.4667e+01  2.9071e-01 -2.4667e+01 -2.9071e-01  5.4561e+01  8.8116e-01 -5.4561e+01 -8.8116e-01
-1.5833e-01     1.9454e+01  2.0398e-01 -1.9454e+01 -2.0398e-01  5.4744e+01  8.8322e-01 -5.4744e+01 -8.8322e-01
-1.5000e-01     1.7770e+01  1.8712e-01 -1.7770e+01 -1.8712e-01  5.4899e+01  8.8485e-01 -5.4899e+01 -8.8485e-01
-1.4167e-01     2.0225e+01  2.0389e-01 -2.0225e+01 -2.0389e-01  5.5057e+01  8.8647e-01 -5.5057e+01 -8.8647e-01
-1.3333e-01     1.8036e+01  1.9676e-01 -1.8036e+01 -1.9676e-01  5.5216e+01  8.8814e-01 -5.5216e+01 -8.8814e-01
-1.2500e-01     1.8345e+01  2.1180e-01 -1.8345e+01 -2.1180e-01  5.5368e+01  8.8984e-01 -5.5368e+01 -8.8984e-01
-1.1667e-01     2.0027e+01  2.5372e-01 -2.0027e+01 -2.5372e-01  5.5527e+01  8.9177e-01 -5.5527e+01 -8.9177e-01
-1.0833e-01     2.1239e+01  2.8363e-01 -2.1239e+01 -2.8363e-01  5.5699e+01  8.9401e-01 -5.5699e+01 -8.9401e-01
-1.0000e-01     2.1048e+01  3.0103e-01 -2.1048e+01 -3.0103e-01  5.5875e+01  8.9644e-01 -5.5875e+01 -8.9644e-01
-9.1667e-02     1.9092e+01  2.6730e-01 -1.9092e+01 -2.6730e-01  5.6042e+01  8.9881e-01 -5.6042e+01 -8.9881e-01
-8.3333e-02     1.9702e+01  2.6646e-01 -1.9702e+01 -2.6646e-01  5.6203e+01  9.0103e-01 -5.6203e+01 -9.0103e-01
-7.5000e-02     1.9535e+01  2.6614e-01 -1.9535e+01 -2.6614e-01  5.6366e+01  9.0324e-01 -5.6366e+01 -9.0324e-01
-6.6667e-02     2.0948e+01  3.0169e-01 -2.0948e+01 -3.0169e-01  5.6535e+01  9.0560e-01 -5.6535e+01 -9.0560e-01
-5.8333e-02     1.9733e+01  2.7777e-01 -1.9733e+01 -2.7777e-01  5.6704e+01  9.0801e-01 -5.6704e+01 -9.0801e-01
-5.0000e-02     2.2752e+01  3.1609e-01 -2.2752e+01 -3.1609e-01  5.6881e+01  9.1048e-01 -5.6881e+01 -9.1048e-01
-4.1667e-02     2.3452e+01  3.1577e-01 -2.3452e+01 -3.1577e-01  5.7073e+01  9.1311e-01 -5.7073e+01 -9.1311e-01
-3.3333e-02     2.2040e+01  2.8350e-01 -2.2040e+01 -2.8350e-01  5.7262e+01  9.1561e-01 -5.7262e+01 -9.1561e-01
-2.5000e-02     2.1038e+01  2.5139e-01 -2.1038e+01 -2.5139e-01  5.7441e+01  9.1783e-01 -5.7441e+01 -9.1783e-01
-1.6667e-02     2.1762e+01  2.6622e-01 -2.1762e+01 -2.6622e-01  5.7619e+01  9.1998e-01 -5.7619e+01 -9.1998e-01
-8.3333e-03     1.8865e+01  2.3824e-01 -1.8865e+01 -2.3824e-01  5.7788e+01  9.2208e-01 -5.7788e+01 -9.2208e-01
