-5.0000e+00     2.9416e+01  1.2023e-01 -3.0968e+01 -1.2949e-01  0.0000e+00  0.0000e+00 -0.0000e+00 -0.0000e+00
-4.9917e+00     2.5340e+01  1.1277e-01 -2.7898e+01 -1.2106e-01  2.2777e-01  9.6921e-04 -2.4487e-01 -1.0422e-03
-4.9833e+00     2.1186e+01  9.9461e-02 -2.2909e+01 -1.0349e-01  4.2131e-01  1.8520e-03 -4.5622e-01 -1.9763e-03
-4.9750e+00     1.9831e+01  9.6069e-02 -2.2851e+01 -1.0319e-01  5.9192e-01  2.6654e-03 -6.4657e-01 -2.8361e-03
-4.9667e+00     1.9629e+01  9.5697e-02 -2.9727e+01 -1.1899e-01  7.5607e-01  3.4631e-03 -8.6528e-01 -3.7603e-03
-4.9583e+00     1.9468e+01  9.0193e-02 -2.5877e+01 -1.0444e-01  9.1870e-01  4.2363e-03 -1.0966e+00 -4.6897e-03
-4.9500e+00     2.5294e+01  1.1968e-01 -2.1867e+01 -8.7577e-02  1.1049e+00  5.1093e-03 -1.2952e+00 -5.4885e-03
-4.9417e+00     2.6366e+01  1.3131e-01 -2.0973e+01 -8.5774e-02  1.3198e+00  6.1534e-03 -1.4734e+00 -6.2096e-03
-4.9333e+00     2.4082e+01  1.1626e-01 -2.0655e+01 -8.8666e-02  1.5296e+00  7.1832e-03 -1.6465e+00 -6.9352e-03
-4.9250e+00     2.1961e+01  9.9527e-02 -2.2053e+01 -8.8846e-02  1.7212e+00  8.0809e-03 -1.8242e+00 -7.6736e-03
-4.9167e+00     1.8617e+01  8.3039e-02 -2.4314e+01 -1.0006e-01  1.8900e+00  8.8403e-03 -2.0171e+00 -8.4594e-03
-4.9083e+00     2.3219e+01  9.7812e-02 -2.5777e+01 -1.0550e-01  2.0640e+00  9.5926e-03 -2.2254e+00 -9.3145e-03
-4.9000e+00     2.6486e+01  1.0785e-01 -2.4907e+01 -1.0397e-01  2.2708e+00  1.0448e-02 -2.4363e+00 -1.0186e-02
-4.8917e+00     2.2462e+01  9.4575e-02 -2.1132e+01 -9.6569e-02  2.4744e+00  1.1290e-02 -2.6278e+00 -1.1020e-02
-4.8833e+00     2.0205e+01  8.6841e-02 -2.0332e+01 -9.4276e-02  2.6519e+00  1.2045e-02 -2.8003e+00 -1.1814e-02
-4.8750e+00     1.9122e+01  8.3491e-02 -2.1212e+01 -1.0560e-01  2.8154e+00  1.2753e-02 -2.9731e+00 -1.2645e-02
-4.8667e+00     2.3202e+01  1.1181e-01 -2.2035e+01 -1.1670e-01  2.9915e+00  1.3566e-02 -3.1530e+00 -1.3570e-02
-4.8583e+00     2.8181e+01  1.4668e-01 -2.2503e+01 -1.2914e-01  3.2052e+00  1.4641e-02 -3.3382e+00 -1.4593e-02
-4.8500e+00     3.0725e+01  1.6151e-01 -2.5611e+01 -1.5176e-01  3.4503e+00  1.5923e-02 -3.5384e+00 -1.5761e-02
-4.8417e+00     3.1425e+01  1.5188e-01 -3.2414e+01 -1.7777e-01  3.7088e+00  1.7227e-02 -3.7797e+00 -1.7132e-02
-4.8333e+00     2.1744e+01  9.5136e-02 -1.8685e+01 -9.6817e-02  3.9300e+00  1.8254e-02 -3.9923e+00 -1.8274e-02
-4.8250e+00     1.7459e+01  7.4013e-02 -1.8249e+01 -9.5591e-02  4.0930e+00  1.8958e-02 -4.1459e+00 -1.9074e-02
-4.8167e+00     2.3533e+01  1.0084e-01 -2.3809e+01 -1.2455e-01  4.2636e+00  1.9685e-02 -4.3209e+00 -1.9990e-02
-4.8083e+00     4.0530e+01  1.8842e-01 -3.8228e+01 -2.1791e-01  4.5300e+00  2.0888e-02 -4.5789e+00 -2.1415e-02
-4.8000e+00     3.2000e+01  1.3935e-01 -2.2757e+01 -1.0782e-01  4.8317e+00  2.2252e-02 -4.8326e+00 -2.2770e-02
-4.7917e+00     1.6259e+01  6.2687e-02 -1.7828e+01 -6.9288e-02  5.0325e+00  2.3092e-02 -5.0014e+00 -2.3506e-02
-4.7833e+00     3.3791e+01  1.2481e-01 -2.6078e+01 -1.0545e-01  5.2407e+00  2.3872e-02 -5.1841e+00 -2.4233e-02
-4.7750e+00     4.3045e+01  1.6019e-01 -5.0344e+01 -1.8568e-01  5.5603e+00  2.5058e-02 -5.5020e+00 -2.5444e-02
-4.7667e+00     2.1661e+01  8.1748e-02 -2.5380e+01 -9.8502e-02  5.8295e+00  2.6064e-02 -5.8170e+00 -2.6626e-02
-4.7583e+00     2.3803e+01  8.6026e-02 -2.2896e+01 -8.3218e-02  6.0186e+00  2.6762e-02 -6.0178e+00 -2.7382e-02
-4.7500e+00     2.9400e+01  1.1323e-01 -2.4647e+01 -1.0419e-01  6.2399e+00  2.7591e-02 -6.2156e+00 -2.8162e-02
-4.7417e+00     2.7844e+01  1.2112e-01 -2.8289e+01 -1.2643e-01  6.4780e+00  2.8566e-02 -6.4358e+00 -2.9121e-02
-4.7333e+00     2.9455e+01  1.2716e-01 -3.5690e+01 -1.4619e-01  6.7164e+00  2.9598e-02 -6.7019e+00 -3.0255e-02
-4.7250e+00     3.1314e+01  1.1734e-01 -3.1185e+01 -1.1586e-01  6.9691e+00  3.0615e-02 -6.9801e+00 -3.1345e-02
-4.7167e+00     2.9712e+01  1.0184e-01 -2.4922e+01 -8.9489e-02  7.2230e+00  3.1527e-02 -7.2135e+00 -3.2199e-02
-4.7083e+00     2.9818e+01  1.0415e-01 -3.6195e+01 -1.2003e-01  7.4706e+00  3.2384e-02 -7.4677e+00 -3.3071e-02
-4.7000e+00     2.8996e+01  1.0023e-01 -3.4080e+01 -1.0550e-01  7.7153e+00  3.3234e-02 -7.7600e+00 -3.4009e-02
-4.6917e+00     3.0847e+01  1.0126e-01 -2.8790e+01 -8.5450e-02  7.9642e+00  3.4072e-02 -8.0215e+00 -3.4803e-02
-4.6833e+00     2.8410e+01  9.3619e-02 -3.9887e+01 -1.0680e-01  8.2107e+00  3.4883e-02 -8.3072e+00 -3.5603e-02
-4.6750e+00     4.0142e+01  1.1704e-01 -3.9431e+01 -1.1535e-01  8.4959e+00  3.5759e-02 -8.6372e+00 -3.6527e-02
-4.6667e+00     4.5028e+01  1.3185e-01 -2.4034e+01 -7.7437e-02  8.8501e+00  3.6795e-02 -8.9012e+00 -3.7329e-02
-4.6583e+00     3.8362e+01  1.0438e-01 -3.5598e+01 -1.0569e-01  9.1970e+00  3.7777e-02 -9.1492e+00 -3.8091e-02
-4.6500e+00     3.5341e+01  9.8245e-02 -3.5614e+01 -1.0668e-01  9.5036e+00  3.8620e-02 -9.4454e+00 -3.8974e-02
-4.6417e+00     3.6803e+01  1.1074e-01 -3.3823e+01 -1.0971e-01  9.8037e+00  3.9489e-02 -9.7343e+00 -3.9874e-02
-4.6333e+00     2.6872e+01  7.8518e-02 -2.3562e+01 -8.1711e-02  1.0069e+01  4.0277e-02 -9.9730e+00 -4.0671e-02
-4.6250e+00     1.7289e+01  4.9238e-02 -2.0123e+01 -7.9624e-02  1.0252e+01  4.0808e-02 -1.0155e+01 -4.1342e-02
-4.6167e+00     1.4125e+01  4.2951e-02 -2.1926e+01 -9.6494e-02  1.0383e+01  4.1192e-02 -1.0330e+01 -4.2074e-02
-4.6083e+00     2.4929e+01  1.0289e-01 -2.6536e+01 -1.1485e-01  1.0545e+01  4.1798e-02 -1.0531e+01 -4.2954e-02
-4.6000e+00     3.3827e+01  1.5250e-01 -2.8647e+01 -1.2723e-01  1.0790e+01  4.2861e-02 -1.0761e+01 -4.3961e-02
-4.5917e+00     3.7813e+01  1.8235e-01 -3.4082e+01 -1.6968e-01  1.1088e+01  4.4254e-02 -1.1022e+01 -4.5196e-02
-4.5833e+00     1.3988e+01  5.0903e-02 -2.1858e+01 -8.2052e-02  1.1303e+01  4.5224e-02 -1.1254e+01 -4.6243e-02
-4.5750e+00     1.3888e+01  5.0121e-02 -2.2229e+01 -8.7978e-02  1.1419e+01  4.5644e-02 -1.1438e+01 -4.6950e-02
-4.5667e+00     1.5929e+01  6.3120e-02 -2.4024e+01 -1.0069e-01  1.1543e+01  4.6115e-02 -1.1630e+01 -4.7735e-02
-4.5583e+00     2.6556e+01  1.5209e-01 -2.5958e+01 -1.0916e-01  1.1720e+01  4.7010e-02 -1.1838e+01 -4.8608e-02
-4.5500e+00     2.6661e+01  1.5388e-01 -2.2171e+01 -9.9437e-02  1.1941e+01  4.8283e-02 -1.2038e+01 -4.9476e-02
-4.5417e+00     2.3336e+01  1.2895e-01 -1.4177e+01 -6.7184e-02  1.2149e+01  4.9460e-02 -1.2189e+01 -5.0169e-02
-4.5333e+00     1.2962e+01  6.8237e-02 -1.1379e+01 -5.2352e-02  1.2300e+01  5.0280e-02 -1.2296e+01 -5.0666e-02
-4.5250e+00     8.8688e+00  4.2257e-02 -1.2589e+01 -5.8299e-02  1.2391e+01  5.0740e-02 -1.2395e+01 -5.1126e-02
-4.5167e+00     1.3715e+01  6.0076e-02 -1.5623e+01 -7.4651e-02  1.2485e+01  5.1165e-02 -1.2513e+01 -5.1679e-02
-4.5083e+00     3.5342e+01  1.6426e-01 -2.1205e+01 -1.0755e-01  1.2689e+01  5.2098e-02 -1.2666e+01 -5.2437e-02
-4.5000e+00     2.9324e+01  1.5573e-01 -2.1293e+01 -1.1092e-01  1.2958e+01  5.3429e-02 -1.2843e+01 -5.3346e-02
-4.4917e+00     2.3628e+01  1.1518e-01 -1.7117e+01 -8.8394e-02  1.3178e+01  5.4556e-02 -1.3003e+01 -5.4175e-02
-4.4833e+00     2.4219e+01  1.2624e-01 -2.3413e+01 -1.2015e-01  1.3377e+01  5.5561e-02 -1.3171e+01 -5.5042e-02
-4.4750e+00     2.3863e+01  1.3685e-01 -2.1579e+01 -1.0787e-01  1.3577e+01  5.6655e-02 -1.3358e+01 -5.5991e-02
-4.4667e+00     2.3484e+01  1.3217e-01 -2.0394e+01 -1.0212e-01  1.3774e+01  5.7774e-02 -1.3533e+01 -5.6864e-02
-4.4583e+00     2.0516e+01  1.0920e-01 -1.7311e+01 -9.3506e-02  1.3957e+01  5.8778e-02 -1.3690e+01 -5.7678e-02
-4.4500e+00     1.6572e+01  8.3043e-02 -1.7695e+01 -9.5903e-02  1.4112e+01  5.9578e-02 -1.3835e+01 -5.8466e-02
-4.4417e+00     1.5887e+01  7.9316e-02 -1.9264e+01 -1.1075e-01  1.4247e+01  6.0253e-02 -1.3989e+01 -5.9326e-02
-4.4333e+00     1.4707e+01  7.1978e-02 -2.0039e+01 -1.1255e-01  1.4374e+01  6.0883e-02 -1.4153e+01 -6.0255e-02
-4.4250e+00     1.3023e+01  6.0577e-02 -1.8317e+01 -9.2895e-02  1.4489e+01  6.1434e-02 -1.4312e+01 -6.1109e-02
-4.4167e+00     1.2185e+01  5.3160e-02 -1.4018e+01 -6.7504e-02  1.4594e+01  6.1907e-02 -1.4447e+01 -6.1776e-02
-4.4083e+00     1.4428e+01  6.1122e-02 -1.3643e+01 -6.6023e-02  1.4705e+01  6.2382e-02 -1.4562e+01 -6.2332e-02
-4.4000e+00     1.9568e+01  9.5315e-02 -1.4757e+01 -7.1709e-02  1.4846e+01  6.3033e-02 -1.4680e+01 -6.2905e-02
-4.3917e+00     2.0725e+01  1.1821e-01 -1.7074e+01 -8.5948e-02  1.5014e+01  6.3921e-02 -1.4812e+01 -6.3561e-02
-4.3833e+00     2.4747e+01  1.9037e-01 -1.9801e+01 -1.0532e-01  1.5203e+01  6.5205e-02 -1.4966e+01 -6.4356e-02
-4.3750e+00     2.0267e+01  1.2478e-01 -2.5554e+01 -1.9029e-01  1.5390e+01  6.6516e-02 -1.5154e+01 -6.5586e-02
-4.3667e+00     2.3109e+01  1.6547e-01 -2.1238e+01 -1.4584e-01  1.5571e+01  6.7723e-02 -1.5349e+01 -6.6984e-02
-4.3583e+00     1.9273e+01  1.4994e-01 -1.7576e+01 -1.2167e-01  1.5747e+01  6.9035e-02 -1.5510e+01 -6.8097e-02
-4.3500e+00     1.7473e+01  1.1569e-01 -1.7437e+01 -1.2381e-01  1.5900e+01  7.0140e-02 -1.5656e+01 -6.9118e-02
-4.3417e+00     1.5662e+01  1.0176e-01 -1.9930e+01 -1.5619e-01  1.6038e+01  7.1045e-02 -1.5812e+01 -7.0283e-02
-4.3333e+00     1.2595e+01  8.7527e-02 -1.6735e+01 -1.1448e-01  1.6155e+01  7.1832e-02 -1.5964e+01 -7.1409e-02
-4.3250e+00     1.3374e+01  8.5621e-02 -1.7595e+01 -1.3003e-01  1.6263e+01  7.2553e-02 -1.6107e+01 -7.2426e-02
-4.3167e+00     1.1685e+01  7.4304e-02 -2.0877e+01 -1.4593e-01  1.6368e+01  7.3218e-02 -1.6267e+01 -7.3574e-02
-4.3083e+00     1.0483e+01  6.6285e-02 -1.2599e+01 -8.6350e-02  1.6460e+01  7.3803e-02 -1.6406e+01 -7.4540e-02
-4.3000e+00     1.2323e+01  7.1820e-02 -1.2167e+01 -8.4479e-02  1.6555e+01  7.4377e-02 -1.6509e+01 -7.5250e-02
-4.2917e+00     1.9214e+01  1.2261e-01 -1.6267e+01 -1.1139e-01  1.6686e+01  7.5186e-02 -1.6627e+01 -7.6065e-02
-4.2833e+00     1.3767e+01  1.1236e-01 -1.1875e+01 -7.4420e-02  1.6823e+01  7.6163e-02 -1.6744e+01 -7.6838e-02
-4.2750e+00     1.1123e+01  8.5978e-02 -9.7507e+00 -6.4039e-02  1.6927e+01  7.6988e-02 -1.6834e+01 -7.7414e-02
-4.2667e+00     1.1336e+01  9.3709e-02 -1.4123e+01 -9.9853e-02  1.7020e+01  7.7736e-02 -1.6934e+01 -7.8096e-02
-4.2583e+00     1.1504e+01  9.5625e-02 -1.3654e+01 -1.0227e-01  1.7115e+01  7.8523e-02 -1.7049e+01 -7.8937e-02
-4.2500e+00     1.1524e+01  9.6626e-02 -1.3941e+01 -1.0401e-01  1.7211e+01  7.9323e-02 -1.7164e+01 -7.9795e-02
-4.2417e+00     1.1650e+01  9.7834e-02 -1.4415e+01 -1.0858e-01  1.7307e+01  8.0132e-02 -1.7282e+01 -8.0679e-02
-4.2333e+00     1.4739e+01  1.2217e-01 -1.4780e+01 -1.1642e-01  1.7417e+01  8.1047e-02 -1.7403e+01 -8.1615e-02
-4.2250e+00     1.3179e+01  1.0442e-01 -1.3477e+01 -1.0654e-01  1.7533e+01  8.1990e-02 -1.7521e+01 -8.2542e-02
-4.2167e+00     1.3768e+01  1.1461e-01 -1.2893e+01 -1.0226e-01  1.7645e+01  8.2901e-02 -1.7631e+01 -8.3411e-02
-4.2083e+00     1.2848e+01  1.0550e-01 -1.2717e+01 -1.0124e-01  1.7756e+01  8.3816e-02 -1.7737e+01 -8.4258e-02
-4.2000e+00     1.1348e+01  9.0256e-02 -9.5116e+00 -7.4529e-02  1.7857e+01  8.4631e-02 -1.7830e+01 -8.4989e-02
-4.1917e+00     1.0312e+01  9.1215e-02 -1.2000e+01 -1.1787e-01  1.7947e+01  8.5386e-02 -1.7919e+01 -8.5789e-02
-4.1833e+00     1.2751e+01  1.3536e-01 -1.6765e+01 -1.7601e-01  1.8043e+01  8.6328e-02 -1.8039e+01 -8.7012e-02
-4.1750e+00     1.5393e+01  1.6531e-01 -1.7337e+01 -1.9059e-01  1.8160e+01  8.7579e-02 -1.8181e+01 -8.8536e-02
-4.1667e+00     1.6154e+01  1.7790e-01 -1.9198e+01 -2.1317e-01  1.8291e+01  8.9006e-02 -1.8333e+01 -9.0216e-02
-4.1583e+00     1.6783e+01  1.8446e-01 -1.9263e+01 -2.2275e-01  1.8428e+01  9.0514e-02 -1.8493e+01 -9.2029e-02
-4.1500e+00     1.3995e+01  1.4768e-01 -1.6910e+01 -1.9412e-01  1.8556e+01  9.1895e-02 -1.8643e+01 -9.3763e-02
-4.1417e+00     1.2493e+01  1.2791e-01 -1.1461e+01 -1.2039e-01  1.8666e+01  9.3042e-02 -1.8761e+01 -9.5072e-02
-4.1333e+00     1.1284e+01  1.1458e-01 -9.7644e+00 -1.0579e-01  1.8765e+01  9.4050e-02 -1.8849e+01 -9.6012e-02
-4.1250e+00     9.7946e+00  1.0608e-01 -8.6709e+00 -1.0138e-01  1.8853e+01  9.4968e-02 -1.8926e+01 -9.6874e-02
-4.1167e+00     9.7136e+00  1.2295e-01 -8.7207e+00 -1.1956e-01  1.8934e+01  9.5921e-02 -1.8998e+01 -9.7793e-02
-4.1083e+00     1.1813e+01  1.6043e-01 -1.1664e+01 -1.3980e-01  1.9023e+01  9.7100e-02 -1.9083e+01 -9.8872e-02
-4.1000e+00     1.2167e+01  1.5656e-01 -1.4281e+01 -1.6160e-01  1.9123e+01  9.8418e-02 -1.9191e+01 -1.0013e-01
-4.0917e+00     1.2692e+01  1.6070e-01 -1.5131e+01 -1.6425e-01  1.9227e+01  9.9738e-02 -1.9314e+01 -1.0148e-01
-4.0833e+00     1.4363e+01  1.7201e-01 -1.6792e+01 -1.9848e-01  1.9339e+01  1.0112e-01 -1.9446e+01 -1.0299e-01
-4.0750e+00     7.1700e+00  1.0214e-01 -1.7254e+01 -2.0269e-01  1.9429e+01  1.0226e-01 -1.9588e+01 -1.0466e-01
-4.0667e+00     2.5933e+01  2.9566e-01 -3.2403e+01 -3.7005e-01  1.9566e+01  1.0392e-01 -1.9794e+01 -1.0704e-01
-4.0583e+00     2.7782e+01  3.0340e-01 -1.6955e+01 -2.1094e-01  1.9790e+01  1.0641e-01 -2.0000e+01 -1.0946e-01
-4.0500e+00     2.1691e+01  2.8734e-01 -1.0190e+01 -1.7310e-01  1.9996e+01  1.0887e-01 -2.0113e+01 -1.1106e-01
-4.0417e+00     1.5203e+01  3.1737e-01 -1.1827e+01 -2.7620e-01  2.0149e+01  1.1138e-01 -2.0204e+01 -1.1292e-01
-4.0333e+00     6.9785e+00  1.2177e-01 -7.0193e+00 -1.2812e-01  2.0241e+01  1.1321e-01 -2.0283e+01 -1.1461e-01
-4.0250e+00     4.3364e+00  5.7598e-02 -5.5467e+00 -8.4979e-02  2.0288e+01  1.1395e-01 -2.0335e+01 -1.1549e-01
-4.0167e+00     3.2762e+00  3.5788e-02 -7.6373e+00 -9.1188e-02  2.0320e+01  1.1434e-01 -2.0390e+01 -1.1623e-01
-4.0083e+00     4.9377e+00  5.6601e-02 -9.0601e+00 -1.3113e-01  2.0354e+01  1.1473e-01 -2.0459e+01 -1.1715e-01
-4.0000e+00     8.6570e+00  1.2336e-01 -8.1077e+00 -1.3323e-01  2.0411e+01  1.1548e-01 -2.0531e+01 -1.1825e-01
-3.9917e+00     8.2538e+00  1.3605e-01 -6.6849e+00 -1.1551e-01  2.0481e+01  1.1656e-01 -2.0592e+01 -1.1928e-01
-3.9833e+00     7.4708e+00  1.1851e-01 -6.4610e+00 -1.1548e-01  2.0546e+01  1.1761e-01 -2.0647e+01 -1.2025e-01
-3.9750e+00     7.4380e+00  1.1794e-01 -7.7583e+00 -1.4824e-01  2.0609e+01  1.1860e-01 -2.0706e+01 -1.2134e-01
-3.9667e+00     8.7149e+00  1.5457e-01 -9.6941e+00 -1.9076e-01  2.0676e+01  1.1973e-01 -2.0779e+01 -1.2275e-01
-3.9583e+00     1.1469e+01  2.0284e-01 -1.3986e+01 -2.6579e-01  2.0760e+01  1.2122e-01 -2.0877e+01 -1.2465e-01
-3.9500e+00     1.6081e+01  2.5530e-01 -1.5971e+01 -3.0955e-01  2.0874e+01  1.2312e-01 -2.1002e+01 -1.2705e-01
-3.9417e+00     2.1238e+01  3.2970e-01 -1.6827e+01 -3.0731e-01  2.1030e+01  1.2556e-01 -2.1138e+01 -1.2961e-01
-3.9333e+00     1.2748e+01  1.8246e-01 -1.3160e+01 -2.5620e-01  2.1171e+01  1.2769e-01 -2.1263e+01 -1.3196e-01
-3.9250e+00     1.2840e+01  1.8197e-01 -1.4911e+01 -2.4712e-01  2.1277e+01  1.2920e-01 -2.1380e+01 -1.3405e-01
-3.9167e+00     1.4845e+01  2.0876e-01 -1.1629e+01 -1.7117e-01  2.1392e+01  1.3083e-01 -2.1490e+01 -1.3579e-01
-3.9083e+00     1.2530e+01  1.6353e-01 -1.0562e+01 -1.3488e-01  2.1506e+01  1.3238e-01 -2.1582e+01 -1.3706e-01
-3.9000e+00     9.4585e+00  1.0241e-01 -1.1539e+01 -9.0555e-02  2.1598e+01  1.3348e-01 -2.1674e+01 -1.3800e-01
-3.8917e+00     9.2539e+00  9.0915e-02 -1.4089e+01 -9.2279e-02  2.1676e+01  1.3429e-01 -2.1781e+01 -1.3876e-01
-3.8833e+00     1.1208e+01  9.3053e-02 -1.3311e+01 -9.6344e-02  2.1761e+01  1.3505e-01 -2.1895e+01 -1.3955e-01
-3.8750e+00     1.3303e+01  9.8271e-02 -1.4292e+01 -1.3780e-01  2.1863e+01  1.3585e-01 -2.2010e+01 -1.4052e-01
-3.8667e+00     1.1609e+01  9.8366e-02 -1.1113e+01 -1.3089e-01  2.1966e+01  1.3667e-01 -2.2115e+01 -1.4164e-01
-3.8583e+00     1.3175e+01  1.4019e-01 -9.3589e+00 -1.1505e-01  2.2069e+01  1.3766e-01 -2.2201e+01 -1.4266e-01
-3.8500e+00     1.1509e+01  1.5876e-01 -8.9473e+00 -1.1141e-01  2.2172e+01  1.3890e-01 -2.2277e+01 -1.4360e-01
-3.8417e+00     9.8299e+00  1.5120e-01 -9.0386e+00 -1.3262e-01  2.2261e+01  1.4019e-01 -2.2352e+01 -1.4462e-01
-3.8333e+00     8.8565e+00  1.4129e-01 -9.1848e+00 -1.6784e-01  2.2339e+01  1.4141e-01 -2.2427e+01 -1.4587e-01
-3.8250e+00     8.4914e+00  1.3970e-01 -9.1635e+00 -1.9353e-01  2.2411e+01  1.4258e-01 -2.2504e+01 -1.4737e-01
-3.8167e+00     1.0307e+01  2.4767e-01 -8.5287e+00 -1.8351e-01  2.2489e+01  1.4419e-01 -2.2577e+01 -1.4894e-01
-3.8083e+00     9.9931e+00  2.5228e-01 -8.0816e+00 -1.7068e-01  2.2573e+01  1.4627e-01 -2.2646e+01 -1.5041e-01
-3.8000e+00     9.3634e+00  2.4110e-01 -7.4719e+00 -1.5213e-01  2.2654e+01  1.4832e-01 -2.2711e+01 -1.5175e-01
-3.7917e+00     9.0139e+00  2.2690e-01 -7.1221e+00 -1.3700e-01  2.2730e+01  1.5027e-01 -2.2772e+01 -1.5296e-01
-3.7833e+00     8.7091e+00  1.9526e-01 -6.9283e+00 -1.2316e-01  2.2804e+01  1.5202e-01 -2.2830e+01 -1.5404e-01
-3.7750e+00     9.4457e+00  2.1075e-01 -7.4508e+00 -1.3143e-01  2.2880e+01  1.5371e-01 -2.2890e+01 -1.5510e-01
-3.7667e+00     9.9934e+00  2.2308e-01 -8.1178e+00 -1.4202e-01  2.2960e+01  1.5552e-01 -2.2955e+01 -1.5624e-01
-3.7583e+00     9.5219e+00  2.1027e-01 -8.6698e+00 -1.5073e-01  2.3042e+01  1.5732e-01 -2.3025e+01 -1.5745e-01
-3.7500e+00     9.1483e+00  2.0214e-01 -8.4261e+00 -1.3965e-01  2.3119e+01  1.5904e-01 -2.3096e+01 -1.5866e-01
-3.7417e+00     8.8454e+00  1.9581e-01 -8.4203e+00 -1.3353e-01  2.3194e+01  1.6069e-01 -2.3166e+01 -1.5980e-01
-3.7333e+00     8.3191e+00  1.7842e-01 -8.4007e+00 -1.2766e-01  2.3266e+01  1.6225e-01 -2.3236e+01 -1.6088e-01
-3.7250e+00     7.4497e+00  1.4910e-01 -7.5209e+00 -1.0695e-01  2.3331e+01  1.6361e-01 -2.3302e+01 -1.6186e-01
-3.7167e+00     6.6377e+00  1.2273e-01 -6.8362e+00 -8.8053e-02  2.3390e+01  1.6474e-01 -2.3362e+01 -1.6267e-01
-3.7083e+00     5.4478e+00  9.2655e-02 -5.5214e+00 -6.6002e-02  2.3440e+01  1.6564e-01 -2.3413e+01 -1.6331e-01
-3.7000e+00     3.6942e+00  5.7471e-02 -4.0862e+00 -4.4882e-02  2.3478e+01  1.6626e-01 -2.3453e+01 -1.6377e-01
-3.6917e+00     2.4000e+00  3.4878e-02 -2.5891e+00 -2.5223e-02  2.3503e+01  1.6665e-01 -2.3481e+01 -1.6407e-01
-3.6833e+00     1.2360e+00  1.6727e-02 -1.3664e+00 -1.1494e-02  2.3519e+01  1.6686e-01 -2.3497e+01 -1.6422e-01
-3.6750e+00     6.5339e-01  8.5295e-03 -8.0755e-01 -6.6543e-03  2.3526e+01  1.6696e-01 -2.3506e+01 -1.6429e-01
-3.6667e+00     1.9646e-01  2.3336e-03 -3.4040e-01 -2.8119e-03  2.3530e+01  1.6701e-01 -2.3511e+01 -1.6433e-01
-3.6583e+00     3.9069e+01  1.7784e-01 -4.9409e-03 -5.0521e-05  2.3693e+01  1.6776e-01 -2.3513e+01 -1.6434e-01
-3.6500e+00     2.0771e+01  1.0311e-01 -0.0000e+00 -0.0000e+00  2.3942e+01  1.6893e-01 -2.3513e+01 -1.6434e-01
-3.6417e+00     2.0873e+01  9.3947e-02 -4.5489e-01 -3.0848e-03  2.4115e+01  1.6975e-01 -2.3515e+01 -1.6436e-01
-3.6333e+00     2.5198e+01  1.0050e-01 -2.3210e+01 -1.6262e-01  2.4307e+01  1.7056e-01 -2.3613e+01 -1.6505e-01
-3.6250e+00     2.4931e+01  8.9969e-02 -2.3453e+01 -1.5840e-01  2.4516e+01  1.7135e-01 -2.3807e+01 -1.6638e-01
-3.6167e+00     0.0000e+00  0.0000e+00 -3.6075e+01 -2.1769e-01  2.4619e+01  1.7172e-01 -2.4055e+01 -1.6795e-01
-3.6083e+00     0.0000e+00  0.0000e+00 -5.0928e+01 -2.7923e-01  2.4619e+01  1.7172e-01 -2.4417e+01 -1.7001e-01
-3.6000e+00     0.0000e+00  0.0000e+00 -0.0000e+00 -0.0000e+00  2.4619e+01  1.7172e-01 -2.4628e+01 -1.7118e-01
-3.5917e+00     0.0000e+00  0.0000e+00 -0.0000e+00 -0.0000e+00  2.4619e+01  1.7172e-01 -2.4628e+01 -1.7118e-01
-3.5833e+00     0.0000e+00  0.0000e+00 -0.0000e+00 -0.0000e+00  2.4619e+01  1.7172e-01 -2.4628e+01 -1.7118e-01
-3.5750e+00     0.0000e+00  0.0000e+00 -0.0000e+00 -0.0000e+00  2.4619e+01  1.7172e-01 -2.4628e+01 -1.7118e-01
-3.5667e+00     0.0000e+00  0.0000e+00 -0.0000e+00 -0.0000e+00  2.4619e+01  1.7172e-01 -2.4628e+01 -1.7118e-01
-3.5583e+00     0.0000e+00  0.0000e+00 -0.0000e+00 -0.0000e+00  2.4619e+01  1.7172e-01 -2.4628e+01 -1.7118e-01
-3.5500e+00     0.0000e+00  0.0000e+00 -0.0000e+00 -0.0000e+00  2.4619e+01  1.7172e-01 -2.4628e+01 -1.7118e-01
-3.5417e+00     0.0000e+00  0.0000e+00 -0.0000e+00 -0.0000e+00  2.4619e+01  1.7172e-01 -2.4628e+01 -1.7118e-01
-3.5333e+00     0.0000e+00  0.0000e+00 -0.0000e+00 -0.0000e+00  2.4619e+01  1.7172e-01 -2.4628e+01 -1.7118e-01
-3.5250e+00     0.0000e+00  0.0000e+00 -0.0000e+00 -0.0000e+00  2.4619e+01  1.7172e-01 -2.4628e+01 -1.7118e-01
-3.5167e+00     0.0000e+00  0.0000e+00 -0.0000e+00 -0.0000e+00  2.4619e+01  1.7172e-01 -2.4628e+01 -1.7118e-01
-3.5083e+00     0.0000e+00  0.0000e+00 -0.0000e+00 -0.0000e+00  2.4619e+01  1.7172e-01 -2.4628e+01 -1.7118e-01
-3.5000e+00     0.0000e+00  0.0000e+00 -0.0000e+00 -0.0000e+00  2.4619e+01  1.7172e-01 -2.4628e+01 -1.7118e-01
-3.4917e+00     0.0000e+00  0.0000e+00 -0.0000e+00 -0.0000e+00  2.4619e+01  1.7172e-01 -2.4628e+01 -1.7118e-01
-3.4833e+00     0.0000e+00  0.0000e+00 -2.3830e-02 -2.7863e-04  2.4619e+01  1.7172e-01 -2.4629e+01 -1.7118e-01
-3.4750e+00     0.0000e+00  0.0000e+00 -6.3238e-01 -7.3941e-03  2.4619e+01  1.7172e-01 -2.4631e+01 -1.7121e-01
-3.4667e+00     0.0000e+00  0.0000e+00 -3.0378e+00 -3.5824e-02  2.4619e+01  1.7172e-01 -2.4647e+01 -1.7139e-01
-3.4583e+00     0.0000e+00  0.0000e+00 -5.3174e+00 -5.9675e-02  2.4619e+01  1.7172e-01 -2.4681e+01 -1.7179e-01
-3.4500e+00     0.0000e+00  0.0000e+00 -7.7072e+00 -7.3820e-02  2.4619e+01  1.7172e-01 -2.4735e+01 -1.7234e-01
-3.4417e+00     0.0000e+00  0.0000e+00 -1.0542e+01 -8.4299e-02  2.4619e+01  1.7172e-01 -2.4811e+01 -1.7300e-01
-3.4333e+00     5.4569e-01  6.1990e-03 -1.8004e+01 -1.2691e-01  2.4622e+01  1.7175e-01 -2.4930e+01 -1.7388e-01
-3.4250e+00     2.6104e+00  2.9193e-02 -3.3034e+01 -1.6299e-01  2.4635e+01  1.7190e-01 -2.5142e+01 -1.7508e-01
-3.4167e+00     5.4789e+00  5.9670e-02 -2.6367e+01 -1.2849e-01  2.4668e+01  1.7227e-01 -2.5390e+01 -1.7630e-01
-3.4083e+00     9.0512e+00  9.5207e-02 -2.4823e+01 -1.6254e-01  2.4729e+01  1.7291e-01 -2.5602e+01 -1.7751e-01
-3.4000e+00     1.2154e+01  1.1056e-01 -9.8259e+00 -5.3494e-02  2.4817e+01  1.7377e-01 -2.5747e+01 -1.7840e-01
-3.3917e+00     2.2259e+01  1.5307e-01 -1.2027e+01 -6.7659e-02  2.4960e+01  1.7486e-01 -2.5837e+01 -1.7891e-01
-3.3833e+00     1.9544e+01  1.3976e-01 -1.8014e+01 -1.0946e-01  2.5134e+01  1.7608e-01 -2.5962e+01 -1.7965e-01
-3.3750e+00     3.0998e+01  2.3550e-01 -3.6556e+01 -1.8982e-01  2.5344e+01  1.7764e-01 -2.6189e+01 -1.8089e-01
-3.3667e+00     3.1325e+01  1.9989e-01 -2.6606e+01 -1.3873e-01  2.5604e+01  1.7945e-01 -2.6452e+01 -1.8226e-01
-3.3583e+00     0.0000e+00  0.0000e+00 -1.0813e+00 -6.8391e-03  2.5734e+01  1.8028e-01 -2.6567e+01 -1.8286e-01
-3.3500e+00     0.0000e+00  0.0000e+00 -5.4067e+00 -4.0738e-02  2.5734e+01  1.8028e-01 -2.6594e+01 -1.8306e-01
-3.3417e+00     0.0000e+00  0.0000e+00 -1.0671e+01 -6.7044e-02  2.5734e+01  1.8028e-01 -2.6661e+01 -1.8351e-01
-3.3333e+00     6.3890e-01  9.0875e-03 -4.8768e+01 -1.9996e-01  2.5736e+01  1.8032e-01 -2.6908e+01 -1.8462e-01
-3.3250e+00     3.2702e+00  4.7610e-02 -1.8274e+01 -9.8904e-02  2.5753e+01  1.8056e-01 -2.7187e+01 -1.8586e-01
-3.3167e+00     6.2416e+00  9.6206e-02 -1.2406e+01 -6.2821e-02  2.5792e+01  1.8116e-01 -2.7315e+01 -1.8654e-01
-3.3083e+00     5.1266e+00  9.0963e-02 -1.2397e+01 -6.6800e-02  2.5840e+01  1.8194e-01 -2.7418e+01 -1.8707e-01
-3.3000e+00     6.4891e+00  1.2335e-01 -1.9178e+01 -1.3642e-01  2.5888e+01  1.8283e-01 -2.7549e+01 -1.8792e-01
-3.2917e+00     1.1728e+01  2.4694e-01 -1.8862e+01 -2.1261e-01  2.5964e+01  1.8437e-01 -2.7708e+01 -1.8937e-01
-3.2833e+00     1.1462e+01  2.4142e-01 -1.7029e+01 -2.1054e-01  2.6060e+01  1.8640e-01 -2.7857e+01 -1.9113e-01
-3.2750e+00     9.4102e+00  1.9613e-01 -1.5677e+01 -1.9212e-01  2.6147e+01  1.8822e-01 -2.7993e+01 -1.9281e-01
-3.2667e+00     8.9941e+00  1.8942e-01 -1.3879e+01 -1.6071e-01  2.6224e+01  1.8982e-01 -2.8116e+01 -1.9427e-01
-3.2583e+00     9.1819e+00  1.9535e-01 -1.1316e+01 -1.0838e-01  2.6299e+01  1.9142e-01 -2.8221e+01 -1.9539e-01
-3.2500e+00     1.0122e+01  2.1834e-01 -7.9789e+00 -5.8682e-02  2.6379e+01  1.9314e-01 -2.8301e+01 -1.9609e-01
-3.2417e+00     1.1356e+01  2.4826e-01 -3.1365e+01 -8.7807e-02  2.6469e+01  1.9508e-01 -2.8465e+01 -1.9670e-01
-3.2333e+00     7.4493e+00  1.6177e-01 -7.8718e+01 -3.0911e-01  2.6547e+01  1.9679e-01 -2.8923e+01 -1.9835e-01
-3.2250e+00     4.1211e+00  8.8582e-02 -1.0659e+01 -9.6558e-02  2.6595e+01  1.9783e-01 -2.9294e+01 -2.0004e-01
-3.2167e+00     3.9604e+00  8.6768e-02 -7.1044e+00 -7.7804e-02  2.6629e+01  1.9856e-01 -2.9368e+01 -2.0076e-01
-3.2083e+00     4.5973e+00  1.0352e-01 -5.8387e+00 -7.2444e-02  2.6664e+01  1.9935e-01 -2.9422e+01 -2.0139e-01
-3.2000e+00     2.1956e+00  4.9181e-02 -5.4333e+00 -7.6874e-02  2.6693e+01  1.9999e-01 -2.9469e+01 -2.0201e-01
-3.1917e+00     1.5153e+00  3.3950e-02 -5.0203e+00 -8.0527e-02  2.6708e+01  2.0033e-01 -2.9513e+01 -2.0266e-01
-3.1833e+00     9.0566e-01  2.0296e-02 -3.9744e+00 -7.1791e-02  2.6718e+01  2.0056e-01 -2.9550e+01 -2.0330e-01
-3.1750e+00     3.6663e-01  8.2187e-03 -1.6284e+00 -2.9418e-02  2.6723e+01  2.0068e-01 -2.9573e+01 -2.0372e-01
-3.1667e+00     0.0000e+00  0.0000e+00 -1.1792e+00 -2.1592e-02  2.6725e+01  2.0071e-01 -2.9585e+01 -2.0393e-01
-3.1583e+00     0.0000e+00  0.0000e+00 -7.6735e-01 -1.4260e-02  2.6725e+01  2.0071e-01 -2.9593e+01 -2.0408e-01
-3.1500e+00     0.0000e+00  0.0000e+00 -3.9292e-01 -7.4209e-03  2.6725e+01  2.0071e-01 -2.9598e+01 -2.0417e-01
-3.1417e+00     0.0000e+00  0.0000e+00 -5.5881e-02 -1.0755e-03  2.6725e+01  2.0071e-01 -2.9600e+01 -2.0420e-01
-3.1333e+00     0.0000e+00  0.0000e+00 -0.0000e+00 -0.0000e+00  2.6725e+01  2.0071e-01 -2.9600e+01 -2.0421e-01
-3.1250e+00     0.0000e+00  0.0000e+00 -0.0000e+00 -0.0000e+00  2.6725e+01  2.0071e-01 -2.9600e+01 -2.0421e-01
-3.1167e+00     0.0000e+00  0.0000e+00 -0.0000e+00 -0.0000e+00  2.6725e+01  2.0071e-01 -2.9600e+01 -2.0421e-01
-3.1083e+00     0.0000e+00  0.0000e+00 -0.0000e+00 -0.0000e+00  2.6725e+01  2.0071e-01 -2.9600e+01 -2.0421e-01
-3.1000e+00     0.0000e+00  0.0000e+00 -0.0000e+00 -0.0000e+00  2.6725e+01  2.0071e-01 -2.9600e+01 -2.0421e-01
-3.0917e+00     0.0000e+00  0.0000e+00 -0.0000e+00 -0.0000e+00  2.6725e+01  2.0071e-01 -2.9600e+01 -2.0421e-01
-3.0833e+00     6.7618e-01  1.1130e-02 -0.0000e+00 -0.0000e+00  2.6728e+01  2.0076e-01 -2.9600e+01 -2.0421e-01
-3.0750e+00     2.0784e+00  3.3249e-02 -0.0000e+00 -0.0000e+00  2.6739e+01  2.0094e-01 -2.9600e+01 -2.0421e-01
-3.0667e+00     4.1627e+00  6.1419e-02 -0.0000e+00 -0.0000e+00  2.6765e+01  2.0134e-01 -2.9600e+01 -2.0421e-01
-3.0583e+00     2.9001e+01  3.4967e-01 -0.0000e+00 -0.0000e+00  2.6903e+01  2.0305e-01 -2.9600e+01 -2.0421e-01
-3.0500e+00     3.4619e+01  4.2634e-01 -0.0000e+00 -0.0000e+00  2.7168e+01  2.0627e-01 -2.9600e+01 -2.0421e-01
-3.0417e+00     2.3721e+01  2.4576e-01 -0.0000e+00 -0.0000e+00  2.7410e+01  2.0907e-01 -2.9600e+01 -2.0421e-01
-3.0333e+00     7.4402e+00  1.2323e-01 -0.0000e+00 -0.0000e+00  2.7540e+01  2.1061e-01 -2.9600e+01 -2.0421e-01
-3.0250e+00     5.7093e+00  1.0427e-01 -0.0000e+00 -0.0000e+00  2.7595e+01  2.1155e-01 -2.9600e+01 -2.0421e-01
-3.0167e+00     4.8856e+00  1.1955e-01 -0.0000e+00 -0.0000e+00  2.7639e+01  2.1248e-01 -2.9600e+01 -2.0421e-01
-3.0083e+00     4.7102e+00  1.3162e-01 -0.0000e+00 -0.0000e+00  2.7679e+01  2.1353e-01 -2.9600e+01 -2.0421e-01
-3.0000e+00     8.7210e+00  2.8623e-01 -0.0000e+00 -0.0000e+00  2.7735e+01  2.1527e-01 -2.9600e+01 -2.0421e-01
-2.9917e+00     4.2622e+00  1.6886e-01 -0.0000e+00 -0.0000e+00  2.7789e+01  2.1716e-01 -2.9600e+01 -2.0421e-01
-2.9833e+00     6.0782e+00  2.3650e-01 -0.0000e+00 -0.0000e+00  2.7832e+01  2.1884e-01 -2.9600e+01 -2.0421e-01
-2.9750e+00     8.6813e+00  3.5338e-01 -8.2725e-01 -5.6043e-02  2.7893e+01  2.2130e-01 -2.9603e+01 -2.0444e-01
-2.9667e+00     9.5406e+00  4.2638e-01 -1.6588e+01 -1.0798e+00  2.7969e+01  2.2454e-01 -2.9676e+01 -2.0917e-01
-2.9583e+00     9.4254e+00  4.7153e-01 -3.7589e+01 -2.1651e+00  2.8048e+01  2.2828e-01 -2.9901e+01 -2.2266e-01
-2.9500e+00     8.6145e+00  4.7935e-01 -4.5869e+01 -1.9021e+00  2.8123e+01  2.3223e-01 -3.0248e+01 -2.3958e-01
-2.9417e+00     8.1818e+00  5.0353e-01 -2.1315e+01 -6.8991e-01  2.8193e+01  2.3632e-01 -3.0528e+01 -2.5037e-01
-2.9333e+00     8.6065e+00  5.6334e-01 -8.4460e+00 -3.1595e-01  2.8262e+01  2.4076e-01 -3.0652e+01 -2.5455e-01
-2.9250e+00     9.1297e+00  6.3383e-01 -5.4901e+01 -2.8998e+00  2.8336e+01  2.4574e-01 -3.0915e+01 -2.6793e-01
-2.9167e+00     1.2643e+01  9.8764e-01 -3.2076e+01 -2.1789e+00  2.8427e+01  2.5248e-01 -3.1277e+01 -2.8905e-01
-2.9083e+00     9.6069e+00  7.3630e-01 -1.3742e+01 -1.0940e+00  2.8519e+01  2.5966e-01 -3.1468e+01 -3.0267e-01
-2.9000e+00     7.2783e+00  5.2862e-01 -7.2806e+00 -6.0981e-01  2.8590e+01  2.6492e-01 -3.1555e+01 -3.0975e-01
-2.8917e+00     7.4627e+00  5.6038e-01 -5.0478e+00 -4.4208e-01  2.8651e+01  2.6945e-01 -3.1606e+01 -3.1413e-01
-2.8833e+00     7.9863e+00  5.9749e-01 -4.6991e-01 -4.1463e-02  2.8715e+01  2.7426e-01 -3.1629e+01 -3.1614e-01
-2.8750e+00     9.2916e+00  7.3382e-01 -0.0000e+00 -0.0000e+00  2.8787e+01  2.7980e-01 -3.1631e+01 -3.1631e-01
-2.8667e+00     1.2531e+01  7.5843e-01 -0.0000e+00 -0.0000e+00  2.8878e+01  2.8601e-01 -3.1631e+01 -3.1631e-01
-2.8583e+00     1.5303e+01  7.9455e-01 -0.0000e+00 -0.0000e+00  2.8994e+01  2.9247e-01 -3.1631e+01 -3.1631e-01
-2.8500e+00     1.7716e+01  9.0004e-01 -0.0000e+00 -0.0000e+00  2.9131e+01  2.9952e-01 -3.1631e+01 -3.1631e-01
-2.8417e+00     1.9597e+01  1.1850e+00 -0.0000e+00 -0.0000e+00  2.9286e+01  3.0819e-01 -3.1631e+01 -3.1631e-01
-2.8333e+00     1.1792e+01  7.8057e-01 -0.0000e+00 -0.0000e+00  2.9417e+01  3.1637e-01 -3.1631e+01 -3.1631e-01
-2.8250e+00     1.3478e+01  8.4608e-01 -0.0000e+00 -0.0000e+00  2.9522e+01  3.2313e-01 -3.1631e+01 -3.1631e-01
-2.8167e+00     7.6073e+00  4.5480e-01 -0.0000e+00 -0.0000e+00  2.9610e+01  3.2855e-01 -3.1631e+01 -3.1631e-01
-2.8083e+00     2.5019e+00  1.4687e-01 -0.0000e+00 -0.0000e+00  2.9652e+01  3.3105e-01 -3.1631e+01 -3.1631e-01
-2.8000e+00     0.0000e+00  0.0000e+00 -0.0000e+00 -0.0000e+00  2.9662e+01  3.3166e-01 -3.1631e+01 -3.1631e-01
-2.7917e+00     0.0000e+00  0.0000e+00 -0.0000e+00 -0.0000e+00  2.9662e+01  3.3166e-01 -3.1631e+01 -3.1631e-01
-2.7833e+00     0.0000e+00  0.0000e+00 -0.0000e+00 -0.0000e+00  2.9662e+01  3.3166e-01 -3.1631e+01 -3.1631e-01
-2.7750e+00     0.0000e+00  0.0000e+00 -0.0000e+00 -0.0000e+00  2.9662e+01  3.3166e-01 -3.1631e+01 -3.1631e-01
-2.7667e+00     0.0000e+00  0.0000e+00 -0.0000e+00 -0.0000e+00  2.9662e+01  3.3166e-01 -3.1631e+01 -3.1631e-01
-2.7583e+00     0.0000e+00  0.0000e+00 -8.6839e-02 -1.4799e-03  2.9662e+01  3.3166e-01 -3.1632e+01 -3.1632e-01
-2.7500e+00     0.0000e+00  0.0000e+00 -2.1112e+00 -4.6205e-02  2.9662e+01  3.3166e-01 -3.1641e+01 -3.1652e-01
-2.7417e+00     0.0000e+00  0.0000e+00 -4.6033e+00 -1.0191e-01  2.9662e+01  3.3166e-01 -3.1669e+01 -3.1713e-01
-2.7333e+00     0.0000e+00  0.0000e+00 -7.5625e+00 -1.7020e-01  2.9662e+01  3.3166e-01 -3.1719e+01 -3.1827e-01
-2.7250e+00     0.0000e+00  0.0000e+00 -4.3453e+01 -1.0404e+00  2.9662e+01  3.3166e-01 -3.1931e+01 -3.2330e-01
-2.7167e+00     0.0000e+00  0.0000e+00 -3.2421e+01 -7.4024e-01  2.9662e+01  3.3166e-01 -3.2247e+01 -3.3071e-01
-2.7083e+00     0.0000e+00  0.0000e+00 -1.7643e+01 -3.2378e-01  2.9662e+01  3.3166e-01 -3.2455e+01 -3.3513e-01
-2.7000e+00     0.0000e+00  0.0000e+00 -7.2114e+00 -1.3521e-01  2.9662e+01  3.3166e-01 -3.2559e+01 -3.3704e-01
-2.6917e+00     0.0000e+00  0.0000e+00 -2.1502e+00 -4.0444e-02  2.9662e+01  3.3166e-01 -3.2598e+01 -3.3777e-01
-2.6833e+00     0.0000e+00  0.0000e+00 -2.9366e-01 -5.2936e-03  2.9662e+01  3.3166e-01 -3.2608e+01 -3.3796e-01
-2.6750e+00     4.1650e-02  9.3200e-04 -0.0000e+00 -0.0000e+00  2.9662e+01  3.3166e-01 -3.2609e+01 -3.3799e-01
-2.6667e+00     1.4742e-01  3.3429e-03 -0.0000e+00 -0.0000e+00  2.9663e+01  3.3168e-01 -3.2609e+01 -3.3799e-01
-2.6583e+00     2.6863e-01  6.1608e-03 -3.6440e-02 -3.0411e-04  2.9665e+01  3.3172e-01 -3.2609e+01 -3.3799e-01
-2.6500e+00     4.0528e-01  9.3856e-03 -8.0176e+00 -5.4761e-02  2.9668e+01  3.3178e-01 -3.2643e+01 -3.3822e-01
-2.6417e+00     7.8058e-01  1.9704e-02 -1.4787e+01 -1.1270e-01  2.9672e+01  3.3191e-01 -3.2738e+01 -3.3891e-01
-2.6333e+00     1.2254e+00  3.2049e-02 -1.2105e+01 -7.7668e-02  2.9681e+01  3.3212e-01 -3.2849e+01 -3.3971e-01
-2.6250e+00     1.6613e+00  4.4071e-02 -1.2480e+01 -8.2143e-02  2.9693e+01  3.3244e-01 -3.2952e+01 -3.4037e-01
-2.6167e+00     2.0883e+00  5.5770e-02 -1.5255e+01 -1.0901e-01  2.9708e+01  3.3285e-01 -3.3067e+01 -3.4117e-01
-2.6083e+00     2.5065e+00  6.7147e-02 -1.8419e+01 -1.1870e-01  2.9728e+01  3.3336e-01 -3.3207e+01 -3.4211e-01
-2.6000e+00     2.6525e+00  7.3151e-02 -1.2347e+01 -1.0745e-01  2.9749e+01  3.3395e-01 -3.3335e+01 -3.4305e-01
-2.5917e+00     2.6727e+00  7.6632e-02 -9.9564e+00 -1.0421e-01  2.9771e+01  3.3457e-01 -3.3428e+01 -3.4393e-01
-2.5833e+00     2.9465e+00  8.8557e-02 -7.5501e+00 -1.0673e-01  2.9795e+01  3.3526e-01 -3.3501e+01 -3.4481e-01
-2.5750e+00     3.1710e+00  1.0120e-01 -6.5969e+00 -9.8574e-02  2.9820e+01  3.3605e-01 -3.3560e+01 -3.4567e-01
-2.5667e+00     3.0833e+00  1.0274e-01 -4.8971e+00 -6.5161e-02  2.9846e+01  3.3690e-01 -3.3607e+01 -3.4635e-01
-2.5583e+00     3.1029e+00  1.0693e-01 -5.5416e+00 -7.2956e-02  2.9872e+01  3.3777e-01 -3.3651e+01 -3.4692e-01
-2.5500e+00     3.1785e+00  1.1263e-01 -6.1958e+00 -8.8723e-02  2.9898e+01  3.3868e-01 -3.3700e+01 -3.4759e-01
-2.5417e+00     3.2640e+00  1.1862e-01 -6.9384e+00 -1.0742e-01  2.9925e+01  3.3964e-01 -3.3754e+01 -3.4841e-01
-2.5333e+00     3.3595e+00  1.2488e-01 -7.7694e+00 -1.2904e-01  2.9952e+01  3.4066e-01 -3.3815e+01 -3.4939e-01
-2.5250e+00     3.7031e+00  1.4454e-01 -7.4884e+00 -1.3571e-01  2.9982e+01  3.4178e-01 -3.3879e+01 -3.5049e-01
-2.5167e+00     4.4476e+00  1.8504e-01 -7.2089e+00 -1.5169e-01  3.0015e+01  3.4315e-01 -3.3940e+01 -3.5169e-01
-2.5083e+00     4.7257e+00  1.9954e-01 -5.7641e+00 -1.3172e-01  3.0054e+01  3.4475e-01 -3.3994e+01 -3.5287e-01
-2.5000e+00     4.5034e+00  1.8808e-01 -6.1193e+00 -1.4668e-01  3.0092e+01  3.4636e-01 -3.4043e+01 -3.5403e-01
-2.4917e+00     4.3005e+00  1.7674e-01 -6.5420e+00 -1.8616e-01  3.0129e+01  3.4788e-01 -3.4096e+01 -3.5541e-01
-2.4833e+00     4.1170e+00  1.6550e-01 -7.2342e+00 -2.1810e-01  3.0164e+01  3.4930e-01 -3.4153e+01 -3.5709e-01
-2.4750e+00     4.1526e+00  1.5696e-01 -7.3460e+00 -2.2755e-01  3.0198e+01  3.5064e-01 -3.4214e+01 -3.5895e-01
-2.4667e+00     4.7179e+00  1.6367e-01 -7.2539e+00 -2.2533e-01  3.0235e+01  3.5198e-01 -3.4275e+01 -3.6083e-01
-2.4583e+00     5.0923e+00  1.6963e-01 -7.1974e+00 -2.2461e-01  3.0276e+01  3.5336e-01 -3.4335e+01 -3.6270e-01
-2.4500e+00     4.7936e+00  1.6427e-01 -6.1650e+00 -2.3440e-01  3.0317e+01  3.5475e-01 -3.4390e+01 -3.6461e-01
-2.4417e+00     4.5436e+00  1.6294e-01 -7.1120e+00 -2.9961e-01  3.0356e+01  3.5611e-01 -3.4446e+01 -3.6683e-01
-2.4333e+00     4.3257e+00  1.6477e-01 -7.0933e+00 -3.2283e-01  3.0393e+01  3.5748e-01 -3.4505e+01 -3.6942e-01
-2.4250e+00     4.0774e+00  1.6707e-01 -1.8938e+00 -9.1046e-02  3.0428e+01  3.5886e-01 -3.4542e+01 -3.7114e-01
-2.4167e+00     3.9037e+00  1.7127e-01 -6.6663e-01 -3.1676e-02  3.0461e+01  3.6026e-01 -3.4553e+01 -3.7165e-01
-2.4083e+00     3.9684e+00  1.8122e-01 -0.0000e+00 -0.0000e+00  3.0494e+01  3.6173e-01 -3.4556e+01 -3.7179e-01
-2.4000e+00     4.3498e+00  2.0801e-01 -0.0000e+00 -0.0000e+00  3.0528e+01  3.6335e-01 -3.4556e+01 -3.7179e-01
-2.3917e+00     3.3682e+00  1.7671e-01 -0.0000e+00 -0.0000e+00  3.0560e+01  3.6495e-01 -3.4556e+01 -3.7179e-01
-2.3833e+00     3.4651e+00  1.8536e-01 -0.0000e+00 -0.0000e+00  3.0589e+01  3.6646e-01 -3.4556e+01 -3.7179e-01
-2.3750e+00     3.0101e+00  1.6253e-01 -0.0000e+00 -0.0000e+00  3.0616e+01  3.6790e-01 -3.4556e+01 -3.7179e-01
-2.3667e+00     2.1827e+00  1.1849e-01 -1.5390e+01 -1.3711e-01  3.0637e+01  3.6907e-01 -3.4620e+01 -3.7236e-01
-2.3583e+00     1.3051e+00  7.1465e-02 -2.4858e+01 -2.5292e-01  3.0652e+01  3.6986e-01 -3.4787e+01 -3.7398e-01
-2.3500e+00     4.6534e-01  2.6105e-02 -2.5516e+01 -1.9646e-01  3.0659e+01  3.7027e-01 -3.4997e+01 -3.7585e-01
-2.3417e+00     1.5117e-01  8.4922e-03 -1.7675e+01 -1.3713e-01  3.0662e+01  3.7041e-01 -3.5176e+01 -3.7724e-01
-2.3333e+00     0.0000e+00  0.0000e+00 -1.7612e+01 -1.3661e-01  3.0662e+01  3.7045e-01 -3.5323e+01 -3.7837e-01
-2.3250e+00     0.0000e+00  0.0000e+00 -1.0134e+01 -3.4229e-02  3.0662e+01  3.7045e-01 -3.5438e+01 -3.7908e-01
-2.3167e+00     0.0000e+00  0.0000e+00 -0.0000e+00 -0.0000e+00  3.0662e+01  3.7045e-01 -3.5481e+01 -3.7923e-01
-2.3083e+00     0.0000e+00  0.0000e+00 -0.0000e+00 -0.0000e+00  3.0662e+01  3.7045e-01 -3.5481e+01 -3.7923e-01
-2.3000e+00     0.0000e+00  0.0000e+00 -0.0000e+00 -0.0000e+00  3.0662e+01  3.7045e-01 -3.5481e+01 -3.7923e-01
-2.2917e+00     0.0000e+00  0.0000e+00 -0.0000e+00 -0.0000e+00  3.0662e+01  3.7045e-01 -3.5481e+01 -3.7923e-01
-2.2833e+00     0.0000e+00  0.0000e+00 -0.0000e+00 -0.0000e+00  3.0662e+01  3.7045e-01 -3.5481e+01 -3.7923e-01
-2.2750e+00     0.0000e+00  0.0000e+00 -0.0000e+00 -0.0000e+00  3.0662e+01  3.7045e-01 -3.5481e+01 -3.7923e-01
-2.2667e+00     0.0000e+00  0.0000e+00 -0.0000e+00 -0.0000e+00  3.0662e+01  3.7045e-01 -3.5481e+01 -3.7923e-01
-2.2583e+00     0.0000e+00  0.0000e+00 -0.0000e+00 -0.0000e+00  3.0662e+01  3.7045e-01 -3.5481e+01 -3.7923e-01
-2.2500e+00     0.0000e+00  0.0000e+00 -0.0000e+00 -0.0000e+00  3.0662e+01  3.7045e-01 -3.5481e+01 -3.7923e-01
-2.2417e+00     0.0000e+00  0.0000e+00 -0.0000e+00 -0.0000e+00  3.0662e+01  3.7045e-01 -3.5481e+01 -3.7923e-01
-2.2333e+00     0.0000e+00  0.0000e+00 -0.0000e+00 -0.0000e+00  3.0662e+01  3.7045e-01 -3.5481e+01 -3.7923e-01
-2.2250e+00     0.0000e+00  0.0000e+00 -0.0000e+00 -0.0000e+00  3.0662e+01  3.7045e-01 -3.5481e+01 -3.7923e-01
-2.2167e+00     0.0000e+00  0.0000e+00 -0.0000e+00 -0.0000e+00  3.0662e+01  3.7045e-01 -3.5481e+01 -3.7923e-01
-2.2083e+00     0.0000e+00  0.0000e+00 -0.0000e+00 -0.0000e+00  3.0662e+01  3.7045e-01 -3.5481e+01 -3.7923e-01
-2.2000e+00     0.0000e+00  0.0000e+00 -0.0000e+00 -0.0000e+00  3.0662e+01  3.7045e-01 -3.5481e+01 -3.7923e-01
-2.1917e+00     0.0000e+00  0.0000e+00 -0.0000e+00 -0.0000e+00  3.0662e+01  3.7045e-01 -3.5481e+01 -3.7923e-01
-2.1833e+00     3.1592e-01  1.2310e-02 -0.0000e+00 -0.0000e+00  3.0664e+01  3.7050e-01 -3.5481e+01 -3.7923e-01
-2.1750e+00     6.5716e+00  2.5739e-01 -0.0000e+00 -0.0000e+00  3.0692e+01  3.7162e-01 -3.5481e+01 -3.7923e-01
-2.1667e+00     7.9604e+00  3.2319e-01 -0.0000e+00 -0.0000e+00  3.0753e+01  3.7404e-01 -3.5481e+01 -3.7923e-01
-2.1583e+00     1.0189e+01  4.1435e-01 -5.0019e-02 -1.7683e-03  3.0828e+01  3.7710e-01 -3.5481e+01 -3.7923e-01
-2.1500e+00     1.0264e+01  4.1226e-01 -1.4646e+01 -5.4113e-01  3.0913e+01  3.8054e-01 -3.5542e+01 -3.8149e-01
-2.1417e+00     9.3880e+00  3.8412e-01 -9.9906e+00 -3.4840e-01  3.0995e+01  3.8385e-01 -3.5644e+01 -3.8519e-01
-2.1333e+00     9.5843e+00  3.9878e-01 -9.6719e+00 -3.4625e-01  3.1074e+01  3.8711e-01 -3.5726e+01 -3.8808e-01
-2.1250e+00     9.0800e+00  3.8333e-01 -8.7821e+00 -3.2241e-01  3.1152e+01  3.9036e-01 -3.5803e+01 -3.9086e-01
-2.1167e+00     1.0258e+01  4.4880e-01 -7.5962e+00 -2.8704e-01  3.1232e+01  3.9383e-01 -3.5871e+01 -3.9340e-01
-2.1083e+00     1.1416e+01  4.9155e-01 -7.0022e+00 -2.7188e-01  3.1322e+01  3.9774e-01 -3.5932e+01 -3.9572e-01
-2.1000e+00     9.1741e+00  3.8297e-01 -6.7617e+00 -2.7116e-01  3.1408e+01  4.0137e-01 -3.5989e+01 -3.9798e-01
-2.0917e+00     6.1409e+00  2.3863e-01 -7.0126e+00 -2.9120e-01  3.1472e+01  4.0396e-01 -3.6046e+01 -4.0032e-01
-2.0833e+00     5.5747e+00  2.0630e-01 -7.7422e+00 -3.4042e-01  3.1520e+01  4.0581e-01 -3.6108e+01 -4.0295e-01
-2.0750e+00     5.6660e+00  1.9441e-01 -9.2694e+00 -4.2753e-01  3.1567e+01  4.0748e-01 -3.6179e+01 -4.0614e-01
-2.0667e+00     4.9847e+00  1.6802e-01 -9.7928e+00 -4.6022e-01  3.1611e+01  4.0899e-01 -3.6258e+01 -4.0984e-01
-2.0583e+00     2.5267e+00  8.3938e-02 -4.4618e+00 -1.8170e-01  3.1643e+01  4.1003e-01 -3.6317e+01 -4.1251e-01
-2.0500e+00     1.0485e+01  8.5545e-02 -3.8271e+00 -1.5948e-01  3.1697e+01  4.1074e-01 -3.6352e+01 -4.1393e-01
-2.0417e+00     2.7213e+01  2.2641e-01 -4.6856e+00 -1.8727e-01  3.1854e+01  4.1204e-01 -3.6387e+01 -4.1537e-01
-2.0333e+00     4.2860e+01  3.7971e-01 -3.6523e+00 -1.4423e-01  3.2145e+01  4.1456e-01 -3.6422e+01 -4.1675e-01
-2.0250e+00     1.3749e+01  1.1533e-01 -2.1064e+00 -8.2734e-02  3.2380e+01  4.1662e-01 -3.6446e+01 -4.1769e-01
-2.0167e+00     1.1488e+01  9.3966e-02 -1.4802e+00 -5.7568e-02  3.2485e+01  4.1749e-01 -3.6461e+01 -4.1828e-01
-2.0083e+00     1.6855e+01  1.4101e-01 -9.0667e-01 -3.4876e-02  3.2603e+01  4.1847e-01 -3.6470e+01 -4.1866e-01
-2.0000e+00     2.1013e+01  1.5505e-01 -3.8584e-01 -1.4659e-02  3.2761e+01  4.1970e-01 -3.6476e+01 -4.1887e-01
-1.9917e+00     2.6054e+01  1.7515e-01 -0.0000e+00 -0.0000e+00  3.2957e+01  4.2107e-01 -3.6477e+01 -4.1893e-01
-1.9833e+00     2.4047e+01  1.5605e-01 -0.0000e+00 -0.0000e+00  3.3165e+01  4.2245e-01 -3.6477e+01 -4.1893e-01
-1.9750e+00     1.8731e+01  9.5156e-02 -0.0000e+00 -0.0000e+00  3.3343e+01  4.2349e-01 -3.6477e+01 -4.1893e-01
-1.9667e+00     1.7981e+01  7.1729e-02 -0.0000e+00 -0.0000e+00  3.3496e+01  4.2419e-01 -3.6477e+01 -4.1893e-01
-1.9583e+00     1.3870e+01  4.5027e-02 -0.0000e+00 -0.0000e+00  3.3628e+01  4.2467e-01 -3.6477e+01 -4.1893e-01
-1.9500e+00     3.2948e+00  1.2308e-02 -0.0000e+00 -0.0000e+00  3.3700e+01  4.2491e-01 -3.6477e+01 -4.1893e-01
-1.9417e+00     0.0000e+00  0.0000e+00 -0.0000e+00 -0.0000e+00  3.3713e+01  4.2496e-01 -3.6477e+01 -4.1893e-01
-1.9333e+00     0.0000e+00  0.0000e+00 -0.0000e+00 -0.0000e+00  3.3713e+01  4.2496e-01 -3.6477e+01 -4.1893e-01
-1.9250e+00     0.0000e+00  0.0000e+00 -0.0000e+00 -0.0000e+00  3.3713e+01  4.2496e-01 -3.6477e+01 -4.1893e-01
-1.9167e+00     0.0000e+00  0.0000e+00 -0.0000e+00 -0.0000e+00  3.3713e+01  4.2496e-01 -3.6477e+01 -4.1893e-01
-1.9083e+00     0.0000e+00  0.0000e+00 -0.0000e+00 -0.0000e+00  3.3713e+01  4.2496e-01 -3.6477e+01 -4.1893e-01
-1.9000e+00     0.0000e+00  0.0000e+00 -0.0000e+00 -0.0000e+00  3.3713e+01  4.2496e-01 -3.6477e+01 -4.1893e-01
-1.8917e+00     0.0000e+00  0.0000e+00 -0.0000e+00 -0.0000e+00  3.3713e+01  4.2496e-01 -3.6477e+01 -4.1893e-01
-1.8833e+00     0.0000e+00  0.0000e+00 -0.0000e+00 -0.0000e+00  3.3713e+01  4.2496e-01 -3.6477e+01 -4.1893e-01
-1.8750e+00     0.0000e+00  0.0000e+00 -0.0000e+00 -0.0000e+00  3.3713e+01  4.2496e-01 -3.6477e+01 -4.1893e-01
-1.8667e+00     0.0000e+00  0.0000e+00 -0.0000e+00 -0.0000e+00  3.3713e+01  4.2496e-01 -3.6477e+01 -4.1893e-01
-1.8583e+00     0.0000e+00  0.0000e+00 -0.0000e+00 -0.0000e+00  3.3713e+01  4.2496e-01 -3.6477e+01 -4.1893e-01
-1.8500e+00     0.0000e+00  0.0000e+00 -0.0000e+00 -0.0000e+00  3.3713e+01  4.2496e-01 -3.6477e+01 -4.1893e-01
-1.8417e+00     0.0000e+00  0.0000e+00 -0.0000e+00 -0.0000e+00  3.3713e+01  4.2496e-01 -3.6477e+01 -4.1893e-01
-1.8333e+00     0.0000e+00  0.0000e+00 -0.0000e+00 -0.0000e+00  3.3713e+01  4.2496e-01 -3.6477e+01 -4.1893e-01
-1.8250e+00     0.0000e+00  0.0000e+00 -2.9592e+00 -1.6814e-01  3.3713e+01  4.2496e-01 -3.6490e+01 -4.1963e-01
-1.8167e+00     0.0000e+00  0.0000e+00 -1.0665e+01 -6.4125e-01  3.3713e+01  4.2496e-01 -3.6546e+01 -4.2299e-01
-1.8083e+00     1.4763e+01  7.4992e-01 -8.1036e+00 -4.9835e-01  3.3775e+01  4.2808e-01 -3.6625e+01 -4.2773e-01
-1.8000e+00     9.1958e+00  4.7884e-01 -1.0113e+01 -6.2570e-01  3.3874e+01  4.3319e-01 -3.6700e+01 -4.3241e-01
-1.7917e+00     1.2864e+01  6.4110e-01 -1.1367e+01 -6.9828e-01  3.3966e+01  4.3785e-01 -3.6790e+01 -4.3792e-01
-1.7833e+00     1.6408e+01  7.2470e-01 -1.4588e+01 -7.0714e-01  3.4088e+01  4.4353e-01 -3.6898e+01 -4.4376e-01
-1.7750e+00     1.7450e+01  6.7451e-01 -2.2809e+01 -9.9716e-01  3.4229e+01  4.4935e-01 -3.7053e+01 -4.5085e-01
-1.7667e+00     2.0631e+01  7.2903e-01 -1.5289e+01 -5.1042e-01  3.4387e+01  4.5519e-01 -3.7212e+01 -4.5712e-01
-1.7583e+00     1.4197e+01  4.3173e-01 -1.2318e+01 -4.3105e-01  3.4532e+01  4.6002e-01 -3.7326e+01 -4.6104e-01
-1.7500e+00     1.1073e+01  3.3529e-01 -1.0799e+01 -3.9617e-01  3.4637e+01  4.6321e-01 -3.7423e+01 -4.6448e-01
-1.7417e+00     9.7971e+00  2.8056e-01 -1.0019e+01 -3.4392e-01  3.4724e+01  4.6577e-01 -3.7509e+01 -4.6756e-01
-1.7333e+00     4.0213e+00  1.6113e-01 -4.0837e+00 -2.1844e-01  3.4781e+01  4.6761e-01 -3.7568e+01 -4.6990e-01
-1.7250e+00     5.1407e+00  2.1294e-01 -5.3649e+00 -2.8589e-01  3.4820e+01  4.6917e-01 -3.7607e+01 -4.7200e-01
-1.7167e+00     6.5042e+00  2.7385e-01 -6.5281e+00 -3.5613e-01  3.4868e+01  4.7119e-01 -3.7657e+01 -4.7467e-01
-1.7083e+00     1.2586e+01  5.4523e-01 -1.1745e+01 -6.7660e-01  3.4947e+01  4.7460e-01 -3.7733e+01 -4.7896e-01
-1.7000e+00     1.0579e+01  4.8144e-01 -1.2262e+01 -7.6608e-01  3.5044e+01  4.7887e-01 -3.7833e+01 -4.8496e-01
-1.6917e+00     9.5740e+00  4.7676e-01 -1.0358e+01 -6.8712e-01  3.5128e+01  4.8285e-01 -3.7927e+01 -4.9101e-01
-1.6833e+00     8.7022e+00  4.5116e-01 -8.2254e+00 -5.0258e-01  3.5204e+01  4.8671e-01 -3.8004e+01 -4.9596e-01
-1.6750e+00     7.8613e+00  3.8569e-01 -6.5976e+00 -4.2909e-01  3.5273e+01  4.9020e-01 -3.8066e+01 -4.9983e-01
-1.6667e+00     7.5228e+00  3.5771e-01 -6.4726e+00 -4.3394e-01  3.5337e+01  4.9329e-01 -3.8120e+01 -5.0342e-01
-1.6583e+00     8.7845e+00  4.0136e-01 -6.9862e+00 -4.5913e-01  3.5404e+01  4.9645e-01 -3.8176e+01 -5.0714e-01
-1.6500e+00     1.0520e+01  4.5681e-01 -7.4696e+00 -4.6841e-01  3.5485e+01  5.0002e-01 -3.8236e+01 -5.1100e-01
-1.6417e+00     1.4880e+01  5.7742e-01 -9.5039e+00 -5.0868e-01  3.5590e+01  5.0432e-01 -3.8307e+01 -5.1506e-01
-1.6333e+00     3.0443e+01  1.0901e+00 -2.1983e+01 -1.2141e+00  3.5779e+01  5.1125e-01 -3.8438e+01 -5.2223e-01
-1.6250e+00     2.0392e+01  4.6847e-01 -6.1331e+00 -2.5199e-01  3.5990e+01  5.1774e-01 -3.8555e+01 -5.2833e-01
-1.6167e+00     1.5325e+01  3.5088e-01 -4.0710e+00 -2.6308e-01  3.6139e+01  5.2115e-01 -3.8597e+01 -5.3047e-01
-1.6083e+00     1.8145e+01  5.0480e-01 -4.3914e+00 -3.4866e-01  3.6278e+01  5.2471e-01 -3.8632e+01 -5.3301e-01
-1.6000e+00     1.6504e+01  4.8263e-01 -7.3132e+00 -5.8465e-01  3.6422e+01  5.2881e-01 -3.8681e+01 -5.3690e-01
-1.5917e+00     1.7117e+01  4.3985e-01 -9.1410e+00 -7.5890e-01  3.6562e+01  5.3265e-01 -3.8749e+01 -5.4248e-01
-1.5833e+00     1.7313e+01  4.2489e-01 -9.7183e+00 -8.4887e-01  3.6705e+01  5.3625e-01 -3.8828e+01 -5.4917e-01
-1.5750e+00     1.4759e+01  5.1094e-01 -9.3979e+00 -8.6000e-01  3.6839e+01  5.4014e-01 -3.8907e+01 -5.5628e-01
-1.5667e+00     1.3413e+01  7.1988e-01 -9.1910e+00 -8.5110e-01  3.6956e+01  5.4526e-01 -3.8985e+01 -5.6340e-01
-1.5583e+00     1.2117e+01  8.4580e-01 -9.2603e+00 -8.8896e-01  3.7062e+01  5.5177e-01 -3.9061e+01 -5.7064e-01
-1.5500e+00     1.0099e+01  7.7543e-01 -9.9339e+00 -9.6568e-01  3.7155e+01  5.5852e-01 -3.9141e+01 -5.7835e-01
-1.5417e+00     1.0217e+01  8.5807e-01 -1.3143e+01 -1.2712e+00  3.7239e+01  5.6531e-01 -3.9237e+01 -5.8766e-01
-1.5333e+00     1.1169e+01  9.8454e-01 -1.1344e+01 -1.0971e+00  3.7328e+01  5.7298e-01 -3.9339e+01 -5.9751e-01
-1.5250e+00     1.4437e+01  1.3041e+00 -1.0680e+01 -1.0431e+00  3.7434e+01  5.8250e-01 -3.9431e+01 -6.0641e-01
-1.5167e+00     1.2272e+01  1.0843e+00 -8.9684e+00 -8.0045e-01  3.7546e+01  5.9243e-01 -3.9513e+01 -6.1408e-01
-1.5083e+00     1.2701e+01  1.2227e+00 -6.2061e+00 -4.8486e-01  3.7649e+01  6.0203e-01 -3.9576e+01 -6.1943e-01
-1.5000e+00     1.0717e+01  9.8972e-01 -4.5102e+00 -2.6356e-01  3.7747e+01  6.1123e-01 -3.9620e+01 -6.2254e-01
-1.4917e+00     6.1556e+00  3.5394e-01 -4.5539e+00 -2.2083e-01  3.7817e+01  6.1682e-01 -3.9658e+01 -6.2455e-01
-1.4833e+00     5.7859e+00  2.5637e-01 -4.8063e+00 -1.9674e-01  3.7867e+01  6.1936e-01 -3.9697e+01 -6.2629e-01
-1.4750e+00     6.0557e+00  2.3338e-01 -7.0085e+00 -3.5011e-01  3.7916e+01  6.2140e-01 -3.9746e+01 -6.2857e-01
-1.4667e+00     1.2798e+01  4.7081e-01 -2.2525e+01 -1.1601e+00  3.7994e+01  6.2433e-01 -3.9869e+01 -6.3485e-01
-1.4583e+00     1.5072e+01  5.0689e-01 -2.3128e+01 -1.1757e+00  3.8110e+01  6.2839e-01 -4.0059e+01 -6.4456e-01
-1.4500e+00     3.0952e+01  1.1978e+00 -2.2508e+01 -9.8335e-01  3.8302e+01  6.3548e-01 -4.0249e+01 -6.5354e-01
-1.4417e+00     4.0334e+01  9.4534e-01 -2.1731e+01 -7.2817e-01  3.8598e+01  6.4440e-01 -4.0433e+01 -6.6066e-01
-1.4333e+00     6.6207e+00  1.7802e-01 -4.9754e+00 -1.2427e-01  3.8794e+01  6.4907e-01 -4.0544e+01 -6.6421e-01
-1.4250e+00     6.1714e+00  1.4690e-01 -2.9444e+00 -6.7500e-02  3.8847e+01  6.5042e-01 -4.0577e+01 -6.6501e-01
-1.4167e+00     2.8477e+01  6.2077e-01 -3.8208e+00 -9.2493e-02  3.8991e+01  6.5362e-01 -4.0605e+01 -6.6567e-01
-1.4083e+00     3.8157e+01  8.3737e-01 -4.7597e+00 -1.2571e-01  3.9268e+01  6.5968e-01 -4.0640e+01 -6.6658e-01
-1.4000e+00     2.2283e+01  5.1536e-01 -5.8106e+00 -1.7281e-01  3.9520e+01  6.6531e-01 -4.0684e+01 -6.6782e-01
-1.3917e+00     1.3636e+01  1.9156e-01 -7.4163e+00 -2.2953e-01  3.9669e+01  6.6825e-01 -4.0739e+01 -6.6950e-01
-1.3833e+00     1.5027e+01  1.7086e-01 -9.3130e+00 -2.7246e-01  3.9788e+01  6.6976e-01 -4.0809e+01 -6.7158e-01
-1.3750e+00     8.9613e+00  1.5189e-01 -1.1752e+01 -3.1403e-01  3.9888e+01  6.7110e-01 -4.0897e+01 -6.7402e-01
-1.3667e+00     1.2429e+01  2.3685e-01 -1.2731e+01 -3.9083e-01  3.9977e+01  6.7272e-01 -4.0999e+01 -6.7696e-01
-1.3583e+00     1.3918e+01  2.7756e-01 -1.6709e+01 -5.3632e-01  4.0087e+01  6.7486e-01 -4.1121e+01 -6.8081e-01
-1.3500e+00     1.2589e+01  2.9259e-01 -1.8384e+01 -5.9524e-01  4.0197e+01  6.7723e-01 -4.1267e+01 -6.8552e-01
-1.3417e+00     1.5966e+01  4.2513e-01 -1.6004e+01 -5.2436e-01  4.0316e+01  6.8021e-01 -4.1410e+01 -6.9018e-01
-1.3333e+00     2.1716e+01  6.0739e-01 -1.5074e+01 -4.6808e-01  4.0472e+01  6.8451e-01 -4.1539e+01 -6.9430e-01
-1.3250e+00     1.0731e+01  3.0478e-01 -1.0701e+01 -3.1491e-01  4.0607e+01  6.8830e-01 -4.1646e+01 -6.9756e-01
-1.3167e+00     1.0523e+01  3.2217e-01 -6.1683e+00 -1.5418e-01  4.0696e+01  6.9091e-01 -4.1717e+01 -6.9951e-01
-1.3083e+00     1.1958e+01  3.4536e-01 -4.5731e+00 -9.5737e-02  4.0789e+01  6.9369e-01 -4.1761e+01 -7.0055e-01
-1.3000e+00     1.2010e+01  3.3373e-01 -4.6187e+00 -9.3770e-02  4.0889e+01  6.9651e-01 -4.1800e+01 -7.0134e-01
-1.2917e+00     8.8260e+00  2.1539e-01 -5.6464e+00 -1.0423e-01  4.0976e+01  6.9880e-01 -4.1842e+01 -7.0216e-01
-1.2833e+00     5.4440e+00  1.0297e-01 -7.4960e+00 -1.2460e-01  4.1035e+01  7.0012e-01 -4.1897e+01 -7.0312e-01
-1.2750e+00     4.9522e+00  8.8197e-02 -1.0098e+01 -1.6190e-01  4.1078e+01  7.0092e-01 -4.1970e+01 -7.0431e-01
-1.2667e+00     5.6421e+00  9.4800e-02 -1.1290e+01 -2.0175e-01  4.1122e+01  7.0168e-01 -4.2059e+01 -7.0582e-01
-1.2583e+00     6.6857e+00  1.0548e-01 -1.1971e+01 -2.5740e-01  4.1174e+01  7.0251e-01 -4.2156e+01 -7.0773e-01
-1.2500e+00     8.0269e+00  1.2068e-01 -1.2630e+01 -2.5209e-01  4.1235e+01  7.0345e-01 -4.2258e+01 -7.0985e-01
-1.2417e+00     1.9731e+01  3.5509e-01 -1.3383e+01 -2.4510e-01  4.1350e+01  7.0543e-01 -4.2366e+01 -7.1192e-01
-1.2333e+00     1.5520e+01  2.8611e-01 -1.4924e+01 -3.0955e-01  4.1497e+01  7.0810e-01 -4.2484e+01 -7.1423e-01
-1.2250e+00     1.9423e+01  3.4543e-01 -1.3607e+01 -2.7934e-01  4.1642e+01  7.1072e-01 -4.2603e+01 -7.1668e-01
-1.2167e+00     1.9200e+01  3.8139e-01 -1.2126e+01 -2.4565e-01  4.1803e+01  7.1375e-01 -4.2710e+01 -7.1886e-01
-1.2083e+00     1.1726e+01  2.5559e-01 -1.2576e+01 -2.3817e-01  4.1932e+01  7.1640e-01 -4.2813e+01 -7.2087e-01
-1.2000e+00     1.0542e+01  2.3304e-01 -1.5268e+01 -2.7429e-01  4.2024e+01  7.1843e-01 -4.2928e+01 -7.2300e-01
-1.1917e+00     1.5684e+01  2.9894e-01 -1.9886e+01 -3.3589e-01  4.2133e+01  7.2064e-01 -4.3075e+01 -7.2554e-01
-1.1833e+00     2.1135e+01  3.9488e-01 -1.7442e+01 -3.2908e-01  4.2286e+01  7.2353e-01 -4.3230e+01 -7.2831e-01
-1.1750e+00     1.8956e+01  3.8282e-01 -2.2481e+01 -4.4033e-01  4.2453e+01  7.2676e-01 -4.3396e+01 -7.3151e-01
-1.1667e+00     1.9923e+01  4.1450e-01 -1.5120e+01 -3.1798e-01  4.2615e+01  7.3008e-01 -4.3552e+01 -7.3466e-01
-1.1583e+00     1.9166e+01  3.7646e-01 -1.9639e+01 -3.9165e-01  4.2778e+01  7.3337e-01 -4.3697e+01 -7.3761e-01
-1.1500e+00     1.8904e+01  3.5916e-01 -1.7825e+01 -3.2809e-01  4.2936e+01  7.3643e-01 -4.3853e+01 -7.4061e-01
-1.1417e+00     1.8525e+01  3.4460e-01 -1.9897e+01 -3.8771e-01  4.3092e+01  7.3936e-01 -4.4010e+01 -7.4359e-01
-1.1333e+00     1.6404e+01  3.0123e-01 -1.7686e+01 -3.6481e-01  4.3237e+01  7.4205e-01 -4.4166e+01 -7.4672e-01
-1.1250e+00     1.1728e+01  1.9939e-01 -1.2473e+01 -2.5432e-01  4.3354e+01  7.4413e-01 -4.4292e+01 -7.4929e-01
-1.1167e+00     1.8561e+01  3.1833e-01 -1.4913e+01 -2.8865e-01  4.3480e+01  7.4628e-01 -4.4405e+01 -7.5155e-01
-1.1083e+00     2.9147e+01  4.8010e-01 -1.7544e+01 -3.3080e-01  4.3678e+01  7.4960e-01 -4.4541e+01 -7.5413e-01
-1.1000e+00     2.0049e+01  2.7846e-01 -2.2163e+01 -4.1813e-01  4.3883e+01  7.5276e-01 -4.4706e+01 -7.5724e-01
-1.0917e+00     1.9066e+01  2.7271e-01 -2.2533e+01 -4.6383e-01  4.4046e+01  7.5505e-01 -4.4892e+01 -7.6091e-01
-1.0833e+00     2.6332e+01  3.8725e-01 -1.5772e+01 -3.2349e-01  4.4235e+01  7.5780e-01 -4.5051e+01 -7.6419e-01
-1.0750e+00     3.5180e+01  5.2515e-01 -1.3725e+01 -2.7772e-01  4.4490e+01  7.6159e-01 -4.5174e+01 -7.6669e-01
-1.0667e+00     2.6919e+01  3.9197e-01 -1.2510e+01 -2.6478e-01  4.4749e+01  7.6541e-01 -4.5283e+01 -7.6894e-01
-1.0583e+00     2.1051e+01  3.2587e-01 -1.1636e+01 -2.6179e-01  4.4948e+01  7.6839e-01 -4.5383e+01 -7.7113e-01
-1.0500e+00     2.1169e+01  3.3336e-01 -1.4037e+01 -3.3644e-01  4.5124e+01  7.7113e-01 -4.5490e+01 -7.7362e-01
-1.0417e+00     3.3852e+01  4.5191e-01 -2.3958e+01 -5.2287e-01  4.5353e+01  7.7440e-01 -4.5648e+01 -7.7720e-01
-1.0333e+00     2.8656e+01  4.9005e-01 -1.9746e+01 -3.7352e-01  4.5613e+01  7.7832e-01 -4.5830e+01 -7.8093e-01
-1.0250e+00     2.1321e+01  3.8948e-01 -1.7435e+01 -3.3884e-01  4.5821e+01  7.8198e-01 -4.5985e+01 -7.8389e-01
-1.0167e+00     1.9899e+01  3.4337e-01 -1.4119e+01 -2.9548e-01  4.5992e+01  7.8503e-01 -4.6116e+01 -7.8653e-01
-1.0083e+00     2.1026e+01  3.3302e-01 -1.2262e+01 -2.5406e-01  4.6162e+01  7.8784e-01 -4.6226e+01 -7.8881e-01
-1.0000e+00     2.1351e+01  3.2602e-01 -1.0264e+01 -1.9780e-01  4.6339e+01  7.9058e-01 -4.6319e+01 -7.9069e-01
-9.9167e-01     1.6564e+01  2.6338e-01 -1.5030e+01 -2.8927e-01  4.6496e+01  7.9303e-01 -4.6424e+01 -7.9272e-01
-9.8333e-01     1.5529e+01  2.5364e-01 -1.8611e+01 -3.4641e-01  4.6630e+01  7.9518e-01 -4.6564e+01 -7.9536e-01
-9.7500e-01     1.7933e+01  2.5815e-01 -1.8892e+01 -3.7096e-01  4.6769e+01  7.9731e-01 -4.6720e+01 -7.9835e-01
-9.6667e-01     1.8883e+01  3.1221e-01 -1.8015e+01 -3.7809e-01  4.6922e+01  7.9968e-01 -4.6874e+01 -8.0146e-01
-9.5833e-01     1.8409e+01  3.4342e-01 -1.2464e+01 -2.3063e-01  4.7077e+01  8.0241e-01 -4.7001e+01 -8.0400e-01
-9.5000e-01     1.7346e+01  3.4094e-01 -1.3174e+01 -1.9925e-01  4.7226e+01  8.0526e-01 -4.7107e+01 -8.0578e-01
-9.4167e-01     1.5850e+01  3.0669e-01 -1.2982e+01 -1.9111e-01  4.7364e+01  8.0795e-01 -4.7216e+01 -8.0741e-01
-9.3333e-01     1.3598e+01  2.3728e-01 -1.1680e+01 -1.7743e-01  4.7487e+01  8.1022e-01 -4.7319e+01 -8.0894e-01
-9.2500e-01     1.6187e+01  2.3704e-01 -1.2905e+01 -2.0595e-01  4.7611e+01  8.1219e-01 -4.7421e+01 -8.1054e-01
-9.1667e-01     1.4489e+01  2.1399e-01 -1.6620e+01 -2.6899e-01  4.7738e+01  8.1406e-01 -4.7544e+01 -8.1251e-01
-9.0833e-01     1.6140e+01  2.3775e-01 -1.7302e+01 -3.0358e-01  4.7866e+01  8.1594e-01 -4.7685e+01 -8.1489e-01
-9.0000e-01     1.4175e+01  2.4498e-01 -2.1044e+01 -3.8570e-01  4.7992e+01  8.1795e-01 -4.7844e+01 -8.1776e-01
-8.9167e-01     1.6315e+01  3.0829e-01 -2.2683e+01 -4.3429e-01  4.8119e+01  8.2025e-01 -4.8026e+01 -8.2117e-01
-8.8333e-01     1.8614e+01  3.6903e-01 -1.8386e+01 -3.6592e-01  4.8264e+01  8.2307e-01 -4.8197e+01 -8.2450e-01
-8.7500e-01     1.9578e+01  4.0286e-01 -1.5665e+01 -3.1977e-01  4.8423e+01  8.2628e-01 -4.8339e+01 -8.2735e-01
-8.6667e-01     1.8212e+01  3.9352e-01 -2.1999e+01 -5.0100e-01  4.8580e+01  8.2959e-01 -4.8495e+01 -8.3077e-01
-8.5833e-01     1.4890e+01  3.2651e-01 -1.9620e+01 -4.2404e-01  4.8718e+01  8.3259e-01 -4.8669e+01 -8.3461e-01
-8.5000e-01     1.4446e+01  3.2029e-01 -2.0473e+01 -4.3684e-01  4.8840e+01  8.3528e-01 -4.8835e+01 -8.3820e-01
-8.4167e-01     1.8616e+01  4.0569e-01 -1.7001e+01 -3.7338e-01  4.8977e+01  8.3830e-01 -4.8991e+01 -8.4157e-01
-8.3333e-01     2.2313e+01  5.0441e-01 -1.5615e+01 -3.3256e-01  4.9147e+01  8.4209e-01 -4.9127e+01 -8.4450e-01
-8.2500e-01     1.7776e+01  4.1391e-01 -1.5510e+01 -3.3795e-01  4.9314e+01  8.4591e-01 -4.9256e+01 -8.4729e-01
-8.1667e-01     1.8184e+01  4.4153e-01 -1.4551e+01 -3.2113e-01  4.9464e+01  8.4946e-01 -4.9381e+01 -8.5003e-01
-8.0833e-01     1.7056e+01  3.6844e-01 -1.4346e+01 -3.1324e-01  4.9610e+01  8.5283e-01 -4.9502e+01 -8.5267e-01
-8.0000e-01     1.5821e+01  3.3045e-01 -1.7170e+01 -3.6223e-01  4.9747e+01  8.5574e-01 -4.9633e+01 -8.5548e-01
-7.9167e-01     1.4997e+01  3.0320e-01 -1.6724e+01 -3.4091e-01  4.9875e+01  8.5838e-01 -4.9774e+01 -8.5841e-01
-7.8333e-01     1.7923e+01  3.3554e-01 -1.9579e+01 -4.1619e-01  5.0012e+01  8.6103e-01 -4.9925e+01 -8.6156e-01
-7.7500e-01     1.8236e+01  3.7973e-01 -1.8521e+01 -3.7837e-01  5.0163e+01  8.6401e-01 -5.0083e+01 -8.6486e-01
-7.6667e-01     1.8871e+01  3.8833e-01 -1.8008e+01 -3.6673e-01  5.0317e+01  8.6720e-01 -5.0235e+01 -8.6796e-01
-7.5833e-01     2.0512e+01  4.0776e-01 -1.7463e+01 -3.3859e-01  5.0481e+01  8.7052e-01 -5.0383e+01 -8.7089e-01
-7.5000e-01     2.0417e+01  4.0497e-01 -1.7156e+01 -3.2503e-01  5.0651e+01  8.7390e-01 -5.0527e+01 -8.7365e-01
-7.4167e-01     1.9427e+01  3.8177e-01 -1.7456e+01 -3.2252e-01  5.0817e+01  8.7717e-01 -5.0671e+01 -8.7635e-01
-7.3333e-01     1.9148e+01  3.6955e-01 -2.8929e+01 -5.4811e-01  5.0977e+01  8.8029e-01 -5.0864e+01 -8.7997e-01
-7.2500e-01     1.6900e+01  3.3094e-01 -2.3445e+01 -4.7180e-01  5.1127e+01  8.8321e-01 -5.1082e+01 -8.8421e-01
-7.1667e-01     1.5706e+01  3.0493e-01 -1.9224e+01 -4.0778e-01  5.1263e+01  8.8585e-01 -5.1259e+01 -8.8787e-01
-7.0833e-01     2.4768e+01  5.3391e-01 -1.8709e+01 -3.8609e-01  5.1431e+01  8.8934e-01 -5.1417e+01 -8.9117e-01
-7.0000e-01     2.1986e+01  4.6321e-01 -1.8783e+01 -3.7325e-01  5.1626e+01  8.9349e-01 -5.1573e+01 -8.9433e-01
-6.9167e-01     2.0050e+01  3.7714e-01 -1.9057e+01 -3.5950e-01  5.1801e+01  8.9699e-01 -5.1730e+01 -8.9738e-01
-6.8333e-01     2.0791e+01  3.6803e-01 -2.1588e+01 -4.1747e-01  5.1970e+01  9.0009e-01 -5.1899e+01 -9.0061e-01
-6.7500e-01     2.1897e+01  3.6631e-01 -2.1211e+01 -3.8500e-01  5.2148e+01  9.0314e-01 -5.2077e+01 -9.0395e-01
-6.6667e-01     1.9758e+01  3.3897e-01 -1.6659e+01 -2.5328e-01  5.2321e+01  9.0607e-01 -5.2235e+01 -9.0661e-01
-6.5833e-01     1.9140e+01  3.1283e-01 -1.4758e+01 -2.2307e-01  5.2483e+01  9.0878e-01 -5.2365e+01 -9.0859e-01
-6.5000e-01     2.1478e+01  3.2590e-01 -1.5829e+01 -2.5016e-01  5.2652e+01  9.1144e-01 -5.2493e+01 -9.1056e-01
-6.4167e-01     1.7392e+01  2.5976e-01 -1.8452e+01 -2.8132e-01  5.2814e+01  9.1388e-01 -5.2635e+01 -9.1277e-01
-6.3333e-01     1.6343e+01  2.5097e-01 -1.9161e+01 -2.7373e-01  5.2954e+01  9.1600e-01 -5.2792e+01 -9.1508e-01
-6.2500e-01     1.6677e+01  2.4377e-01 -2.2229e+01 -3.0431e-01  5.3091e+01  9.1806e-01 -5.2964e+01 -9.1748e-01
-6.1667e-01     1.7173e+01  2.3997e-01 -2.1878e+01 -3.1553e-01  5.3232e+01  9.2007e-01 -5.3147e+01 -9.2006e-01
-6.0833e-01     1.8034e+01  2.4465e-01 -2.3059e+01 -3.4364e-01  5.3379e+01  9.2209e-01 -5.3334e+01 -9.2280e-01
-6.0000e-01     2.7657e+01  4.1368e-01 -2.4529e+01 -3.7603e-01  5.3569e+01  9.2483e-01 -5.3532e+01 -9.2579e-01
-5.9167e-01     2.2541e+01  3.2302e-01 -2.7735e+01 -4.3119e-01  5.3778e+01  9.2789e-01 -5.3750e+01 -9.2915e-01
-5.8333e-01     2.1466e+01  3.2431e-01 -2.6628e+01 -4.0905e-01  5.3961e+01  9.3058e-01 -5.3976e+01 -9.3265e-01
-5.7500e-01     2.5802e+01  4.0312e-01 -2.4648e+01 -3.8191e-01  5.4157e+01  9.3361e-01 -5.4189e+01 -9.3594e-01
-5.6667e-01     2.6139e+01  4.0597e-01 -2.1352e+01 -3.1677e-01  5.4373e+01  9.3698e-01 -5.4380e+01 -9.3884e-01
-5.5833e-01     2.4596e+01  3.8909e-01 -2.0695e+01 -2.9411e-01  5.4584e+01  9.4028e-01 -5.4555e+01 -9.4138e-01
-5.5000e-01     1.8023e+01  2.9698e-01 -2.1930e+01 -2.8713e-01  5.4762e+01  9.4314e-01 -5.4733e+01 -9.4380e-01
-5.4167e-01     1.6075e+01  2.5711e-01 -2.6679e+01 -3.2022e-01  5.4903e+01  9.4544e-01 -5.4935e+01 -9.4633e-01
-5.3333e-01     1.6202e+01  2.5431e-01 -3.0591e+01 -3.3904e-01  5.5038e+01  9.4757e-01 -5.5173e+01 -9.4907e-01
-5.2500e-01     2.0394e+01  3.2954e-01 -2.5432e+01 -2.9362e-01  5.5190e+01  9.5000e-01 -5.5406e+01 -9.5170e-01
-5.1667e-01     1.8163e+01  2.9023e-01 -2.4393e+01 -2.9259e-01  5.5350e+01  9.5258e-01 -5.5613e+01 -9.5414e-01
-5.0833e-01     1.8424e+01  2.9281e-01 -2.3101e+01 -2.7566e-01  5.5502e+01  9.5500e-01 -5.5811e+01 -9.5650e-01
-5.0000e-01     1.8899e+01  3.1025e-01 -2.5880e+01 -3.2379e-01  5.5658e+01  9.5751e-01 -5.6015e+01 -9.5900e-01
-4.9167e-01     1.8390e+01  3.0593e-01 -2.4754e+01 -3.1600e-01  5.5813e+01  9.6007e-01 -5.6225e+01 -9.6166e-01
-4.8333e-01     1.8666e+01  3.4145e-01 -2.1921e+01 -2.9728e-01  5.5967e+01  9.6277e-01 -5.6419e+01 -9.6421e-01
-4.7500e-01     2.1534e+01  4.5387e-01 -2.2437e+01 -3.1649e-01  5.6134e+01  9.6607e-01 -5.6604e+01 -9.6676e-01
-4.6667e-01     1.8715e+01  3.2317e-01 -2.4719e+01 -3.6144e-01  5.6302e+01  9.6931e-01 -5.6800e+01 -9.6958e-01
-4.5833e-01     1.9337e+01  3.1905e-01 -2.2383e+01 -3.0370e-01  5.6460e+01  9.7198e-01 -5.6996e+01 -9.7235e-01
-4.5000e-01     1.9117e+01  3.0870e-01 -2.3786e+01 -3.0412e-01  5.6620e+01  9.7459e-01 -5.7188e+01 -9.7488e-01
-4.4167e-01     2.1388e+01  3.2631e-01 -2.0506e+01 -2.6319e-01  5.6788e+01  9.7723e-01 -5.7372e+01 -9.7724e-01
-4.3333e-01     3.0410e+01  4.2915e-01 -2.5522e+01 -3.3329e-01  5.7004e+01  9.8037e-01 -5.7564e+01 -9.7972e-01
-4.2500e-01     2.3660e+01  3.2762e-01 -2.0408e+01 -2.8654e-01  5.7229e+01  9.8352e-01 -5.7755e+01 -9.8230e-01
-4.1667e-01     2.2843e+01  3.0447e-01 -2.0739e+01 -3.0255e-01  5.7422e+01  9.8615e-01 -5.7926e+01 -9.8475e-01
-4.0833e-01     1.9774e+01  2.6879e-01 -1.9451e+01 -2.9285e-01  5.7599e+01  9.8854e-01 -5.8093e+01 -9.8723e-01
-4.0000e-01     2.0576e+01  2.7499e-01 -1.8560e+01 -2.8348e-01  5.7767e+01  9.9080e-01 -5.8251e+01 -9.8962e-01
-3.9167e-01     2.1165e+01  2.8247e-01 -1.9821e+01 -3.0818e-01  5.7941e+01  9.9312e-01 -5.8411e+01 -9.9208e-01
-3.8333e-01     2.0966e+01  2.7459e-01 -2.0605e+01 -3.1843e-01  5.8116e+01  9.9543e-01 -5.8579e+01 -9.9469e-01
-3.7500e-01     1.8929e+01  2.4759e-01 -1.9540e+01 -2.9198e-01  5.8282e+01  9.9761e-01 -5.8746e+01 -9.9723e-01
-3.6667e-01     2.0322e+01  2.5901e-01 -2.0110e+01 -2.8410e-01  5.8445e+01  9.9971e-01 -5.8911e+01 -9.9963e-01
-3.5833e-01     2.9878e+01  3.9522e-01 -2.2730e+01 -3.2985e-01  5.8654e+01  1.0024e+00 -5.9089e+01 -1.0022e+00
-3.5000e-01     3.7531e+01  4.4507e-01 -2.2771e+01 -3.3215e-01  5.8935e+01  1.0059e+00 -5.9279e+01 -1.0049e+00
-3.4167e-01     2.9840e+01  3.1036e-01 -2.6963e+01 -3.5569e-01  5.9215e+01  1.0091e+00 -5.9485e+01 -1.0078e+00
-3.3333e-01     2.8381e+01  2.7957e-01 -2.6868e+01 -3.2810e-01  5.9457e+01  1.0115e+00 -5.9709e+01 -1.0106e+00
-3.2500e-01     2.9878e+01  2.7757e-01 -1.9389e+01 -2.3562e-01  5.9699e+01  1.0138e+00 -5.9902e+01 -1.0130e+00
-3.1667e-01     2.9866e+01  2.4551e-01 -1.7197e+01 -2.1177e-01  5.9948e+01  1.0160e+00 -6.0054e+01 -1.0148e+00
-3.0833e-01     2.4543e+01  1.8973e-01 -1.7016e+01 -2.1809e-01  6.0174e+01  1.0178e+00 -6.0196e+01 -1.0166e+00
-3.0000e-01     2.4447e+01  1.8946e-01 -2.2624e+01 -3.1280e-01  6.0378e+01  1.0194e+00 -6.0361e+01 -1.0188e+00
-2.9167e-01     2.2009e+01  1.8855e-01 -2.8767e+01 -3.8895e-01  6.0571e+01  1.0210e+00 -6.0575e+01 -1.0218e+00
-2.8333e-01     2.9199e+01  2.7613e-01 -2.4066e+01 -2.9753e-01  6.0784e+01  1.0229e+00 -6.0795e+01 -1.0246e+00
-2.7500e-01     2.8499e+01  2.8752e-01 -1.8895e+01 -2.2616e-01  6.1024e+01  1.0253e+00 -6.0973e+01 -1.0268e+00
-2.6667e-01     2.4506e+01  2.4486e-01 -1.6731e+01 -2.0412e-01  6.1245e+01  1.0275e+00 -6.1122e+01 -1.0286e+00
-2.5833e-01     1.9095e+01  1.9481e-01 -1.9318e+01 -2.3233e-01  6.1426e+01  1.0293e+00 -6.1272e+01 -1.0304e+00
-2.5000e-01     1.7851e+01  1.9849e-01 -3.1030e+01 -3.2910e-01  6.1580e+01  1.0309e+00 -6.1481e+01 -1.0327e+00
-2.4167e-01     2.0909e+01  2.3689e-01 -2.4744e+01 -2.7836e-01  6.1741e+01  1.0327e+00 -6.1713e+01 -1.0353e+00
-2.3333e-01     3.1299e+01  3.0771e-01 -2.1800e+01 -2.4789e-01  6.1958e+01  1.0350e+00 -6.1907e+01 -1.0375e+00
-2.2500e-01     2.1986e+01  2.3141e-01 -1.6530e+01 -1.8164e-01  6.2180e+01  1.0373e+00 -6.2066e+01 -1.0392e+00
-2.1667e-01     1.8765e+01  2.0252e-01 -1.5754e+01 -1.8146e-01  6.2349e+01  1.0391e+00 -6.2200e+01 -1.0407e+00
-2.0833e-01     1.6997e+01  1.8714e-01 -1.8032e+01 -2.2030e-01  6.2498e+01  1.0407e+00 -6.2341e+01 -1.0424e+00
-2.0000e-01     1.8578e+01  2.0699e-01 -2.8671e+01 -3.5000e-01  6.2646e+01  1.0423e+00 -6.2535e+01 -1.0448e+00
-1.9167e-01     2.7078e+01  2.9620e-01 -2.6155e+01 -3.0247e-01  6.2836e+01  1.0444e+00 -6.2763e+01 -1.0475e+00
-1.8333e-01     2.6259e+01  2.8467e-01 -2.1682e+01 -2.5922e-01  6.3058e+01  1.0468e+00 -6.2962e+01 -1.0498e+00
-1.7500e-01     2.3035e+01  2.5229e-01 -2.1895e+01 -2.6261e-01  6.3263e+01  1.0491e+00 -6.3144e+01 -1.0520e+00
-1.6667e-01     2.1491e+01  2.4406e-01 -2.5087e+01 -2.9447e-01  6.3448e+01  1.0511e+00 -6.3339e+01 -1.0543e+00
-1.5833e-01     2.0542e+01  2.4862e-01 -2.4736e+01 -2.5038e-01  6.3623e+01  1.0532e+00 -6.3546e+01 -1.0566e+00
-1.5000e-01     1.9987e+01  2.5386e-01 -2.0886e+01 -2.0860e-01  6.3792e+01  1.0553e+00 -6.3736e+01 -1.0585e+00
-1.4167e-01     2.2627e+01  2.7065e-01 -2.0754e+01 -2.2239e-01  6.3969e+01  1.0575e+00 -6.3909e+01 -1.0603e+00
-1.3333e-01     2.4344e+01  2.7273e-01 -1.9432e+01 -2.2962e-01  6.4164e+01  1.0597e+00 -6.4076e+01 -1.0622e+00
-1.2500e-01     2.7144e+01  3.0579e-01 -2.8698e+01 -3.8454e-01  6.4378e+01  1.0621e+00 -6.4277e+01 -1.0647e+00
-1.1667e-01     2.8037e+01  3.5808e-01 -3.4610e+01 -4.9297e-01  6.4608e+01  1.0649e+00 -6.4540e+01 -1.0684e+00
-1.0833e-01     2.2161e+01  2.9512e-01 -2.9033e+01 -4.5452e-01  6.4817e+01  1.0676e+00 -6.4805e+01 -1.0723e+00
-1.0000e-01     2.6696e+01  3.3989e-01 -1.9767e+01 -2.8612e-01  6.5020e+01  1.0702e+00 -6.5008e+01 -1.0754e+00
-9.1667e-02     2.6581e+01  3.2240e-01 -1.9427e+01 -2.6598e-01  6.5242e+01  1.0730e+00 -6.5171e+01 -1.0777e+00
-8.3333e-02     2.1803e+01  2.7307e-01 -1.9079e+01 -2.5481e-01  6.5443e+01  1.0755e+00 -6.5331e+01 -1.0799e+00
-7.5000e-02     1.8810e+01  2.3715e-01 -2.1113e+01 -2.9505e-01  6.5612e+01  1.0776e+00 -6.5498e+01 -1.0822e+00
-6.6667e-02     1.6445e+01  2.0995e-01 -2.4275e+01 -3.5774e-01  6.5759e+01  1.0795e+00 -6.5687e+01 -1.0849e+00
-5.8333e-02     1.4939e+01  1.8968e-01 -2.1615e+01 -2.8755e-01  6.5889e+01  1.0811e+00 -6.5878e+01 -1.0876e+00
-5.0000e-02     2.4820e+01  3.2579e-01 -2.1903e+01 -3.0544e-01  6.6054e+01  1.0833e+00 -6.6059e+01 -1.0900e+00
-4.1667e-02     2.7248e+01  4.7526e-01 -1.7947e+01 -2.4797e-01  6.6271e+01  1.0866e+00 -6.6225e+01 -1.0923e+00
-3.3333e-02     1.4089e+01  2.4369e-01 -1.5808e+01 -2.1223e-01  6.6443e+01  1.0896e+00 -6.6365e+01 -1.0942e+00
-2.5000e-02     1.5161e+01  2.3290e-01 -2.3017e+01 -2.8853e-01  6.6565e+01  1.0916e+00 -6.6526e+01 -1.0963e+00
-1.6667e-02     1.9555e+01  2.8462e-01 -2.7480e+01 -3.3547e-01  6.6709e+01  1.0937e+00 -6.6736e+01 -1.0989e+00
-8.3333e-03     2.8649e+01  3.7004e-01 -2.1988e+01 -2.4615e-01  6.6910e+01  1.0964e+00 -6.6942e+01 -1.1013e+00
